UniqueCount	AmbigCount
16	0
16	76
0	76
0	10
9	13
0	13
1	86
1	257
12	170
6	173
23	16
0	0
0	18
15	18
10	0
177	0
246	0
1	0
2	123
5	156
0	33
172	0
0	421
0	257
0	176
0	2
0	433
0	414
0	400
0	402
0	340
0	412
0	269
0	53
0	544
0	552
0	566
0	585
0	561
0	546
0	575
0	545
1	0
146	2
10	2
9	0
2	2324
0	3790
1	2673
9	3539
4	512
0	915
0	946
0	960
0	996
0	268
0	245
3	251
14	230
70	251
2	0
2	0
1	0
1	19
16	19
0	1
1	1
0	1
0	35
408	35
1370	0
35	45
9	37
4	25
0	9
13	6
10	29
2	29
15	83
7	56
2	50
0	32
39	0
7	0
0	1
12	0
1	0
3	0
2	0
6	0
3	79
8	79
30	0
1	0
28	0
0	0
7	0
2	0
83	0
328	0
0	31
40	312
24	343
162	0
0	114
18	130
271	130
359	0
678	0
0	3015
0	2913
0	3002
5	529
0	2896
0	3024
7	512
0	2935
0	2926
0	2985
22	0
8	0
4	0
2	0
3	0
3	4
6	23
34	23
1	254
202	254
149	0
4	5
1	5
181	49
0	49
0	39
16	46
2	8
5	4
21	67
143	206
81	273
3	0
1	503
10	869
26	869
14	0
893	47
6	49
282	53
131	53
17	3
2	0
5	0
5	0
2	0
9	0
0	7
1	7
4	3
11	3
0	19
260	19
115	2
21	461
6	373
10	1925
18	1445
4	480
6	359
0	480
2	1931
3	1921
6	385
471	0
11	0
3	8
2	8
0	2
0	134
0	84
0	67
0	139
0	76
0	132
1	4
19	0
0	72
108	72
75	0
2	359
47	362
0	5
0	2
173	1
0	1
20	0
4	6
85	1
4	22
5	891
0	887
9	704
1	708
2	27
12	53
26	53
0	6
0	3
0	2
1	6
0	0
0	4
2	4
0	6
4	1
0	7
1	4
0	3
0	6
3	5
0	3
5	1
6	2
3	9
1	1
1	6
0	10
0	7
27	1
40	3
2	152
16	159
0	29
0	64
0	69
0	68
3	6
0	64
9	8
0	9
0	65
0	49
0	85
0	84
0	47
0	63
0	59
3	42
6	9
0	46
15	0
2	1
8	0
90	0
72	0
0	77
1	77
26	0
3	37
9	37
2	33
1	2136
840	2139
4	3
43	0
0	149
0	284
0	271
0	288
0	295
0	291
0	275
0	301
0	278
0	308
5	0
27	0
2	2
2	530
4	1709
49	169
4	1518
0	1743
37	12
0	20
13	203
15	303
7	303
9	5
0	5
0	19
7	16
0	0
4	9
0	311
0	220
0	150
12	68
0	305
0	156
1	134
0	214
1	0
6	1
3	1
11	1
20	1
15	14
2	3
0	3
17	9
12	13
9	11
3	58
3	13
32	24
7	4
68	106
0	9
3	105
1	4
31	11
32	18
2	6
3	2
6	0
4	2
14	0
0	0
1	0
0	1
0	1
0	7
0	7
0	3
0	3
56	0
0	319
0	572
0	657
0	623
0	533
0	378
0	43
0	606
0	567
3	79
3	58
3	80
0	22
1	0
2	1
48	1
1	2
4	1
1	1
0	0
124	497
34	8
0	0
0	0
4	2
0	361
0	1
0	476
3	1
1	3
9	0
10	0
2	0
0	0
7	0
5	0
3	0
0	0
8	0
0	4
1	676
17	813
3	942
9	158
2	816
45	0
109	0
44	211
2	211
0	26
0	1479
0	1532
0	1587
0	1403
0	1511
0	1458
0	1255
0	1271
0	1440
0	1326
0	1218
0	1516
0	1250
0	1197
0	1408
0	253
0	253
5	0
13	0
43	0
19	1
0	1
123	0
0	36
2	36
172	3
2	3
225	3
0	66
0	348
22	346
0	10
1	327
0	167
23	214
8	10
0	128
65	128
3	5
4	0
0	0
6	0
0	0
3	50
12	50
270	234
3	45
0	209
118	20
149	1914
62	1914
10	749
11	267
8	267
75	2
151	1
67	0
129	0
188	0
13	0
2	118
275	0
0	118
2	3
3	13
2	80
0	593
0	659
4	402
1	36
9	49
0	594
217	3
0	653
13	0
22	1
0	1
52	0
6	0
5	0
1	0
1	0
2	0
3	0
7	0
9	0
275	2
3	26
0	237
1	1
0	227
24	254
0	1066
0	1393
0	524
2	44
0	1052
0	1106
16	229
0	213
0	350
9	0
0	23
0	23
0	21
0	13
1	23
1	26
0	24
0	21
10	15
2	24
1	26
0	20
0	26
1	2
0	23
5	26
18	589
25	634
45	543
38	675
1	2
9	115
0	115
0	24
1	26
8	14
0	23
19	41
8	17
3	2
0	0
2	0
6	0
2	30
7	30
0	10
5	10
2	0
0	0
39	0
3	0
84	0
14	31
0	31
0	504
10	504
2331	388
72	383
88	4
105	1569
350	1572
0	538
3	172
0	194
0	519
1	16
0	510
0	534
9	289
5	174
0	525
3	15
0	137
7	216
0	523
0	288
4	0
9	0
1	0
0	2
2	2
0	0
1	0
81	0
217	15
3	15
183	0
10	99
0	99
17	0
8	43
7	43
10	0
36	0
99	42
0	42
0	42
0	12
7	12
7	8
8	2
0	2
2	1
6	0
0	1134
1	1144
0	994
5	372
0	1031
0	1097
0	372
0	1165
0	1062
6	49
0	89
0	182
0	103
0	50
0	188
0	76
0	174
0	72
0	78
0	82
347	5
2	0
0	47
0	42
0	44
0	18
0	45
7	5
2	2
3	0
2	0
1	3
1	3
0	23
4	23
101	0
6	1
2	1
74	747
18	616
6	747
75	47
1	47
17	0
0	60
0	48
0	37
0	49
0	0
59	0
410	0
499	0
26	0
2	0
16	0
9	0
5	0
7	0
57	0
0	0
1	0
3	0
2	0
4	0
1	2
2	236
53	236
162	0
54	0
5	0
0	0
1	521
46	683
4	130
3	26
18	683
1	0
8	0
0	0
7	40
10	40
0	12
5	3
0	4
195	12
0	197
0	155
0	460
0	428
0	435
1	103
0	467
0	422
2	112
13	37
0	427
0	420
0	0
14	0
0	9
0	9
0	270
2	4
7	1
5	0
1	268
21	0
63	0
3	0
0	0
4	0
1	0
1	0
2	665
3	1559
11	3068
0	3015
266	3925
0	2948
0	2669
1	5
0	2602
0	695
8	0
0	1
3	1
1	209
1	618
32	826
18	266
37	266
0	0
498	6
86	944
1	689
16	837
28	614
0	941
227	0
257	0
5	0
76	0
2	0
3	21
5	12
3	7
2	42
0	33
2	1
2	5
4	0
83	7
2	8
0	81
0	32
0	36
0	122
0	127
1	196
18	137
0	274
0	220
11	231
0	262
2	316
7	195
0	186
0	163
0	2
0	36
0	24
0	28
1	17
0	1
0	16
2	8
0	28
0	1
6	2
6	0
1	0
15	0
12	0
3	0
31	0
2	0
0	124
58	131
1	7
4	13
132	13
397	34
2	1
4	34
2464	0
827	403
0	1561
143	1379
384	1076
1	97
430	0
0	161
0	1
7	1
5	172
17	376
7	229
0	467
6	4
13	4
7	0
3	0
108	0
3	0
1	0
1	0
3	0
1	0
1	0
2	0
0	0
18	0
51	54
13	54
19	0
7	45
18	45
18	58
4	5
0	12
2	12
0	358
0	178
3	179
0	237
0	348
0	299
0	240
0	246
9	21
0	184
1	105
2	92
1	123
1	123
4	1
59	1
0	5
217	0
602	0
347	0
8	0
0	31
0	31
5	1
4	0
3	0
16	41
2	8
2	41
1	110
0	441
0	377
3	409
0	361
65	414
0	421
2	80
308	0
2	0
1	0
0	0
0	0
20	9
1	9
6	0
15	296
298	296
591	0
1	178
0	1256
0	1269
0	1247
0	1279
0	1260
0	1258
0	1271
0	1268
0	1248
0	1261
0	1255
0	1266
2	137
169	1
25	0
10	0
1	6
7	0
12	0
2	5
1	0
4	0
1	668
302	604
0	667
173	15
5	668
7	24
6	0
17	11
148	0
3	81
0	188
0	307
0	342
0	2
0	342
0	377
0	98
0	467
0	432
2	0
12	5
1	5
1	176
0	176
10	13
25	13
7	0
31	1
10	5
1	0
1	8
1	3
1	59
0	6
1	6
2	58
0	0
3	7
10	1
0	0
0	0
4	0
0	144
0	467
0	288
0	611
21	216
0	6
22	10
0	10
187	0
7	113
1	113
9	48
109	0
15	76
3	77
10	77
14	0
0	59
67	198
35	198
0	49
0	113
0	103
0	83
0	6
0	93
322	0
19	0
13	0
5	0
6	0
29	0
3	0
9	0
1	0
0	52
3	1525
1	1687
0	1414
0	1281
0	546
5	1556
0	408
234	0
0	0
25	5
0	5
19	0
3	62
13	67
0	65
221	0
200	0
17	19
5	21
2	7
1	8
0	11
86	0
0	28
0	124
14	124
2	6
106	6
56	161
428	161
5	1
22	154
2	451
73	429
3	6
153	0
97	1
5	0
2	0
9	0
12	0
0	0
0	9
5	9
0	0
8	0
16	0
201	0
215	84
7	87
5	74
0	119
0	58
0	66
0	127
0	47
4	0
16	7
1	7
3	12
0	7
0	7
0	8
0	9
0	15
0	7
9	13
5	9
1	8
388	0
0	0
86	0
0	0
0	0
8	0
17	0
2	0
0	0
127	0
62	0
76	0
0	1
1	1
176	7
381	0
1	24
3268	24
38	0
1	0
9	0
2	0
4	3
2	3
207	0
136	0
155	0
0	1
23	384
7	350
0	355
4	355
10	11
0	75
0	221
3	0
0	196
0	201
0	216
0	1198
0	1631
0	560
2	756
23	26
3	1428
0	643
0	1589
0	1182
1	825
0	139
6	0
26	0
5	0
5	0
1	0
8	0
23	0
4	0
5	20
0	20
3	0
18	0
1	0
0	4
1	3
0	2
0	0
0	2
1	3
5	0
1	3
0	3
2	20
2	10
6	3
0	5
3	3
5	15
6	3
7	0
4	0
0	1
0	1
53	13
8	8
6	11
5	11
67	14
0	11
1	0
0	5
5	17
1	47
55	414
1	8
1	4
1	21
0	415
1	397
0	398
2	30
1	0
0	3
1	46
29	202
0	445
173	4
0	25
0	350
0	351
3	2
5	9
19	1
0	229
0	256
0	3
12	2
13	2
23	25
10	26
1	4
9	0
107	1
13	1
3	1
0	7
0	8
3	7
1	0
10	3
3	1
1	1
21	0
23	0
0	86
0	6
2	101
0	22
4	100
1	5
3	1
0	3
31	2
9	188
1	8
12	176
11	188
3	0
8	0
1	1
2	0
8	0
32	0
10	0
28	0
313	0
25	932
520	932
2	0
0	0
1	328
2	232
26	310
0	408
2	0
1	0
0	2
13	10
11	125
21	125
0	4
2	8
6	0
9	81
1	81
0	331
0	315
0	1070
0	1653
0	1669
0	1054
2	0
1	60
7	48
60	60
49	0
1	0
6	0
0	49
22	49
0	1
1	1
8	0
2	376
13	376
10	167
1603	0
307	70
65	87
20	87
24	68
70	68
90	70
15	0
0	0
2	0
1	0
1	0
0	0
0	4
6	4
12	0
0	684
38	685
1	1
11	0
3	0
2	0
5	0
191	0
176	0
320	0
2	0
1	0
196	0
79	0
94	0
349	1
374	1
533	1
2	1
954	8
0	8
35	1122
27	756
331	1122
158	0
53	0
2	0
122	0
49	0
209	5
1	5
24	0
81	0
35	0
1	3
720	47
1	44
199	0
367	0
189	0
10	86
1	91
208	91
0	2
43	0
3	49
37	49
1	83
139	516
44	516
4	179
22	505
16	192
1	117
218	192
3	149
10	149
0	105
0	106
1	106
10	1
137	0
3	0
1	0
7	0
0	0
2	0
0	2284
0	2243
0	20
2	2161
0	2258
0	2217
3	0
1	0
0	7
27	10
1	3
81	3
115	0
0	17
240	17
75	187
8	143
6	191
3	4
47	186
3	186
1	0
20	196
4	196
0	123
0	118
0	239
0	244
149	0
41	0
114	129
11	129
5	0
176	0
1	0
1	0
5	0
0	0
9	0
250	0
0	4
0	1
3	1
3	0
2	23
3	23
0	102
63	102
7	15
1	0
13	617
4	596
0	641
0	582
0	583
0	584
0	589
0	584
0	582
0	584
0	583
0	589
0	588
0	582
0	578
0	584
0	582
0	585
0	588
0	588
0	582
0	588
0	588
0	585
0	578
0	584
0	588
0	584
0	579
0	582
0	578
0	40
0	157
0	213
0	207
0	182
32	271
0	1
2	56
0	178
2	0
3	251
10	37
0	176
0	197
0	228
0	164
0	159
1	175
3	131
1	215
10	0
57	0
5	0
0	5
18	0
114	0
24	0
2	0
21	0
0	0
5	25
3	25
20	0
28	0
2	9
1	9
8	0
48	0
40	0
110	38
3	364
1	37
170	364
0	5
39	5
1	23
0	69
12	69
1	0
53	101
15	101
15	11
4	14
13	170
0	465
0	310
0	407
0	368
19	155
2	0
60	0
9	0
4	0
1	0
22	0
0	389
0	436
0	426
2	96
0	473
1	0
0	0
9	0
2	3
0	3
8	4
0	3
35	0
47	141
1	94
14	0
39	15
0	2
10	134
12	7
17	1
15	1
46	392
5	136
1	220
0	26
0	270
1	2
38	0
0	2
26	0
20	1
1	63
4	257
401	257
4	2
17	2
233	0
153	201
0	201
0	272
0	167
2	254
0	706
0	667
0	691
0	693
0	718
0	720
0	654
0	707
0	704
0	705
0	12
57	3
13	13
5	2
14	0
7	0
0	12
1	6
3	5
6	18
3	0
0	67
0	66
0	66
7	0
15	0
52	0
6	0
1	0
12	0
2	0
1	0
1	0
20	131
54	131
3	54
26	84
17	30
16	0
13	3
4	4
27	4
3	0
210	0
129	0
14	5
4	4
104	89
0	4
115	89
0	0
9	9
16	8
2	19
0	7
0	12
6	7
0	4
4	5
6	1
0	17
9	8
4	1
0	8
13	12
0	2
9	21
0	21
3	0
8	0
0	0
0	0
0	4
1	4
0	4
47	4
10	4
1	4
28	28
0	28
31	0
0	20
1	48
0	35
211	0
22	0
0	0
39	16
1	18
19	18
0	1
0	1
15	0
65	1
42	95
445	93
30	0
9	1
1	0
11	0
3	0
2	0
0	90
22	90
396	0
0	235
0	338
0	229
0	344
1	1
54	458
10	663
0	514
135	0
4	6
45	4
0	28
0	28
0	6
0	1
2	1
2	3
21	13
11	11
8	0
0	283
0	284
0	150
0	151
18	0
8	0
107	0
4	0
0	0
1	0
30	0
4	0
39	0
2	22
35	22
51	0
78	115
4	115
1	272
0	9
0	1153
0	1100
2	1066
1	1
0	1133
0	541
0	1107
0	32
0	543
0	1112
0	488
0	1110
0	1080
0	1131
0	1151
0	1105
0	1052
0	37
0	757
72	853
0	10
9	257
0	708
4	141
2	141
0	0
2	0
3	0
0	0
0	649
0	646
6	4
0	638
0	641
0	47
0	50
0	305
0	55
0	648
0	653
0	656
0	30
0	38
0	645
5	99
0	302
0	3
16	0
279	0
7	143
747	180
0	37
1	121
18	1911
0	1016
0	482
10	1945
2	210
0	0
0	56
0	475
14	303
0	550
67	1
5	0
0	29
52	731
1	1308
0	1299
0	1343
20	47
0	2
1	6
0	20
9	599
2	600
0	69
0	16
12	432
10	702
1	29
0	1311
23	124
1	0
1	0
19	0
5	0
5	0
36	0
0	25
33	25
33	45
1	45
1	57
0	5
0	7
0	121
0	350
34	405
0	386
0	157
0	365
15	148
20	400
7	148
0	329
334	57
0	399
0	124
0	114
4	108
0	409
0	1567
0	1559
4	1350
0	51
62	865
7	1
50	0
35	0
14	0
4	2
3	0
24	0
5	0
5	0
3	0
2	0
2	0
0	0
3	0
0	923
0	929
0	235
13	858
0	932
0	87
0	93
0	926
0	933
0	935
0	227
0	929
0	26
0	27
2	0
0	1937
0	1937
155	0
3	0
1	0
29	2
0	2
0	2
0	2
0	6
0	6
2	0
444	1
254	0
0	33
9	33
26	63
0	63
474	2
0	6
22	301
3	301
65	1007
2	730
17	1007
0	2
0	3
18	451
5	452
6	22
0	2
19	5
0	2
0	2
7	99
22	18
42	139
5	43
58	143
2	0
16	0
6	0
157	6
0	6
226	8241
1	2621
225	8034
2	2719
266	51
293	1
0	50
10	0
3	0
5	0
15	0
1	0
1	0
5	0
3	309
4	309
3	36
22	36
33	137
2	137
268	0
675	0
0	865
14	796
10	406
0	855
0	849
69	0
4	0
0	102
9	102
0	56
0	56
0	416
16	250
2	286
0	0
0	1
126	63
14	63
0	2
3	227
51	165
4	334
0	276
11	235
0	413
0	1299
80	155
4	1268
0	486
11	494
28	92
5	160
48	91
0	94
0	248
0	147
1	77
0	194
4	219
5	0
18	0
0	34
0	34
0	34
0	34
1	0
4	0
32	0
9	0
5	0
1	0
12	0
0	334
14	493
14	489
1	133
0	324
0	83
9	0
2	38
5	49
0	15
190	4
508	0
0	24
0	30
0	23
0	24
0	23
0	24
0	30
0	0
26	657
17	226
0	1
15	340
2	726
49	726
139	36
0	35
0	94
3	11
0	959
0	884
0	948
0	5
3	204
7	906
4	0
1	0
12	0
0	1
9	1
3	111
0	414
0	52
0	389
0	395
0	393
0	315
0	279
0	281
0	381
3	0
4	0
5	0
1	0
2	0
154	0
21	0
50	0
51	0
6	61
132	177
12	116
3	0
33	0
152	0
5	4
0	4
136	1
0	1
2	1
4	96
1	96
0	1
17	100
19	100
1	76
7	72
15	72
107	455
81	174
12	455
0	423
0	417
0	288
0	294
0	3
0	36
3	161
0	797
0	2374
0	931
0	2024
0	2383
0	895
0	1313
0	2338
0	940
0	806
0	1358
3	0
2	0
0	492
0	515
2	41
0	491
0	535
0	541
9	0
0	562
0	551
0	480
0	522
0	525
4	6
0	546
0	470
0	531
0	533
0	503
0	460
7	0
5	467
1783	467
164	82
3	0
383	0
34	0
1	0
28	0
2	3
2	5
5	1
1	4
277	0
0	55
1218	55
0	330
0	292
0	309
0	271
0	1072
0	2975
0	2961
10	14
0	2971
0	2985
0	2986
0	1328
0	2972
0	2962
0	2976
2	0
1	0
2	0
77	1
1	1
1	0
17	191
7	206
3	113
0	0
39	0
5	0
8	118
39	118
93	1
0	71
168	675
25	604
22	1
4	1
0	1
64	1
65	1
4	2
0	1
2	2
4	14
0	13
0	0
0	6
0	3
3	1
0	4
0	4
0	4
0	6
0	15
0	3
0	2
0	16
1	3
0	1
1	1
12	1
12	1
64	1
109	0
4	2
5	0
267	0
116	0
4	0
0	12
1	35
0	10
7	35
0	13
0	79
0	290
0	219
6	354
0	430
44	16
156	16
0	16
182	0
3	5
0	21
5	21
16	0
5	5
10	0
13	0
2	51
6	246
1	194
14	51
21	178
0	538
1	542
0	794
0	535
5	94
0	802
3	22
0	520
0	515
0	767
0	540
0	545
2	0
0	17
0	17
121	0
4	0
1	0
1	0
3	2
2	0
0	72
0	691
0	685
0	685
0	134
0	679
0	697
0	691
1	590
0	381
0	685
0	691
0	319
0	1
2	1
1	4
4	4
343	78
0	78
2	22
0	23
8	346
19	346
9	183
77	183
1	183
0	5
23	238
2	7
2	1
0	0
0	28
0	1115
0	863
0	805
0	1373
0	1057
0	1653
35	289
6	72
4	204
0	1613
0	1401
0	835
0	1075
5	204
0	72
2	20
69	54
12	42
192	230
0	5
0	15
1	0
1	0
2	0
0	81
13	81
3	0
10	0
65	0
96	49
143	49
2	6
16	6
1	0
196	22
0	17
44	530
11	182
286	1585
2	18
1027	961
26	32
3296	377
4	5
17	8
218	253
6	0
58	0
1	0
1	0
2	0
0	0
1	0
2	0
3	0
4	0
1	0
3	1
0	1
2	0
0	0
8	0
2	0
5	0
2	0
1	0
2	0
8	0
2	0
1	0
2	0
4	0
4	3
0	3
0	1
1	1
6	0
6	0
1	0
3	0
6	1
4	0
1	0
6	0
2	0
5	0
1	0
1	0
2	0
5	0
3	0
2	0
7	0
5	0
11	0
2	0
4	0
1	0
1	1
5	0
1	0
1	0
2	0
3	0
4	0
2	0
1	0
3	0
6	0
5	0
2	0
3	0
3	0
8	0
3	0
2	0
1	0
7	0
3	0
4	0
1	0
3	0
2	0
3	0
6	0
2	0
4	0
4	0
2	0
1	0
0	0
4	0
0	7
7	7
0	0
3	0
3	0
4	0
4	0
0	1
0	1
3	0
3	0
5	0
4	0
1	0
3	0
0	0
3	0
4	0
2	0
0	2
3	2
3	0
1	0
6	0
6	0
1	0
5	0
1	0
5	0
0	0
4	1
2	0
1	0
2	0
0	0
3	0
5	0
1	0
5	0
1	0
5	0
2	0
4	0
3	0
0	0
22	0
4	0
11	0
5	0
2	0
0	0
10	0
7	0
2	0
3	0
0	0
0	0
3	0
10	0
207	0
4	0
1	0
8	0
3	0
8	0
4	1
6	0
7	0
1	253
38	253
3	0
6	0
11	0
5	0
2	0
0	1
1	0
0	0
1	0
87	0
7	0
0	0
3	0
2	0
2	0
4	0
3	0
1	0
0	0
6	0
4	0
5	0
18	0
0	16
2	16
3	16
0	16
2	0
0	0
0	0
0	0
2	3
4	0
7	0
4	0
6	0
11	0
11	0
3	0
2	0
3	0
9	0
7	0
5	0
0	0
3	0
30	12
0	12
1	0
0	0
1	0
0	0
18	14
5	13
0	7
0	7
1	0
9	0
3	0
3	1
2	1
66	77
0	77
0	54
2	0
1	0
5	0
13	0
2	0
2	0
8	0
1	0
2	0
1	0
1	1
4	0
0	1
3	0
4	0
8	0
4	0
0	0
2	0
2	0
1	0
148	0
1	0
4	0
13	0
4	0
1	0
1	0
1	0
0	1
0	1
0	0
16	0
2	0
1	388
360	388
7	0
3	0
9	0
12	0
1	0
0	0
6	0
6	0
4	0
8	1
5	0
4	0
3	0
6	0
2	3
2	3
6	0
5	0
1	4
0	4
1	4
0	0
4	0
1	0
2	0
2	0
2	0
5	0
1	0
1	0
5	0
2	0
15	0
4	0
1	0
3	0
2	2
2	2
5	0
0	0
5	0
16	0
3	0
1	0
0	0
2	0
3	0
10	0
78	0
6	0
1	0
8	0
7	0
2	0
4	0
4	0
1	7
0	7
2	0
2	0
1	0
19	0
0	1
1	1
15	0
5	0
13	0
8	0
4	0
0	0
1	0
4	0
0	0
1	0
62	0
10	0
3	0
2	0
2	0
2	0
7	0
3	0
0	0
3	0
5	0
0	0
4	0
0	0
9	0
5	0
0	0
3	0
9	0
2	0
4	0
3	0
1	0
4	0
3	0
8	0
1	0
4	0
3	0
15	0
1	0
5	0
8	0
3	1
1	0
2	0
1	0
3	0
2	0
0	3
0	3
5	0
5	0
7	0
6	0
1	0
0	0
0	0
1	0
18	0
5	0
1	0
0	0
2	0
0	0
2	0
4	0
3	0
5	0
2	0
2	0
6	0
6	0
11	0
1	0
6	0
2	0
1	0
5	0
3	0
4	0
4	0
3	0
3	0
1	0
4	0
6	0
5	0
1	4
1	0
10	0
5	0
4	0
3	0
6	0
2	0
2	0
4	0
2	0
3	0
1	0
2	0
3	0
4	0
7	0
2	0
2	0
3	0
4	0
0	0
3	0
2	0
0	0
3	0
4	0
0	0
4	0
3	0
4	0
5	0
2	0
0	0
3	0
0	0
0	0
0	0
3	0
5	0
4	0
4	0
0	0
7	0
3	0
3	0
0	0
4	0
2	0
3	0
2	0
3	0
1	0
3	0
4	0
4	0
4	0
0	1
0	5
6	6
2	0
4	0
1	0
4	0
2	0
2	0
0	0
2	2
6	0
2	0
2	0
0	0
8	0
2	0
1	0
0	0
2	0
10	0
1	0
2	0
6	0
5	0
2	0
3	0
2	0
2	0
0	0
13	0
1	1
2	1
7	0
4	0
0	0
0	0
3	0
3	0
9	0
3	0
0	0
2	2
0	2
12	2
4	0
1	0
24	0
6	0
0	0
12	0
3	0
3	0
3	0
3	0
2	0
2	0
12	0
6	0
16	0
2	0
1	0
0	0
9	0
2	0
7	0
25	0
0	0
1	0
1	2
0	2
6	0
0	0
4	0
1	0
8	0
11	0
2	6
0	6
11	0
15	0
0	0
6	0
3	0
0	23
0	23
7	23
8	11
0	11
8	0
51	0
28	0
2	0
5	0
0	0
9	0
13	0
5	0
11	67
0	67
0	0
1	0
3	0
23	0
13	0
0	4
2	4
0	4
5	0
3	0
13	0
10	0
10	0
0	0
0	0
0	0
0	2
1	2
5	0
8	0
20	0
2	0
14	2
0	1
0	1
0	0
1	0
0	0
63	0
3	3
9	3
129	0
4	1
0	0
41	0
9	1
2	1
6	0
2	71
0	121
38	187
0	0
5	43
1	14
104	14
1	0
10	0
4	0
0	0
10	0
6	0
20	0
1	0
10	4
9	0
5	0
85	0
1	15
0	15
203	59
3	59
42	42
1	42
170	24
2	21
10	0
8	0
3	0
2	16
0	16
8	0
11	0
0	0
8	29
356	35
1	15
70	0
0	46
9	46
2	0
6	0
30	0
19	0
1	1
1	1
0	0
8	2
4	40
5	40
1	0
2	17
38	632
29	644
6	0
2	0
3	0
1	0
3	0
64	0
6	0
0	1
2	0
2	1
5	0
1	1
8	1
0	5
0	518
0	518
0	0
1	0
2	0
19	0
5	0
2	33
17	33
4	0
0	83
177	83
0	83
12	0
15	0
0	224
0	97
1	224
15	12
0	12
8	0
0	10
10	23
0	13
0	15
0	15
1	0
8	0
11	0
1	0
0	0
27	0
10	0
18	0
17	1
10	3
0	3
11	11
1	35
0	28
0	6
0	39
4	45
2	0
3	0
3	0
3	0
5	5
2	91
2	91
4	0
0	6
2	6
10	2
3	4
2	4
3	0
20	0
26	2
7	0
3	0
11	0
5	58
0	58
3	0
10	0
1	0
3	6
28	6
13	0
5	0
64	0
16	0
14	0
0	0
0	0
1	0
10	0
0	0
0	1
4	1
2	0
2	0
8	0
8	0
6	34
7	7
3	27
2	2
0	0
3	0
26	0
4	0
16	0
4	239
112	239
9	64
0	64
4	0
10	0
94	2
1	0
4	0
2	0
2	0
2	0
0	0
3	0
0	0
4	0
2	0
1	0
3	0
0	0
2	0
1	0
0	0
3	0
3	0
4	0
2	0
4	0
4	0
6	0
583	131
0	131
4	0
2	0
6	0
5	0
4	0
3	0
3	0
2	2
0	2
23	0
3	0
14	0
2	0
3	0
11	0
3	0
1	0
15	0
2	0
1	0
3	0
1	0
2	0
0	0
10	0
3	0
5	0
5	0
9	0
4	0
3	0
1	0
8	0
1	0
4	0
3	0
7	0
5	0
17	0
6	0
3	0
11	0
5	0
2	0
5	0
4	0
18	0
8	0
7	0
1	0
15	0
6	0
5	0
3	0
11	0
8	0
5	0
8	0
3	0
13	0
3	0
3	0
2	0
1	0
1	0
4	0
3	0
2	0
3	0
1	0
2	0
4	0
2	0
9	0
0	3
0	3
1	0
3	0
4	0
9	0
0	0
2	0
3	0
6	0
2	0
2	0
18	0
7	0
3	0
5	0
48	0
0	0
6	0
2	0
1	0
5	0
4	0
2	0
16	5
1	0
5	0
7	0
55	0
4	0
4	0
17	0
3	0
28	0
5	0
3	0
30	0
1	0
4	0
2	52
0	1
11	53
4	0
7	1
0	1
7	0
2	0
643	0
7	0
1	0
6	0
4	0
1	1
0	1
4	0
1	1
3	0
6	0
1	0
0	0
0	27
45	27
6	12
2	0
2	0
8	0
8	0
3	0
3	0
3	0
141	231
1	231
5	0
0	3
1	3
2	3
2	0
4	0
2	0
1	5
2	5
3	0
94	0
8	0
3	0
32	0
2	1
11	0
7	0
17	50
8	50
3	0
2	0
1	0
3	51
0	51
11	0
0	0
12	0
17	15
0	15
1	0
6	0
2	0
15	4
0	4
0	4
3	196
30	196
6	0
1	1
4	3
33	1
0	1
5	0
18	0
0	0
4	0
4	0
339	0
94	114
8	114
2	1
0	1
9	0
5	0
12	0
1	0
2	0
6	0
4	0
6	0
0	1
6	0
3	0
2	0
0	7
2	7
14	0
4	21
13	21
93	0
13	0
2	0
1	0
4	0
8	0
2	0
9	0
1	13
0	13
1	0
4	1
6	0
0	0
0	1
4	1
7	0
2	3
2	3
1	0
2	0
0	0
4	0
0	0
1	0
115	6
1	6
2	6
13	0
1	0
2	0
4	0
173	0
5	0
2	0
2	0
5	0
4	0
7	0
89	0
90	0
0	1
0	6
0	1
0	6
88	0
34	0
32	0
3	0
3	0
1	0
141	0
53	0
24	65
0	65
5	0
1	0
2	0
0	57
3	57
2	1
0	0
2	0
3	0
6	0
8	0
2	0
5	0
4	0
2	0
0	0
0	0
1	0
3	0
2	0
4	0
2	0
2	0
5	0
1	0
4	0
2	0
5	0
1	0
2	0
1	0
4	0
1	0
0	0
0	0
4	0
0	0
7	0
1	0
1	0
3	0
3	0
1	0
5	0
1	0
3	0
2	0
3	0
0	0
6	0
2	0
3	1
2	0
2	0
10	0
2	0
1	0
2	0
1	0
3	0
4	0
4	0
0	0
2	0
2	0
4	0
2	0
4	0
4	0
2	0
2	0
2	0
0	0
2	0
0	0
3	0
1	0
1	0
2	3
0	3
3	0
2	0
2	0
2	0
6	0
2	0
1	0
0	0
1	0
2	0
4	0
2	0
0	0
1	0
4	0
3	0
1	0
0	0
2	0
1	0
0	0
0	0
5	0
3	4
3	0
2	0
1	0
3	0
2	0
2	0
0	0
0	0
3	0
4	0
0	0
2	0
3	0
3	0
6	0
5	0
3	0
3	0
4	0
3	0
4	0
2	0
2	0
3	0
5	0
2	0
2	0
3	0
6	0
1	0
1	0
2	0
1	0
1	0
1	0
3	0
2	0
2	0
1	0
3	0
13	0
2	0
1	0
1	0
2	0
2	0
3	0
3	0
0	0
1	0
2	0
3	0
3	0
0	0
1	0
3	1
3	0
2	0
1	0
0	0
2	0
3	0
4	0
91	2
0	0
5	0
6	0
1	0
1	0
4	0
2	0
1	0
0	0
4	0
1	0
1	0
0	0
0	0
2	0
1	0
0	0
5	0
1	0
4	0
1	0
4	0
3	0
3	0
1	0
3	0
2	0
2	0
3	0
3	0
4	0
0	0
2	0
0	190
0	210
0	214
0	194
0	0
0	0
0	0
0	129
0	136
0	131
0	134
5	0
41	197
1	197
2	0
12	94
31	94
4	0
0	0
0	0
0	0
7	0
5	0
0	3
2	0
11	11
1	12
13	0
46	0
47	10
2	10
2	4
0	4
0	0
22	1
8	10
3	0
6	204
123	204
1	0
1	6
7	5
12	0
18	0
2	0
1	0
4	0
6	0
0	0
0	0
2	0
2	0
0	0
39	0
94	0
47	0
0	158
0	163
0	104
0	109
4	0
61	0
2	0
0	0
1	0
1	1
0	2
0	0
4	0
4	0
4	18
0	0
3	18
11	0
287	0
9	0
17	47
6	47
14	0
2	0
2	0
1	0
4	0
97	150
0	150
0	0
0	0
0	0
2	3
2	3
3	0
4	0
2	0
0	1
2	1
6	0
58	6
37	0
1	7
0	0
56	0
12	0
66	0
20	0
10	0
9	2
0	2
29	0
1	0
0	0
3	0
3	0
1	5
1	5
4	0
1	0
16	0
23	0
0	0
2	2
3	2
3	0
0	0
2	0
4	3
0	3
7	0
2	3
3	5
0	0
3	2
3	2
1	2
2	2
2	1
0	0
8	0
3	0
187	1
43	0
22	51
0	51
0	235
51	235
6	215
5	0
1	0
0	0
0	0
4	0
2	0
10	0
1	0
3	0
10	0
1	0
1	8
2	7
3	8
4	0
2	0
5	0
0	0
22	0
1	1
1	1
21	0
14	9
17	9
3	0
8	0
4	0
17	0
1	0
0	0
45	0
113	0
16	252
0	249
5	0
2	0
2	0
19	0
4	30
0	30
0	0
20	0
44	0
76	0
176	0
1	58
0	58
19	0
1	0
2	0
1	1
2	8
5	0
1	0
3	139
3	139
8	0
1	2
6	2
10	0
27	0
19	0
6	0
26	0
0	22
0	22
7	0
1	855
18	856
10	0
11	0
3	0
3	0
4	0
5	1
3	1
4	0
4	0
3	0
6	0
1	0
0	5
1	5
60	0
14	0
0	15
0	15
0	13
17	0
2	0
11	0
78	0
8	0
3	0
21	2
7	0
3	0
0	0
1	0
1	0
3	0
2	0
4	1
2	1
2	0
1	0
2	0
5	0
5	0
3	0
4	0
2	0
4	0
1	0
3	0
1	0
0	0
3	0
0	0
3	0
1	0
2	0
4	0
4	0
2	0
0	0
4	0
2	0
1	0
5	0
1	0
4	0
1	0
6	1
3	0
3	0
2	0
2	0
4	0
1	0
1	0
0	0
0	0
2	0
2	0
2	0
5	0
6	0
1	0
4	0
4	0
6	0
7	0
3	0
0	1
1	1
4	0
0	0
1	0
3	0
8	0
4	0
4	0
2	0
3	0
1	0
3	0
2	0
1	0
5	0
6	0
1	0
3	0
0	0
1	0
2	0
2	0
2	0
4	0
0	0
2	0
2	0
5	0
1	0
5	0
2	0
1	0
4	0
1	0
5	0
3	0
7	0
5	0
32	1
0	1
5	0
2	0
1	0
11	86
64	86
5	0
3	0
5	0
4	0
41	0
8	0
0	0
2	0
0	1
14	1
1	0
7	0
14	0
7	0
108	0
3	0
4	7
0	7
0	2
0	0
5	0
3	0
6	0
2	0
1	0
1	7
11	7
39	240
0	226
0	0
0	14
0	2
1	2
6	0
3	0
7	0
2	1
9	1
4	0
31	0
5	0
2	0
8	0
3	0
6	0
4	0
3	0
0	0
3	0
3	0
5	0
3	0
4	0
6	0
3	0
0	0
1	0
2	0
1	0
3	0
9	0
35	0
14	0
5	0
102	0
30	0
12	0
12	0
6	0
3	0
7	0
8	0
4	0
16	0
86	0
56	0
3	0
4	0
7	0
3	0
3	0
19	1
5	0
1	0
6	0
2	0
29	0
1	0
24	0
2	0
7	0
9	0
33	0
9	0
1	0
9	60
8	60
3	0
2	0
1	0
4	1
3	0
2	0
0	0
1	0
3	0
2	0
2	0
6	0
2	0
1	0
2	0
3	0
3	0
1	0
2	0
1	0
0	0
2	0
2	0
2	0
1	0
1	0
2	0
1	0
3	0
3	0
2	0
2	0
2	0
5	0
2	0
2	0
2	0
3	0
1	0
0	0
3	0
1	0
2	0
1	0
1	0
3	0
3	0
5	0
0	1
3	0
1	1
1	0
3	0
1	0
0	0
1	0
1	0
0	0
2	0
3	0
0	0
0	0
4	0
1	0
2	0
1	0
0	0
0	0
3	0
4	0
2	0
1	0
2	0
2	0
3	0
2	0
3	0
2	0
2	0
4	0
1	0
0	0
2	0
2	0
2	0
0	0
2	0
2	0
4	0
3	0
2	0
1	0
3	0
1	0
1	0
8	0
3	0
7	0
0	1
1	0
3	0
11	0
10	0
12	3
23	0
3	0
7	0
1	0
0	0
6	0
1	0
0	0
4	0
3	0
5	0
6	0
2	0
1	0
5	0
3	0
3	0
6	3
2	0
11	0
1	0
6	0
1	0
4	0
0	0
2	0
0	0
4	0
8	0
2	0
1	0
9	0
0	0
7	0
4	1
37	0
4	0
6	0
0	0
1	0
2	0
0	5
6	5
4	0
20	40
0	40
2	0
2	0
2	0
2	0
4	0
1	0
6	1
1	0
5	0
4	0
5	0
9	0
4	0
6	0
6	0
4	0
7	0
3	0
0	0
2	1
0	0
6	0
4	0
3	0
3	0
2	0
1	0
17	0
3	0
4	0
7	0
9	0
16	0
4	0
3	0
1	0
3	0
0	0
2	0
5	0
3	6
0	6
3	0
6	0
11	0
2	0
6	0
0	1
8	0
4	0
244	0
2	0
3	0
2	0
1	92
3	92
5	42
2	42
4	0
4	0
16	0
2	0
1	0
4	0
3	0
5	0
14	0
3	0
0	0
3	0
2	0
5	0
6	0
5	0
2	0
3	0
220	5
1	2
2	2
7	0
3	0
1	0
2	0
7	0
8	0
47	27
0	27
10	0
1	3
93	0
15	0
3	0
2	0
2	0
1	5
0	5
3	0
2	0
8	0
4	0
0	0
14	0
10	0
1	11
7	11
3	0
2	0
2	0
6	0
1	0
1	0
40	1
12	0
12	0
5	0
0	82
5	82
9	0
1	0
6	0
9	0
2	0
7	0
13	0
0	0
0	0
6	0
6	0
1	0
7	2
4	0
7	0
3	0
0	0
4	0
2	0
3	0
3	1
3	0
4	0
3	0
2	0
3	5
2	0
6	0
6	0
1	0
3	0
1	0
2	0
0	0
2	0
4	0
1	0
0	0
3	0
1	0
2	0
7	4
4	0
1	0
3	0
0	0
3	0
2	0
5	0
2	0
2	0
4	0
3	0
5	0
2	0
1	0
0	0
3	0
3	0
5	0
6	0
6	0
1	0
7	0
1	3
0	3
0	3
3	0
7	0
1	0
2	0
5	0
1	0
2	0
1	0
3	0
8	0
1	0
1	0
4	0
6	0
4	0
1	0
3	0
0	0
5	0
2	0
2	0
3	0
1	0
3	0
4	0
1	0
2	0
5	0
2	0
1	0
0	5
7	5
5	0
2	0
2	2
3	0
2	0
2	1
3	0
2	0
3	3
0	3
4	0
0	0
2	0
2	0
4	0
3	15
0	16
2	0
4	0
13	0
0	0
5	0
4	0
6	0
2	0
4	0
4	0
7	0
6	0
1	1
9	1
5	0
9	0
2	0
0	0
0	0
1	0
10	0
2	0
12	0
1	0
0	0
5	0
2	0
12	68
0	68
4	0
6	0
4	0
7	0
4	0
2	1
3	1
1	0
8	0
0	0
2	0
7	0
6	0
8	0
3	0
0	0
4	0
1	0
1	0
4	0
0	0
76	41
0	41
2	0
5	0
2	16
7	16
2	0
24	5
8	0
12	0
0	0
1	0
6	0
5	0
0	0
5	0
1	0
2	0
5	0
1	0
2	0
8	0
2	0
4	0
2	0
3	0
1	0
0	0
1	0
4	1
3	0
4	0
0	0
4	0
0	0
4	0
3	0
3	0
5	0
5	0
0	0
1	0
3	0
1	0
4	0
5	0
1	0
4	0
2	0
1	1
4	0
1	0
4	0
6	0
2	0
3	0
2	0
3	0
6	0
4	0
3	0
3	0
3	0
0	0
0	0
2	0
6	0
5	0
1	0
3	0
3	0
2	0
4	0
0	2
5	2
2	0
3	0
1	0
2	0
1	0
2	0
1	0
2	0
2	0
3	0
7	7
1	0
3	0
2	0
4	0
1	0
3	0
1	0
1	0
2	0
1	0
3	0
3	0
5	0
3	0
5	0
2	0
0	0
3	0
2	0
4	0
1	0
3	0
1	0
0	1
3	1
4	0
1	1
1	1
1	0
21	0
66	18
0	18
2	0
3	0
2	0
12	0
11	0
13	0
6	0
4	0
12	0
2	0
4	0
5	0
1	0
1	0
2	0
0	0
2	0
3	1
3	0
1	0
1	0
8	2
0	2
5	0
4	0
3	0
4	0
6	0
3	0
63	0
4	0
4	0
86	0
1	0
3	0
1	0
1	0
5	0
0	0
10	0
33	0
3	0
7	0
2	0
5	0
2	0
2	1
3	0
3	0
0	0
3	0
18	0
9	0
8	0
2	0
4	0
4	0
3	0
4	0
2	0
4	0
1	0
2	0
1	0
17	0
1	0
2	0
1	3
4	3
8	0
17	0
7	0
4	0
5	0
4	0
4	0
6	0
27	0
77	0
89	0
5	0
5	0
2	0
1	0
11	0
3	0
2	0
3	0
6	0
1	0
7	0
6	0
3	0
2	0
5	0
3	0
8	0
10	0
12	0
2	0
5	0
2	0
1	0
2	0
1	1
3	0
2	0
7	0
1	0
3	0
1	0
9	0
3	0
1	0
3	0
3	0
2	0
2	0
2	0
4	0
3	0
2	0
1	0
4	0
1	0
2	0
2	0
3	0
1	0
2	0
4	0
2	0
1	0
12	0
3	0
1	0
4	0
2	0
1	0
5	0
4	0
2	0
0	0
5	0
2	0
1	0
1	0
3	0
1	0
4	0
2	0
2	0
1	0
1	0
2	0
3	0
3	0
1	0
3	0
1	4
4	0
6	0
4	0
3	0
2	0
0	0
1	0
1	0
4	0
2	0
2	0
2	0
3	0
0	0
1	0
7	0
2	0
1	0
3	0
2	0
4	0
2	0
3	0
5	0
5	0
0	0
2	0
2	0
7	0
5	1
4	0
2	0
1	0
1	0
4	0
5	0
4	0
3	0
3	0
1	0
6	0
0	0
4	0
1	0
5	0
0	0
2	0
3	0
5	0
2	0
3	0
3	0
2	0
1	0
4	0
4	0
10	0
0	0
0	0
2	0
1	0
0	0
3	0
3	0
1	0
2	0
4	0
6	0
5	0
5	0
1	0
4	1
2	0
1	0
8	0
8	0
2	0
3	0
2	0
1	0
4	0
2	0
4	0
0	0
2	0
5	0
7	0
3	0
2	0
3	0
4	0
4	0
5	0
5	0
2	0
7	0
1	0
2	0
6	0
3	0
5	0
3	0
8	0
6	0
5	0
3	0
3	0
4	0
5	0
3	0
4	0
4	0
3	0
2	0
2	0
3	0
3	0
3	0
2	0
2	0
2	0
6	0
16	0
2	0
9	0
4	0
2	0
5	0
2	0
2	0
4	0
4	0
2	0
3	0
2	0
6	0
3	0
3	0
0	0
1	0
1	0
4	0
9	0
2	0
1	0
3	0
4	0
0	0
4	0
4	0
3	0
3	0
2	0
2	0
2	0
3	0
2	1
5	0
1	0
2	0
3	0
2	0
3	0
0	0
1	0
7	0
1	0
5	0
5	0
4	0
4	0
3	0
3	0
0	0
5	0
3	0
0	0
1	0
4	0
0	0
2	0
2	0
7	0
3	0
6	0
1	0
8	0
2	0
2	6
1	6
0	0
1	3
23	0
3	0
5	0
4	0
0	19
0	19
1	0
1	1
0	1
7	0
2	0
9	0
1	0
2	0
0	0
3	0
5	0
3	0
7	0
6	0
4	0
9	0
5	0
0	0
2	0
4	0
178	0
5	0
0	0
3	0
0	0
7	0
3	0
3	0
6	0
5	0
8	0
4	0
4	11
2	11
4	0
4	0
5	0
4	0
3	0
1	5
1	5
6	0
24	0
2	0
7	0
6	0
30	0
19	0
8	1
4	0
1	10
5	10
5	0
6	0
10	0
5	0
2	0
16	1
0	1
5	0
3	4
0	4
4	0
0	0
4	0
3	0
2	0
2	0
18	0
5	0
3	0
79	154
1	154
66	0
5	0
7	0
6	0
15	0
3	0
1	0
0	0
4	0
1	0
8	0
2	0
5	0
3	0
0	6
0	6
12	30
0	31
37	0
5	0
2	0
3	0
0	0
16	0
4	0
1	0
3	0
13	0
0	0
2	0
4	0
22	0
9	0
4	0
4	9
1	9
4	0
0	0
2	0
1	0
4	0
3	0
3	0
3	0
2	0
4	0
0	0
2	0
0	0
3	0
0	0
0	0
4	0
0	0
4	0
2	0
10	0
1	0
3	0
2	0
2	0
6	0
3	0
3	0
3	0
3	0
0	4
0	4
4	0
1	0
4	0
6	0
2	0
1	0
1	0
4	0
3	0
2	0
5	0
0	0
4	0
0	0
2	0
1	0
3	0
1	0
1	0
7	0
5	0
4	0
4	0
5	0
4	0
3	0
7	0
12	0
2	0
5	0
3	0
3	0
3	0
1	1
0	0
1	0
2	0
1	0
6	0
1	0
5	0
3	0
7	0
3	0
3	0
7	0
1	0
2	0
3	0
4	0
3	0
3	0
1	0
3	0
4	0
3	0
2	0
2	0
0	0
5	0
4	0
4	0
2	0
1	0
3	0
1	0
0	0
8	0
1	0
4	0
4	0
10	0
3	0
5	0
1	0
3	0
6	0
4	0
1	1
0	1
4	2
0	0
2	0
1	0
2	0
3	0
4	0
3	0
11	0
8	0
2	0
21	0
0	0
2	4
7	4
4	0
1	0
13	0
1	0
5	0
4	0
2	0
1	0
1	0
3	0
7	0
7	0
0	0
3	0
2	0
7	0
2	0
0	0
1	0
4	0
0	0
0	0
9	0
3	0
3	0
4	0
2	0
2	0
1	0
5	0
3	0
1	0
14	0
1	0
0	0
3	0
8	0
5	0
9	0
3	0
3	0
1	0
8	0
3	0
2	0
1	0
5	0
0	0
8	0
4	0
0	0
5	0
4	0
2	0
4	0
0	0
0	0
2	0
1	0
3	4
3	4
1	0
0	0
14	0
1	0
2	0
2	1
17	0
5	1
2	0
3	0
0	0
4	0
44	0
0	2
2	2
22	0
1	0
0	0
1	0
0	0
3	0
5	0
4	0
1	1
3	0
3	0
236	1
0	1
1	0
8	49
153	0
0	49
1	0
31	4
350	0
83	0
0	0
46	467
6	467
0	0
42	0
8	62
4	62
2	0
1	0
0	46
19	46
163	0
1	0
22	761
1	705
9	745
0	157
2	54
0	229
3	217
0	78
35	0
7	42
0	42
2	39
11	130
22	304
0	174
3	0
2	27
15	3
3	29
0	3
1	2
4	3
0	1
0	3
2	3
0	134
0	136
1	136
21	57
42	233
5	176
4	37
27	0
61	0
0	0
14	201
1	201
70	0
2	1
179	0
31	0
1	0
17	2201
2434	8522
20	6321
7	0
0	154
51	154
2	0
34	110
4	110
148	137
6	137
2	0
15	0
7	0
803	967
1	967
1	0
294	4
0	6
8	0
0	38
0	74
0	83
1	34
0	47
26	0
1	144
2	144
0	8
6	0
21	140
13	140
0	56
117	411
35	411
3	106
17	106
0	172
8	369
4	333
61	388
1	255
0	148
5	0
1	128
0	265
6	260
2	47
3	0
0	139
0	561
427	700
22	0
10	0
151	1081
2	234
0	857
19	857
2	159
0	0
0	0
114	0
7	91
246	91
0	49
0	0
3	60
134	60
0	0
1	0
57	0
22	0
684	78
0	78
159	0
93	0
45	0
15	1
171	0
89	1
122	0
1	0
0	0
1	92
31	92
1	2
0	2
16	0
0	4
1	4
0	126
36	126
1664	0
4	0
2	0
0	0
1	0
36	0
55	53
3	47
1	6
69	9
0	9
5	28
0	71
9	71
2	0
1	0
2	0
1	21
0	178
202	178
181	51
26	51
1	0
5	0
4	0
0	0
47	0
0	0
1	0
0	0
97	0
3	0
2	0
9	2
75	0
5	0
19	0
0	45
12	45
789	0
324	109
1	109
2	1
8039	6
1	1
82	23
0	23
45	4
206	111
0	4
0	107
333	1
223	0
18	0
197	0
7	7
0	6
41	1
0	11
0	19
0	16
0	1
0	4
0	24
2	1
0	85
0	47
0	43
0	81
0	0
209	104
76	104
368	0
189	0
17	0
0	1
2	1
249	393
0	393
2	0
181	0
74	139
0	0
0	139
4	0
14	0
12	0
40	0
4	0
15	0
33	0
19	0
0	116
0	127
0	112
0	123
2	57
132	0
1	57
211	307
2	307
0	8584
30	7455
81	7249
36	0
0	6
6	6
2	0
27	3104
4991	7462
217	6
0	5
0	4358
3	0
41	134
416	134
6	0
2	0
0	400
1	407
15	417
3	410
7	137
24	137
0	0
713	412
18	412
4	0
10	0
1	0
91	0
12	0
17	100
12	100
26	0
191	0
11	0
0	1
1	4
3	0
0	0
101	0
29	0
0	96
0	129
0	110
0	135
0	79
0	246
0	214
0	103
0	220
0	97
0	252
0	105
0	140
0	112
0	147
261	0
3	1
17	100
11	21
1	79
1	0
141	0
4	3
0	3
6	3
4	153
17	153
0	29
51	0
35	219
9	148
6	71
3	0
72	0
2	1
2	1
75	0
5	0
2	0
75	26
0	26
0	85
79	68
7	66
135	0
5	0
45	158
48	158
0	83
3	0
0	0
6	0
6	0
7	0
9	0
4	0
2	0
1	0
2	3
2	3
4	0
1	0
3	0
2	0
4	0
2	0
7	0
5	0
2	0
6	2
7	0
0	0
1	0
1	0
0	0
4	0
1	2
2	2
1	0
1	0
0	0
3	0
3	0
5	0
0	0
0	0
0	0
3	0
2	0
33	0
3	0
3	0
1	0
13	0
0	0
1	0
1	0
3	0
14	0
2	0
3	0
0	0
4	0
2	0
4	0
4	0
3	0
7	0
4	0
8	2
0	0
5	0
1	0
3	0
7	0
5	0
3	0
3	0
0	0
3	0
3	0
7	0
3	0
2	0
2	0
4	0
1	0
3	0
1	0
3	0
5	0
4	0
4	0
4	0
3	0
5	0
1	0
0	0
1	0
1	0
2	0
5	0
1	0
1	0
1	0
0	0
3	0
10	0
3	0
4	0
6	0
2	0
2	0
1	0
0	0
3	0
3	0
2	0
2	0
3	0
5	0
3	0
4	0
2	0
1	0
4	0
3	0
2	0
4	0
0	0
4	0
6	0
4	0
0	0
6	0
10	0
3	0
3	0
4	0
5	0
1	0
3	0
4	0
1	0
3	0
2	0
4	0
4	0
2	0
1	0
5	0
5	0
1	0
9	0
3	0
3	0
4	0
2	0
0	0
5	0
0	0
3	0
2	0
2	0
3	0
6	0
1	0
2	0
5	0
3	0
2	0
2	0
0	0
3	0
2	0
5	9
5	0
4	0
3	2
1	2
5	0
3	0
2	0
2	0
4	0
1	0
3	0
2	0
4	0
0	0
2	0
7	0
2	0
4	0
5	0
3	0
5	0
2	0
46	0
2	0
0	0
4	0
4	0
4	0
4	0
2	0
2	0
3	0
3	0
1	0
1	0
3	0
3	0
6	0
2	0
7	0
1	0
13	0
2	0
3	0
1	0
3	0
3	0
2	0
4	0
4	0
3	0
3	0
3	0
1	0
0	0
7	0
2	0
1	0
4	0
0	0
5	0
2	0
3	0
2	0
2	0
4	0
1	0
1	0
2	0
5	0
17	0
3	0
2	0
2	0
3	0
1	0
2	0
3	0
2	0
1	0
1	0
2	0
3	0
2	0
2	0
1	0
1	0
2	0
2	0
1	0
0	0
3	0
1	0
2	2
3	0
4	0
2	0
3	0
2	0
2	0
1	0
0	0
2	0
2	0
3	0
2	0
0	0
1	0
2	0
1	0
3	0
1	0
1	0
1	0
3	0
4	0
1	0
1	0
2	0
1	0
0	0
1	0
0	0
0	0
0	0
1	0
0	0
0	0
0	0
4	0
1	0
3	0
2	0
4	0
0	0
1	0
1	0
3	0
0	0
2	0
4	0
1	0
2	0
0	0
2	0
1	0
1	2
1	0
3	0
1	0
2	0
2	0
2	0
1	0
0	0
2	0
2	0
1	0
1	0
2	0
1	0
1	0
1	1
0	1
3	0
2	0
4	0
6	0
4	0
1	0
3	0
6	0
2	0
3	0
2	0
3	0
3	0
3	0
0	0
3	0
8	0
12	0
2	0
8	0
4	0
1	0
9	0
3	0
4	0
17	0
1	0
4	0
2	0
0	0
0	0
1	0
15	0
6	2
2	0
4	0
13	0
1	0
2	0
8	0
6	0
9	0
8	0
1	0
9	3
1	0
0	0
4	0
2	0
5	0
6	0
4	0
3	0
5	0
2	0
3	0
4	0
1	0
2	0
3	0
5	0
2	0
4	0
1	0
4	0
4	0
3	0
13	0
1	0
4	0
1	0
4	0
12	0
6	9
5	0
29	0
3	0
3	0
2	0
1	0
3	0
1	0
6	0
3	0
3	0
3	0
4	0
2	0
4	0
6	0
4	0
3	0
3	0
5	0
1	0
5	0
0	0
5	0
6	0
2	0
2	0
107	0
1	0
0	0
0	0
0	0
3	0
0	0
5	0
79	0
0	0
1	0
1	0
2	4
0	0
1	0
3	0
3	0
4	29
68	29
4	19
0	19
0	0
0	2
7	4
1	0
4	0
2	0
1	0
4	0
5	0
0	0
3	0
1	0
10	0
7	0
1	0
1	0
12	0
3	0
2	0
4	0
1	0
3	0
1	0
9	0
2	0
0	0
4	0
1	0
3	0
7	0
5	0
3	0
15	0
2	1
0	1
5	0
2	0
1	0
3	0
2	0
2	0
1	0
0	3
2	3
2	0
6	0
1	0
2	0
2	0
2	0
8	0
1	0
4	0
0	0
3	0
1	0
0	0
1	0
4	0
2	0
3	0
2	0
2	0
0	0
3	0
5	0
121	0
4	0
0	0
5	0
0	4
0	4
0	1
6	1
11	3
58	0
6	0
2	0
4	3
0	3
10	0
3	1
3	1
4	0
114	0
0	0
45	0
3	0
17	0
7	0
21	36
42	33
32	0
7	0
10	0
9	0
520	135
0	134
0	0
2	0
12	0
7	0
2	0
1	0
4	0
5	1
5	0
13	0
0	0
57	0
3	0
10	0
52	0
3	3
1	3
0	5
13	5
130	0
72	0
0	126
0	316
2	221
0	3
2	3
11	0
10	0
4	0
33	0
48	0
11	11
1	11
1	5
2	5
5	0
0	0
0	4
4	4
10	3
0	3
5	0
24	0
21	0
5	0
4	16
142	14
27	82
3	82
8	0
2	4
0	4
2	0
1	167
0	167
1	167
6	0
0	0
1	0
0	14
2	14
1	2
0	2
0	2
14	0
8	2
2	3
4	1
2	1
3	0
5694	171
3	162
0	71
0	71
0	71
0	71
0	71
0	71
0	71
9	0
5	0
7	0
25	0
17	8
0	8
3	0
4	0
3	3
14	0
3	0
69	0
9	0
8	0
4	0
2	0
0	26
3	62
3	62
2	0
0	0
6	0
8	0
2	0
306	0
1	81
0	38
1	52
0	73
0	30
3	22
0	22
6	0
3	0
6	0
10	0
2	0
224	0
55	0
4	1
13	0
0	4
1	4
1	0
10	20
2	20
0	0
4	0
27	191
5	191
0	99
2	5
10	5
0	4
4	4
4	1
3	0
91	0
9	0
4	0
2	0
17	0
33	225
17	217
1	225
5	0
0	2
0	0
1	2
0	0
0	263
0	263
316	263
3	0
1	2
4	0
13	0
86	0
0	0
3	91
77	91
9	0
20	42
0	42
2	0
9	0
3	0
0	0
0	0
4	0
4	0
11	0
3	0
3	0
10	0
2	0
1	0
3	0
65	0
13	2
14	0
3	1
0	1
1	25
0	25
3	0
0	0
0	1
15	1
0	0
6	0
0	13
53	13
2	0
1	0
2	0
1	0
3	0
2	0
8	0
3	0
4	0
1	0
4	0
0	0
8	0
0	0
1	0
1	0
1	0
1	0
2	1
3	0
0	0
1	0
3	0
0	0
5	0
1	0
3	0
2	0
17	0
1	0
1	0
2	0
14	0
4	0
2	0
5	0
4	0
0	0
2	0
1	0
1	0
2	0
1	0
4	0
3	0
1	0
1	0
2	0
0	0
1	0
2	0
5	0
3	0
4	0
3	0
4	0
0	0
9	0
3	0
2	0
3	0
4	0
2	0
2	0
1	0
1	0
0	0
1	0
6	0
2	0
3	0
0	0
1	0
0	0
4	0
2	0
11	0
5	0
6	0
2	0
2	0
2	3
2	0
3	0
2	0
2	0
5	0
2	0
3	0
0	0
1	0
4	0
5	0
3	0
2	4
0	4
2	0
4	0
3	0
3	0
2	0
5	0
3	0
3	0
6	0
1	1
0	0
3	0
3	0
3	0
4	0
3	0
2	0
0	0
7	0
3	0
0	0
11	0
3	0
1	0
1	0
4	0
1	0
4	0
3	0
2	0
1	0
4	0
1	0
2	0
10	4
1	0
7	0
0	0
3	0
2	0
2	0
7	0
2	0
3	0
2	0
1	0
3	0
3	0
2	0
2	0
2	0
2	0
2	0
4	0
3	0
3	0
5	0
3	0
4	0
3	0
4	0
2	0
0	0
1	0
2	0
0	0
1	0
1	0
1	0
4	0
2	0
1	0
3	0
3	0
0	0
5	0
1	0
1	0
5	0
4	0
0	0
4	0
6	0
4	0
1	0
5	0
1	0
0	0
3	0
3	0
3	0
0	5
1	5
3	0
0	0
2	1
3	0
0	0
4	0
2	0
0	0
7	0
0	0
4	0
4	0
3	0
7	0
3	0
1	0
1	0
1	0
1	0
1	0
2	0
3	0
5	0
4	0
5	0
2	0
1	0
6	0
3	0
2	0
1	0
3	0
1	0
3	0
2	0
1	0
2	0
3	0
3	0
0	0
6	0
3	0
3	0
8	0
2	0
6	0
1	0
5	0
1	0
3	0
1	0
5	0
6	0
1	0
6	0
1	0
1	0
1	0
3	0
5	0
1	0
4	0
3	0
4	0
5	0
0	0
5	0
7	0
3	0
2	0
1	0
2	0
2	0
3	0
3	0
6	0
4	0
5	0
3	0
0	7
2	7
3	0
3	0
0	0
11	0
1	0
2	0
3	0
0	0
2	0
2	0
2	0
2	0
7	0
2	0
3	0
1	0
4	0
1	0
5	0
4	0
0	0
1	0
2	0
1	0
0	2
0	2
5	0
4	0
0	0
3	0
2	0
2	1
3	0
1	0
9	0
4	0
17	5
5	0
2	0
10	0
5	0
0	0
9	5
6	0
2	0
8	1
1	0
4	7
2	7
3	0
3	0
3	0
3	0
8	0
4	0
7	0
5	0
1	0
2	0
2	0
3	0
4	0
1	0
5	0
1	0
3	0
1	0
4	0
3	0
3	0
0	0
2	0
2	0
0	0
3	0
0	0
3	0
1	0
1	0
0	0
2	0
4	0
1	0
2	0
1	0
2	0
1	0
4	0
1	0
3	0
1	0
3	0
0	0
4	0
1	0
6	0
2	0
1	0
1	0
2	0
2	0
2	0
0	0
3	0
1	0
2	0
1	0
4	0
4	0
3	0
4	0
3	0
2	0
4	0
2	0
2	0
3	0
3	0
2	0
0	0
2	0
3	0
0	0
1	0
4	2
3	0
1	0
4	0
5	0
3	0
1	0
0	0
3	0
3	0
3	0
1	0
1	0
5	0
2	0
3	0
0	0
1	0
0	0
0	0
2	0
1	0
5	0
2	1
9	0
1	0
3	0
3	0
2	0
0	0
2	0
4	0
1	0
1	0
1	0
2	3
1	3
0	0
1	0
2	0
0	0
3	0
0	0
4	0
6	0
1	0
1	0
0	0
2	0
1	0
254	390
0	390
4	0
4	0
3	0
3	0
2	0
3	0
15	0
0	0
2	3
26	3
4	0
2	0
0	0
4	0
0	0
3	0
2	0
3	0
3	0
4	0
5	0
3	0
6	0
3	0
1	0
5	0
8	0
5	0
5	0
4	0
5	0
2	0
5	0
3	0
2	0
2	0
2	0
1	0
4	0
4	0
5	0
5	0
1	0
18	0
1	2
0	2
5	0
2	0
5	1
6	0
6	0
3	0
1	0
2	0
1	0
4	0
1	0
3	0
3	0
14	0
0	0
0	1
0	1
10	0
1	4
0	4
0	0
0	1
3	1
6	0
7	0
0	3
8	3
3	0
3	0
2	0
5	0
1	0
3	0
3	0
3	0
2	0
0	0
2	0
0	0
2	0
1	0
2	0
1	0
2	0
5	0
2	0
0	0
3	0
2	0
1	0
7	0
1	0
3	0
2	0
1	0
3	0
1	0
0	0
2	0
1	0
0	0
2	0
3	0
3	0
1	0
3	0
1	0
2	0
1	0
1	0
1	0
4	0
3	0
1	0
1	0
0	0
6	0
2	0
2	0
4	0
5	0
1	0
1	0
3	0
1	0
2	0
1	0
2	0
0	0
1	0
4	0
2	0
1	0
0	0
4	0
6	1
2	0
2	0
1	0
1	0
1	0
2	0
4	0
2	0
4	0
3	0
1	0
2	0
4	0
2	0
2	0
4	0
3	0
1	0
3	0
3	0
5	0
3	0
2	0
3	0
2	0
0	0
4	0
0	0
1	0
5	0
2	0
0	0
5	0
4	0
0	0
3	0
0	0
0	0
2	0
0	0
3	0
0	0
5	0
5	0
1	0
0	0
22	0
2	0
2	0
1	0
3	0
1	0
1	0
5	0
2	0
4	0
7	0
2	0
6	0
3	0
1	0
4	0
6	0
3	0
6	0
3	0
1	0
9	0
1	0
1	0
2	0
5	0
3	0
1	0
0	0
1	0
2	0
2	0
5	0
4	0
1	1
6	0
0	0
1	0
2	0
1	0
2	0
3	0
2	0
3	0
2	0
9	0
5	0
6	0
3	0
3	0
1	0
3	0
3	0
2	0
5	0
0	0
6	0
3	0
3	0
2	0
2	0
1	0
1	0
0	0
3	0
1	0
2	0
7	0
12	0
0	0
2	0
2	0
7	0
2	2
5	0
4	0
3	0
8	0
1	0
4	0
0	4
2	0
3	0
1	0
4	0
2	1
8	0
120	1
2	0
0	0
2	0
6	1
0	0
1	0
2	0
0	0
4	0
5	0
0	0
4	0
1	0
3	0
1	0
2	0
3	0
5	0
4	0
1	0
3	0
2	0
5	0
0	0
3	0
3	0
4	0
1	0
3	0
3	0
4	0
1	0
1	0
4	0
0	0
3	0
1	2
0	2
4	0
1	0
4	0
3	0
5	0
3	0
2	0
4	0
3	0
4	0
3	0
2	0
5	0
7	0
4	0
2	0
10	0
5	0
2	0
3	0
2	0
1	0
3	0
1	0
6	0
3	0
2	0
0	2
0	2
4	0
2	0
1	0
2	0
4	0
3	0
4	0
2	0
1	0
0	0
1	0
1	0
5	0
9	0
2	0
2	0
4	0
9	0
3	0
2	0
1	0
1	0
10	0
2	0
2	0
0	0
13	1
2	0
2	0
1	0
2	0
0	0
2	0
15	0
1	0
1	0
23	0
11	0
11	0
2	0
4	0
2	0
3	0
7	0
8	0
5	0
8	0
3	0
10	0
5	0
3	0
118	0
1	0
6	0
1	0
1	0
5	0
1	0
4	4
0	4
8	0
0	4
78	4
5	0
25	0
2	0
9	0
89	0
5	0
3	0
28	0
3	0
4	0
3	0
22	1
0	1
5	0
8	0
3	0
5	0
137	0
4	0
2	0
2	0
1	0
8	0
1	0
7	0
1	0
1	0
14	0
87	0
2	0
0	0
1	0
4	0
5	0
1	0
2	0
2	0
5	0
6	0
2	0
10	0
0	0
1	0
1	0
5	0
0	0
3	0
16	0
2	0
2	4
0	4
2	0
2	0
4	0
5	0
3	0
2	0
4	0
2	0
8	0
4	0
43	0
1	0
5	0
3	0
0	0
0	1
5	0
3	0
3	0
3	0
1	0
3	0
5	0
5	0
19	0
3	0
0	1
11	1
3	0
2	0
3	0
5	0
5	0
8	0
5	0
1	0
1	0
6	0
1	0
2	0
2	0
11	0
3	0
2	0
7	0
1	0
0	0
8	0
3	0
4	0
1	2
1	2
21	0
10	0
1	0
29	0
1	0
6	0
0	0
2	0
3	0
28	0
2	0
3	0
1	0
0	0
3	0
5	0
6	0
6	0
2	0
4	0
1	0
3	0
26	0
5	0
3	0
1	0
2	0
10	0
0	0
3	0
3	0
3	0
9	0
8	0
4	0
3	0
8	0
0	0
1	0
0	0
2	0
0	0
0	3
2	3
2	0
6	0
0	0
4	0
3	0
3	0
3	0
4	0
5	0
3	0
4	0
1	0
5	0
14	0
4	0
1	0
3	0
0	0
3	0
61	0
4	0
42	0
3	0
5	0
0	1
2	1
8	0
2	0
23	0
9	0
1	0
6	0
8	0
9	0
6	0
1	0
1	0
32	0
1	0
5	0
4	0
17	0
0	0
2	21
7	21
6	0
3	1
1	1
221	0
0	0
2	0
1	0
35	0
3	0
8	0
2	0
4	0
13	0
1	0
2	0
4	0
5	15
0	15
21	0
15	4
3	0
6	0
72	61
2	61
2	0
6	0
3	0
0	83
13	83
24	0
0	0
2	0
1	0
1	0
15	0
0	0
2	0
4	0
9	0
5	0
10	426
2	426
5	0
5	0
3	0
8	0
2	1
4	0
21	0
4	0
1	0
6	0
3	5
0	71
0	67
0	140
0	144
0	0
5	0
6	0
134	0
26	111
2	111
53	0
68	2
4	167
5	167
168	0
12	229
7	229
7	2
1	0
2	0
6	1
82	5
1	5
3	0
241	0
49	0
13	0
7	181
7	181
7	74
7	0
26	0
26	0
0	0
10	0
1	0
0	8
94	8
4	154
13	154
1	16
153	0
21	149
4	149
1	0
66	0
5	1
39	1
251	0
73	3
24	3
0	3
131	19
0	19
0	10
9	10
10	0
2	0
7	6
4	6
29	0
141	3
0	0
164	0
11	267
7	267
3	0
0	29
3	118
11	118
0	6
1	0
157	43
0	43
4	160
1	160
0	5
0	91
38	91
3	0
2	90
5	90
0	12
135	12
4	0
0	21
0	21
8	0
0	3
2	1
27	63
3	63
4	44
83	0
312	0
267	0
310	44
7	44
1	0
13	102
0	176
0	69
0	120
0	13
0	0
5	0
0	262
0	262
0	246
0	268
0	246
0	268
0	2
7	0
1	0
0	16
4	16
0	9
4	0
276	18
0	18
4	326
51	320
93	313
46	333
1	333
6	171
509	1
1	0
7	0
0	0
0	1
3	1
0	3
14	3
12	0
9	3
12	6
483	6
0	44
318	44
194	0
3	19
1	19
0	0
29	19
1	19
47	0
0	13
34	13
6	0
26	59
12	59
120	0
0	4
81	4
127	0
826	0
7	0
451	2
0	42
0	87
0	388
0	343
57	0
0	25
1	52
0	20
0	56
0	51
1	0
2	0
2	0
2	0
9	0
4	1
1	0
290	0
5	25
5	5
25	6
0	25
1	6
16	0
15	7
3	10
4	8
0	118
0	44
0	46
1	120
106	0
261	0
2	24
0	24
0	277
0	280
0	207
0	244
0	247
0	204
0	2
3	1
12	2
185	0
476	0
17	0
1	0
0	124
5	38
575	162
3	0
11	0
2	0
57	0
10	0
3	0
1	0
0	101
0	44
11	66
2	105
0	40
11	0
8	0
6	2
78	0
27	0
226	133
23	133
4	0
215	0
435	0
17	0
34	38
0	38
2	1
0	1
5	0
3	7
58	0
1	7
100	0
1	0
1	0
44	0
163	0
418	0
3	83
0	83
73	0
0	0
1	0
15	0
47	0
75	0
3	8
0	8
24	2
2	22
2	133
1	115
101	0
300	103
0	103
3	0
1	189
101	189
14	2
2	2
47	3
3	27
36	113
0	118
13	3
1	3
2	7
15	7
3	0
77	5
1	5
94	0
87	13
0	13
33	145
9	145
0	61
47	16
213	0
18	16
1	0
82	192
9	192
2	0
6	0
0	21
6	21
4	88
137	88
7	0
19	324
62	324
9	0
6	0
4	0
2	1
1	1
4	0
12	0
1	5
4	5
2	0
13	0
3	0
9	0
9	0
2	0
3	0
0	0
1	0
4	0
0	0
1	0
2	0
8	0
2	0
1	0
2	1
4	0
0	0
7	0
4	0
4	0
0	0
0	0
2	0
57	0
6	8
0	8
4	3
4	3
2	6
12	6
209	0
1	0
5	0
3	0
5	0
15	0
29	0
6	0
1	0
0	0
2	0
0	0
1	0
9	0
6	0
0	0
2	0
1	0
13	0
5	0
4	0
108	0
0	0
5	0
1	0
6	0
1	0
2	0
5	0
0	0
2	0
4	0
4	0
1	0
3	0
1	0
2	0
0	0
11	0
1	0
0	0
4	0
0	0
0	0
21	0
2	0
7	0
13	0
6	0
3	0
3	0
1	41
0	28
1	39
0	30
42	0
0	0
9	22
3	26
11	0
0	19
4	19
41	0
0	2
0	2
1	0
3	0
0	0
1	0
2	0
2	0
4	0
4	0
1	0
4	0
1	0
51	0
1	0
11	0
1	0
37	0
4	0
2	0
2	0
3	0
0	0
0	0
1	0
4	0
11	0
1	0
4	2
1	2
1	0
1	0
9	0
28	0
3	0
7	0
5	0
2	4
2	5
2	1
5	0
2	0
1	8
24	8
22	0
6	0
1	32
6	32
3	32
2	0
0	0
2	0
30	0
16	0
5	0
10	0
3	1
1	1
2	0
6	0
2	0
3	0
1	0
2	0
5	0
9	7
0	7
13	0
13	0
3	0
3	0
11	0
0	0
3	1
48	1
0	0
2	0
5	0
6	0
3	0
3	0
6	0
2	0
25	0
0	60
34	60
3	0
3	0
2	0
11	0
4	0
1	0
0	0
3	0
4	0
4	0
3	0
0	0
6	0
5	0
6	0
3	0
60	0
2	0
4	0
5	0
5	0
3	11
2	11
3	0
1	0
4	0
1	0
8	0
25	0
4	0
9	0
0	1
2	1
5	0
5	0
11	491
68	491
2	0
4	0
21	0
13	0
44	0
8	0
26	0
39	0
0	0
2	0
2	0
1	0
1	0
18	0
9	0
0	1
0	1
0	1
119	1
20	0
17	0
6	0
2	0
5	0
2	0
4	0
3	0
3	0
1	0
2	0
62	0
0	1
13	1
2	0
3	0
1	0
10	0
4	1
2	0
3	0
0	0
1	0
3	0
7	5
0	2
10	0
4	0
7	0
3	0
2	0
3	2
5	0
0	0
3	0
1	0
7	0
4	0
2	0
3	0
56	0
1	0
6	0
6	0
1	0
7	3
2	0
2	0
0	0
1	0
6	0
3	0
4	0
7	0
3	0
2	0
3	0
1	0
10	1
3	0
4	0
2	2
1	0
5	0
2	0
7	0
4	0
2	0
2	0
2	0
1	0
0	0
2	0
1	0
7	0
3	0
3	0
2	0
3	0
2	0
5	0
0	0
4	0
2	0
1	0
3	0
5	0
3	0
0	0
13	0
3	0
3	0
3	0
3	0
1	0
2	0
0	0
2	0
4	0
2	0
2	0
8	0
3	0
2	0
1	0
5	0
2	0
2	0
3	0
3	0
3	0
1	0
1	0
0	0
2	0
5	7
4	0
0	0
0	0
3	0
4	0
7	0
3	0
3	0
8	0
3	0
40	0
5	0
8	0
3	0
3	0
3	0
2	0
1	0
0	0
4	0
3	0
1	0
4	0
3	0
2	0
1	0
2	0
2	0
1	0
4	0
1	0
1	0
4	0
1	0
5	0
2	0
2	0
1	4
4	0
1	0
1	0
1	0
3	0
0	1
14	1
4	0
1	0
2	0
3	0
1	0
1	0
1	0
3	0
2	0
2	0
2	0
18	0
5	0
14	0
10	0
2	0
3	1
2	0
12	0
14	0
21	0
7	0
1	10
10	10
0	0
0	0
0	0
0	0
1	1
0	1
4	3
2	3
0	1
0	5
0	5
0	9
0	9
0	10
0	6
4	0
6	0
2	0
2	0
1	0
3	0
0	2
1	2
7	0
0	0
0	58
74	58
15	0
0	0
11	0
10	0
7	0
4	0
2	15
1	15
5	0
0	1
0	1
4	0
15	0
1	0
1	0
1	0
0	0
2	0
0	4
7	9
8	0
1	0
2	0
4	0
2	0
1	0
3	0
5	0
39	0
4	0
7	0
8	1
1	1
0	0
0	0
5	0
3	1
3	1
19	1
15	0
0	12
6	0
1	12
4	0
0	0
14	0
5	0
2	0
0	5
2	5
66	0
5	0
2	0
0	15
4	15
0	0
10	0
2	0
9	0
0	0
1	16
17	16
71	0
3	0
1	0
58	0
63	0
5	0
22	0
5	0
5	0
7	0
70	0
2	1
0	1
3	0
55	0
0	1
0	0
0	2
53	2
8	0
21	0
4	1
0	0
0	11
5	11
60	134
7	134
12	0
6	0
3	0
3	2
1	0
1	0
0	0
2	2
0	2
1	0
5	0
5	0
9	0
67	77
14	81
4	81
6	3
11	0
15	0
6	0
1	2
0	0
1	0
1	0
10	0
24	0
4	0
5	0
5	0
0	0
1	0
3	0
3	0
5	0
9	0
6	0
60	12
2	12
1	0
5	0
4	0
113	0
9	0
6	0
2	0
60	0
18	0
4	0
4	0
1	0
10	0
2	1
0	0
4	0
2	0
1	0
5	0
2	0
2	0
6	1
3	0
6	0
6	0
2	3
1	7
1	7
5	0
1	0
2	0
6	0
2	0
1	0
2	0
3	0
3	0
7	0
10	0
6	0
1	0
6	0
3	0
8	0
1	0
18	0
2	0
7	0
4	0
0	0
3	0
0	0
0	11
1	11
0	0
4	1
4	0
1	0
2	0
2	0
2	0
1	0
10	0
2	0
0	0
4	0
1	0
1	0
1	0
1	0
1	0
2	0
2	0
2	0
2	0
2	0
1	0
2	0
5	0
1	0
2	0
6	0
1	0
1	0
2	4
1	4
2	0
1	0
4	0
1	0
2	0
3	0
8	0
0	0
2	0
4	1
5	0
4	0
2	0
4	0
5	0
0	0
2	0
0	0
1	0
2	0
0	0
2	7
2	7
5	0
22	0
3	0
2	0
3	0
3	0
4	0
2	0
1	0
2	0
1	0
3	0
2	0
0	1
4	1
3	1
0	1
93	0
3	0
23	1
1	0
7	0
0	22
1	22
60	0
2	0
28	0
1	0
1	0
2	22
28	22
1	0
4	0
8	0
6	0
1	22
2	22
150	0
5	0
1	0
4	0
9	0
4	0
0	32
27	32
20	0
2	0
4	0
4	0
13	0
1	0
3	0
20	0
0	0
7	0
6	0
3	0
5	3
0	3
3	0
11	27
13	27
9	0
5	0
0	4
0	4
0	4
0	2
13	0
5	0
145	0
5	0
4	0
11	0
3	0
2	0
0	38
2	38
1	0
3	0
110	0
4	15
2	15
1008	0
4	0
159	223
0	223
8	0
0	0
4	0
2	0
2	1
2	1
1	0
4	0
1	1
13	2
1	3
29	0
1	0
3	0
0	0
0	17
5	17
4	0
5	0
4	0
0	0
1	0
1	0
9	0
0	0
0	0
1	1
9	1
108	0
13	0
1	0
2	1
8	1
1	3
0	2
2	0
0	0
6	0
47	0
4	3
0	3
4	6
2	6
1	0
0	0
0	0
1	0
4	0
3	0
1	0
2	0
0	0
0	18
10	18
0	21
0	9
12	30
1	0
2	0
7	0
2	0
0	0
7	0
2	0
5	0
1	0
18	0
8	2
7	0
2	0
5	0
4	0
3	0
1	0
14	0
4	0
0	0
7	0
14	0
2	0
2	0
1	0
6	0
1	3
8	0
4	1
0	0
0	0
1	6
0	6
15	0
0	0
2	0
2	0
5	0
2	0
5	0
2	0
1	0
2	0
6	0
10	0
3	6
3	6
9	0
0	0
0	0
6	4
0	4
7	0
4	0
2	0
2	0
8	0
2	0
3	0
7	0
1	0
2	0
4	0
8	0
2	0
79	0
8	0
15	0
4	0
2	0
2	0
2	0
6	0
1	6
2	2
0	2
9	0
2	0
4	0
0	0
3	0
8	0
16	0
2	0
55	0
0	82
0	81
0	70
0	81
21	0
10	2
11	0
12	0
10	0
2	0
2	1
3	1
0	1
1	0
4	0
0	11
4	11
0	0
5	0
2	0
1	0
2	13
3	13
11	0
4	0
3	0
4	0
1	0
2	0
2	0
5	0
0	0
6	0
0	0
0	0
3	0
3	0
4	0
3	0
1	0
1	0
4	0
2	0
5	0
1	0
6	0
3	1
4	0
2	0
3	0
2	0
2	0
5	0
3	0
1	0
4	0
8	0
4	0
8	0
1	0
5	0
1	0
2	0
3	0
0	0
3	0
4	0
1	0
6	0
4	0
3	0
4	0
5	0
1	0
10	0
2	0
3	0
8	0
1	0
2	0
2	0
1	0
6	0
3	0
0	0
2	0
8	0
0	0
4	0
3	0
1	0
0	0
2	0
1	0
4	3
2	0
2	0
3	0
3	0
2	0
4	0
4	0
0	0
0	0
2	0
3	0
4	0
1	0
5	0
1	0
0	0
2	0
3	0
10	0
16	0
0	0
2	0
8	0
3	0
2	0
0	0
1	0
2	0
4	0
2	0
3	0
3	0
5	0
6	0
4	0
3	0
4	0
7	0
0	0
1	0
3	0
1	0
8	0
3	0
0	0
3	0
4	0
3	0
4	0
1	0
2	0
6	1
2	0
7	0
2	0
10	0
7	0
4	0
4	0
11	0
4	0
1	0
2	0
4	0
9	0
1	0
1	2
0	2
1	0
11	0
2	0
4	2
8	1
1	0
2	0
2	0
2	0
0	0
1	0
6	0
1	0
10	3
0	3
4	0
2	0
2	0
2	2
1	2
2	0
5	0
3	0
6	0
0	8
3	8
3	0
0	0
1	0
6	0
4	0
1	0
2	0
2	0
1	0
5	0
40	0
2	0
2	0
3	0
7	0
21	6
3	0
2	0
8	0
1	0
0	1
3	1
2	0
9	0
1	0
0	0
3	0
4	0
2	0
1	0
2	0
4	0
4	0
2	0
0	0
0	0
2	0
5	0
237	0
1	0
1	0
6	0
10	0
3	0
6	0
0	0
8	3
14	0
9	0
1	0
5	0
6	0
2	0
4	0
1	0
3	0
1	0
0	14
4	14
0	0
1	0
1	0
3	0
1	0
7	0
4	0
9	4
0	4
2	0
3	0
2	0
3	0
0	2
3	3
4	0
10	0
0	51
0	51
1	0
4	0
0	0
2	0
496	0
0	0
5	0
8	0
1	0
4	0
7	0
3	0
3	1
1	0
5	0
10	0
500	0
6	0
2	0
3	0
0	0
6	0
9	3
9	0
1	0
1	0
1	0
0	0
7	0
6	0
3	0
0	0
33	0
2	5
0	5
8	0
6	0
8	0
0	6
0	6
2	0
3	0
2	0
8	0
1	1
2	1
3	13
11	13
3	0
1	0
1	0
6	0
2	0
3	0
29	0
1	0
0	1
3	1
0	0
9	0
1	0
14	0
1	0
11	0
4	0
3	0
2	0
1	0
1	0
3	0
2	0
2	0
4	0
1	0
1	0
4	0
0	3
0	3
3	0
3	0
0	0
0	0
0	0
3	0
3	0
3	0
1	1
0	1
3	0
2	0
2	4
0	4
1	0
15	0
3	0
1	0
5	0
1	1
1	0
2	0
4	0
2	0
2	0
6	0
11	0
8	0
2	0
0	16
0	16
1	0
3	8
5	114
0	16
0	95
0	112
1	28
17	31
2	44
10	44
1	30
2	0
0	21
40	21
57	0
16	0
14	0
10	0
9	0
97	0
90	42
1	42
3	0
27	697
1	697
2	0
68	0
3	0
10	131
0	83
5	48
0	0
6	8
0	2
2	4
5	4
1	0
0	0
9	0
10	37
4	15
2	22
2	3
3	3
2	2
39	0
130	0
44	545
8	545
1	64
10	0
18	2
6	0
0	2
0	2
1	0
0	0
7	0
0	9
0	354
1	331
5	61
3	352
2	329
2	0
0	0
21	0
125	0
6	0
4	0
3	0
2	3
192	3
1	0
13	64
0	64
102	54
3	54
92	0
40	154
2	176
10	179
0	3
1	0
3	0
0	5
3	5
1	5
3	5
5	0
11	1
2	62
157	62
1	1
2	1
0	20
4	7
0	3
3	0
3	0
10	0
0	12
5	12
15	134
7	134
2	0
0	0
546	104
13	104
2	61
2	61
300	13
7	13
0	22
1	22
0	22
113	0
0	3
6	1
7	0
15	4
4	2
2	2
7	3
1	1
4	0
4	564
353	565
2	1
40	78
4	78
48	0
6	313
117	313
0	1
175	1
90	0
2	7
0	15
0	8
2	0
80	0
5	154
42	153
1	187
645	187
4	2
246	30
1	30
138	35
0	35
4	0
30	0
2	7
274	7
6	0
511	0
4	0
5	24
4	24
11	0
0	0
1	0
3053	2
0	2
161	93
20	93
1	5
1	6
0	7
0	7
0	197
134	0
40	197
8	1
1	3
13	4
3	0
1	0
165	0
164	1
205	0
9	4
2	4
0	1
28	0
0	1
26	0
31	0
4	0
132	0
0	0
97	0
39	0
2	0
0	60
1	28
2	45
0	565
10	553
42	510
30	19
0	19
312	0
5	0
2	0
0	176
204	176
6	173
22	173
0	3
0	162
1	249
1	205
8	53
1	206
2	0
13	0
4	0
10	0
0	0
459	0
10	2
2	3
30	2
45	165
3	165
117	0
1	0
58	0
0	79
0	94
3	16
0	87
0	86
6	34
3	34
0	77
0	816
0	833
0	336
0	555
0	572
16	177
13	0
11	0
0	17
11	24
3	32
0	42
0	24
0	30
0	48
0	12
0	33
0	39
5	0
0	13
0	371
0	365
0	117
0	123
0	166
140	0
26	0
4	0
1	0
55	8
3	8
1	0
124	236
4	236
2	0
4	0
217	0
5	2
2	110
3	8
4	6
56	108
3	0
3	0
12	2
578	229
3	229
2	0
0	2
1	2
3	0
0	0
1	31
62	31
1	26
148	26
2	0
3	139
2	139
9	140
0	187
0	224
0	178
0	215
289	0
95	0
2	38
6	62
0	62
24	49
2	11
1	62
8	62
0	3
0	207
0	122
0	213
0	128
5	0
353	517
11	520
2	6
55	1
5	1
2	1
55	0
13	0
0	148
0	150
0	0
0	39
0	79
0	81
8	53
3	0
8	0
1684	0
4	0
2	312
35	312
312	2
3	2
11	0
4	0
5	0
17	0
6	1
1	270
11	214
3	95
63	1
0	190
0	31
8	170
0	149
6	3
0	221
0	138
0	122
0	138
0	154
0	205
0	224
0	208
0	129
0	151
0	227
0	131
0	115
0	211
0	156
55	64
5	64
292	55
0	55
11	112
11	112
4	6
0	5
1	0
16	5
34	0
0	319
1	10
0	350
1	386
0	283
5	0
200	0
4	202
0	33
0	4
9	231
0	0
10	1
2	1
1	0
1	0
0	0
3	0
13	0
1	0
3	0
1	0
1	0
1	0
58	0
7	0
5	2
5	0
2	0
10	6
14	0
1	0
2	0
6	0
7	0
11	0
1	0
23	0
2	0
4	0
0	0
0	0
1	0
0	0
3	0
0	0
3	0
5	0
12	4
1	4
23	70
1	70
0	0
2	0
1	0
1	0
9	0
4	0
3	0
5	6
4	6
8	0
14	0
2	0
6	0
3	0
0	0
0	0
7	0
3	0
1	27
8	27
2	0
5	0
4	0
6	0
2	0
8	0
7	0
0	4
2	4
7	0
5	0
3	0
2	0
3	0
1	0
2	0
5	0
3	0
10	0
2	0
9	0
8	0
4	0
1	0
1	0
151	0
4	0
4	0
5	0
0	0
2	0
1	0
2	0
6	0
0	0
3	0
26	10
0	10
48	0
7	0
1	0
8	0
2	0
7	0
4	0
5	0
4	0
1	0
0	1
1	2
6	0
2	0
578	0
92	0
5	0
3	0
3	0
4	0
4	0
1	1
0	1
1	0
2	0
4	0
2	0
4	0
2	0
3	0
2	0
2	0
7	0
7	0
3	0
4	0
4	0
9	54
4	54
7	0
1	0
8	0
7	0
2	0
4	0
1	0
8	0
7	0
5	0
2	0
2	0
1	0
7	0
9	0
9	0
7	0
2	0
9	0
1	0
0	0
7	0
0	0
3	0
8	0
5	0
9	0
4	0
0	0
2	0
9	0
1	0
1	0
4	0
4	0
2	0
2	0
8	0
2	1
1	0
3	0
0	0
4	0
0	0
5	0
1	0
2	0
1	0
7	0
1	0
12	0
4	0
2	0
8	0
0	1
3	0
5	0
0	0
6	0
0	0
2	0
3	0
12	0
3	0
0	0
1	0
8	0
1	0
5	0
1	0
3	0
2	0
2	0
2	0
4	0
6	0
7	0
12	0
4	0
1	0
1	0
23	0
1	0
1	0
3	0
2	0
6	0
5	0
13	0
2	0
2	0
2	0
194	98
29	98
4	0
382	8
4	8
868	0
0	1873
0	1169
0	1195
0	1852
0	1794
0	1821
0	1846
2	617
0	1800
1	1091
6	592
1	592
21	568
0	0
0	3
1	0
10	0
3	2
3	2
257	79
0	79
11	1582
0	2532
0	136
1	1557
16	1127
1863	3474
10	1494
0	144
0	127
4	22
4	18
0	322
0	321
0	325
0	10
0	326
31	0
0	29
57	3906
120	3581
267	5497
400	3053
28	0
0	18
10	18
74	108
0	108
17	103
16	103
0	1317
1	876
10	474
0	601
8	400
6	900
1	1252
0	205
1	403
0	213
16	418
0	219
10	113
0	211
2	191
3	583
16	589
30	191
0	59
31	0
4	0
27	173
0	173
6	0
0	239
0	256
0	384
0	312
0	329
0	401
0	0
0	10
20	77
16	67
2	6
2	581
34	587
3	0
33	0
2	0
1091	0
2	0
1	0
4	0
2	43
0	43
51	0
1	282
0	373
0	0
0	397
59	0
0	165
5	165
30	1
204	1
2	1
24	0
0	469
0	460
0	473
0	464
0	303
0	259
0	464
0	469
0	473
0	460
0	479
0	483
1	757
0	713
0	328
4	0
1	0
4	2
0	2
102	103
0	103
9	0
92	50
8	0
279	51
1	3
15	0
42	208
24	11
4	8
58	9
20	834
11	10
28	2
178	225
9	850
4	4
30	0
2	1
2	6
7	6
0	5
2	5
52	0
8	6
3	101
0	95
0	567
0	519
0	593
0	545
6	120
0	195
2	0
0	0
0	113
4	108
7	108
20	38
654	42
1	400
0	219
0	404
0	238
0	385
76	0
1	0
3	0
4	0
1	0
2	0
3	0
0	3
2	3
6	0
24	1
0	1
167	134
0	157
0	121
0	73
3	13
18	7
2	57
19	20
2	76
1	1
0	90
6	39
12	193
45	203
1	170
1	2
25	0
3	2
0	2
6	210
3	210
0	24
6	0
1	8
0	8
5	610
2	510
52	186
2	63
1	477
180	0
17	488
40	488
1	11
0	20
8	20
0	20
1	9
0	11
4	2
0	20
0	20
7	24
13	4
0	11
1	0
0	7
14	1
1	0
4	34
16	67
3	0
0	39
0	0
1	0
3	0
1	0
3	0
7	0
2	0
3	0
12	0
198	0
7	357
0	357
0	52
64	283
111	282
573	0
24	0
0	0
7	0
4	0
145	100
0	100
0	6
62	183
8	183
0	0
84	628
47	1097
19	469
23	0
8	0
6	0
1	0
2	0
4	73
0	73
75	64
0	41
0	23
6	81
0	81
4	2
1	43
12	44
5	233
12	233
221	0
0	7
3	111
0	100
8	111
1	2
45	362
4	8
0	362
1	2
26	1
0	1
8	7
1	0
688	0
0	7
49	0
1	0
11	0
1	0
31	293
5	293
159	4
0	4
26	1938
0	2083
0	1985
0	1628
0	1588
48	785
0	687
25	764
0	12
0	2
27	0
1	0
297	0
162	2
0	0
6	161
3	161
4	4
6	4
3	4
4	4
0	130
8	49
0	138
2	22
0	133
0	141
15	4
19	0
0	97
0	48
8	73
77	91
2	125
2	68
2	0
1	23
3	2
0	22
0	758
159	758
7	0
7	0
14	0
4	0
0	10
0	10
0	0
0	55
5	55
1	398
0	308
6	464
0	317
3	391
0	342
0	505
1	327
23	0
183	0
3	0
5	0
394	0
6	0
20	0
0	20
0	20
138	0
0	19
0	20
0	20
73	1777
0	1520
8	1276
5	1601
2	1371
0	81
887	171
0	90
0	675
0	516
0	664
0	676
0	133
0	365
0	504
0	687
0	353
1	0
227	0
0	21
0	21
2	21
0	20
3	10
5	10
106	29
2	29
1	168
0	2
0	157
2	24
0	418
0	138
0	399
0	290
0	0
0	0
145	0
10	53
11	53
0	53
511	0
0	71
0	71
34	0
2	1
2	126
2	286
4	711
0	753
2	223
0	13
2	3
8	223
0	153
11	2
0	285
0	287
0	286
0	91
2	152
0	290
0	289
3	30
7	30
1	1
66	1
14	44
2	44
59	41
0	41
153	3
0	2
0	17
0	2
1	176
7	178
0	176
0	113
0	111
2	116
0	107
0	109
0	136
0	138
0	1269
27	1828
10	1828
5	101
53	414
0	1294
0	1291
0	651
0	657
0	1297
0	1286
0	1300
0	1280
97	2
3	2
1	0
14	0
3	0
6	0
4	0
38	2
1	2
0	2
8	2
0	0
0	649
0	694
2	252
0	558
0	603
67	0
1	0
0	18
127	18
0	6
215	6
38	0
1	17
348	177
1	129
7	146
0	177
2	984
2	962
0	985
23	0
3	1
4	0
15	197
0	118
33	215
0	85
181	115
16	8
1	12
1712	131
64	123
1	11
0	33
5	0
0	10
0	1
3	1
0	40
0	9
0	11
4	34
5	11
2	0
106	0
143	1
323	216
81	551
3	551
0	9
11	0
5	0
107	516
11	508
10	8
2	0
15	144
0	144
4	0
0	3
0	107
48	0
11	108
0	3
14	0
162	0
3	0
2	6
0	6
56	34
0	34
2	65
1	95
17	0
3	49
1	98
10	35
0	38
3	0
120	0
4	263
0	53
0	338
8	116
0	544
0	812
0	868
4	828
0	845
0	629
0	789
0	544
0	845
118	118
58	0
2	0
3	0
4	0
6	0
5	88
2	88
8	0
22	0
338	91
0	91
0	0
28	1067
2	1067
16	4
1	0
1	0
4	0
3	0
12	842
32	842
5	156
1	609
9	0
14	0
7	0
1	0
1252	0
2	110
0	368
0	379
0	360
0	349
2	142
7	0
6	0
12	0
33	30
4	30
1	2
46	418
132	418
4	82
448	82
0	1
10	47
0	203
0	198
0	164
0	240
0	206
0	161
1	843
26	826
114	1570
14	1570
153	0
1	229
50	0
0	12
81	13
3	0
3	305
3	0
15	157
0	122
0	103
1	286
6	0
1	0
7	0
96	0
0	217
19	217
2	0
192	0
169	0
237	0
0	0
0	710
4	689
34	712
6	104
1	104
0	0
6	0
1	0
0	0
1	0
0	1417
0	1183
0	1182
1	678
0	5
0	1416
1	1167
1	0
1	180
0	311
0	93
0	298
0	91
0	291
0	285
0	36
0	39
1	0
3	0
13	30
18	29
0	19
20	0
58	0
115	47
0	47
13	0
23	5
0	74
336	126
0	4
9	126
660	6
30	0
190	0
219	1
3	61
0	199
0	200
0	134
0	133
1	130
0	347
373	96
1	347
86	0
5	0
15	0
1	15
0	15
3	15
14	0
2	0
2	0
151	1
113	0
15	9
20	20
1	15
10	0
124	0
98	0
295	0
0	1
1	1
10	1
3	341
302	341
3	8
0	880
3	4
89	876
41	714
435	8
40	8
0	0
101	192
1	192
0	108
0	31
0	60
0	77
0	106
0	57
4	0
1	0
0	0
0	246
0	492
0	441
0	445
0	488
1574	796
0	796
6	1
0	0
2	0
69	0
91	0
20	1
12	131
165	131
87	8
10	8
0	0
1	0
1	0
4	441
7	362
0	385
1338	2565
2801	2475
286	407
69	995
4	1405
3023	1665
175	0
15	168
0	297
11	314
104	0
0	118
14	0
3	0
3	0
22	0
8	0
2	0
0	0
0	4
0	503
0	62
0	367
0	494
0	198
0	189
3	0
1	0
6	42
4	42
6	0
21	0
0	500
0	499
0	479
0	480
0	483
0	482
0	496
0	497
23	729
71	7
4	960
1	203
21	958
20	702
50	0
3	0
0	0
1	0
1	0
6	87
10	87
0	435
0	478
0	412
0	501
0	47
3	47
1	37
280	27
0	27
0	37
2	0
2	0
1	0
14	0
4	1
0	263
0	191
0	264
1	140
2	263
0	262
1741	25
3	4
34	1
1	536
0	536
26	0
1154	26
4	1
5	0
4	0
8	0
7	0
2	43
145	43
2	0
289	0
184	0
16	286
0	286
249	0
0	0
5	3
1	14
2	14
2	1
4	1
5	4
44	0
4	0
70	411
14	411
14	0
0	11
0	31
0	526
5	122
25	579
2	69
94	8
0	2
14	623
7	623
0	746
20	387
0	19
0	343
0	74
0	420
17	205
5	38
21	167
1	0
146	0
1	0
3	0
2	0
9	0
2	0
2	0
1	0
1	0
0	248
0	210
0	166
0	292
0	239
24	462
45	462
447	0
2	1453
0	1488
15	299
0	1371
0	1341
1	700
0	1458
1	0
6	0
23	2
31	0
47	0
11	41
12	41
4	0
0	26
9	26
696	0
770	0
1	37
22	188
30	188
1	125
5	2
7	387
0	592
2	592
139	373
0	373
0	527
0	521
0	547
0	509
0	543
0	567
0	564
0	609
0	153
0	559
0	560
0	569
0	599
0	583
0	571
0	586
0	0
23	0
2	0
48	0
7	0
4	0
2291	0
202	554
42	554
1216	0
0	32
140	4319
16	4319
851	31
0	26
3853	16
2	0
0	3
4	3
109	1
10	221
5	224
2	230
0	134
0	1
1	224
3	6
0	1028
0	1028
0	1007
15	660
0	1007
0	1028
0	1028
0	1028
0	1007
8	0
4	0
0	0
9	0
11	0
31	0
7	0
3	0
1	0
20	6
0	6
227	44
0	44
0	105
0	135
0	91
0	103
0	147
0	61
299	0
0	107
0	170
0	162
0	115
0	65
95	65
45	0
291	0
0	218
2	132
7	222
3	217
0	444
95	419
20	374
6	13
7	0
50	0
31	0
19	0
26	1
8	0
0	0
14	0
202	0
168	0
2	1
114	1
73	4
0	1
1	3
179	1
172	260
10	260
14	398
191	398
102	0
25	0
8	0
3	0
8	0
6	0
1	0
5	0
5	0
5	59
10	59
10	0
39	0
0	7
51	7
50	0
1	33
0	33
19	255
92	255
20	273
2	184
3	90
37	417
6	417
0	206
2	401
1	143
0	205
0	402
79	0
3	51
0	108
0	15
0	21
2	26
0	149
0	62
1	44
0	2
30	0
8	0
2	0
3	0
1	0
3	0
26	0
0	9
9	32
2	155
0	271
0	357
11	4
3	138
16	0
5	0
9	0
5	0
12	7
0	7
6	3
2	3
3	1
32	417
29	503
4	502
0	99
0	84
0	297
0	317
0	283
0	298
0	70
0	846
0	854
0	876
0	824
4	840
16	70
23	70
26	52
0	52
0	20
9	3
6	25
38	0
4	0
13	16
0	8
11	16
0	2
9	0
0	52
2	0
3	0
14	1
10	0
6	0
310	275
50	249
1	0
0	0
0	26
0	79
0	5
23	5
0	152
169	52
19	153
0	1
5	5
0	5
5	1
6	7
6	7
13	2
22	6
8	6
29	365
0	343
7	183
0	356
7	273
9	162
0	316
0	212
4	14
0	17
20	6
4	1
0	23
4	36
1	19
0	10
13	7
0	14
6	33
1	24
1	13
3	0
0	0
1	0
113	0
0	19
0	19
1	0
182	1
366	578
1	578
7	496
173	496
98	0
252	0
1	4
4	4
0	213
0	215
0	219
0	221
46	5
0	1406
0	1192
1	9
0	995
0	166
0	380
0	33
3	0
21	0
2	0
2	0
103	0
419	0
107	0
5	0
1	0
29	0
1	3
29	4
15	4
44	23
0	23
0	6
11	106
1	106
3	304
0	369
2	105
2	194
110	0
0	1
9	2
4	0
0	116
0	127
48	1
2	111
4	105
61	50
20	144
9	108
4	395
0	384
63	62
0	28
0	11
0	17
0	30
0	63
0	14
1	5
0	28
1	42
10	7
0	30
0	57
10	17
0	34
6	6
0	13
10	9
4	5
1	2
6	0
18	0
6	0
4	0
0	2
14	0
0	2
0	3
22	2
6	80
6	82
0	6
0	4513
7	2938
34	123
1	3003
0	4368
9	2237
7	2919
1	2599
2	840
2	2514
1	1299
0	2
0	871
0	660
0	882
0	696
0	918
0	907
0	686
0	308
0	86
1	0
0	0
9	1
432	0
23	0
1	2
0	6
202	6
328	0
6	314
32	314
223	0
512	0
0	0
3	0
2	0
9	353
5	126
0	401
0	433
2	136
403	0
0	150
0	48
0	123
0	140
0	58
0	31
121	0
1	0
3	0
0	5
0	7
0	7
0	7
0	25
0	25
0	4
8	4
5	8
162	54
0	54
9	235
11	235
0	26
0	131
84	131
0	87
0	87
1019	22
15	22
0	2274
3	537
0	2327
0	1311
16	0
0	2223
0	2615
0	2276
0	1262
0	1217
0	2668
0	1356
0	127
2	17
0	17
0	464
0	354
0	473
0	317
0	418
0	345
0	446
0	436
0	308
0	409
0	427
0	455
30	233
3	233
2	89
266	0
1	95
48	103
16	8
0	2
16	286
2	286
46	0
58	0
2	0
14	591
19	591
0	84
2	288
98	288
60	0
84	0
26	326
152	326
11	0
1	0
0	0
9	0
2	4
5	329
0	0
4	31
0	183
0	108
3	5
0	290
26	0
0	226
0	227
6	175
0	122
3	28
2	1
0	2
0	2
0	2
0	2
3	1
1	3
1	1
3	0
3	0
3	0
0	0
7	1
2	18
17	2
5	17
0	10
9	0
4	0
8	67
7	2
1	64
6	14
0	20
0	19
4	10
5	0
6	68
2	1
0	16
4	0
3	0
3	0
4	0
10	0
4	312
65	312
3	173
3	0
0	11
0	11
6	0
119	588
9	588
2	55
0	141
1	2
3	148
25	0
115	0
34	11
0	11
96	41
0	41
92	0
13	0
4	7
223	72
22	72
7	11
9	400
7	400
0	304
0	297
0	413
4	145
0	420
3	0
53	0
5	0
29	0
2	0
0	0
2	0
2	0
450	0
1	137
1	4
25	643
0	596
8	643
83	0
5	0
0	1
33	2
2	107
173	107
3	0
6	0
0	0
25	0
15	0
35	0
0	382
0	382
0	382
0	382
0	382
0	382
1	1
93	493
12	492
0	64
0	668
0	665
0	654
0	651
256	9
8	9
206	0
7	1785
25	1785
3	0
9	0
23	0
12	0
33	0
1	0
5	0
5	0
31	0
0	0
4	0
1	0
2	53
0	0
0	133
0	24
0	145
0	36
21	0
5	750
0	1992
0	1952
0	1989
0	1949
0	1982
0	1940
0	92
0	1980
0	846
0	1973
0	2001
0	825
0	834
0	1961
0	827
0	818
0	1970
0	837
0	1961
4	0
264	0
127	0
64	0
84	0
193	0
9	523
3	521
34	521
6	287
39	287
2	40
1	38
30	1
4	3
0	39
0	37
0	39
0	37
0	37
14	866
96	993
37	169
1	510
1	0
8	10
1	10
2	0
6	0
34	0
0	294
0	167
1	140
0	119
0	246
235	403
0	403
0	3
39	0
22	3
92	3
67	1
2	1
11	361
0	3
0	625
0	478
0	776
2	633
0	690
0	531
0	711
2	4
109	0
2	0
2	0
16	1
34	0
4	0
5	0
4	0
0	0
1	0
5	0
2	25
7	25
1	0
3	0
4	0
4	0
2	0
3	0
1	0
0	0
0	0
1	0
0	0
3	0
0	1
0	1
5	0
7	0
3	0
1	0
5	0
0	11
0	11
4	0
3	0
2	0
3	0
4	0
5	1
5	0
7	0
6	0
3	0
2	5
1	0
7	0
0	1
1	1
5	0
2	0
8	0
3	0
6	0
6	0
11	0
3	0
6	0
10	0
2	0
8	0
5	0
5	0
9	0
6	0
1	0
4	0
0	0
2	0
4	0
3	0
3	0
2	0
6	0
0	0
3	0
2	0
7	0
2	0
2	0
3	0
1	0
2	0
2	0
18	0
7	0
9	0
0	0
4	0
3	0
2	0
2	0
3	0
3	6
1	0
5	0
7	0
5	0
5	0
7	0
11	0
5	0
4	0
0	1
4	0
3	0
2	0
5	0
12	0
8	0
17	0
0	0
1	0
2	0
1	0
1	0
1	0
2	0
4	0
6	0
3	0
3	0
2	0
1	0
2	0
4	0
3	0
2	0
1	0
2	0
0	0
4	0
6	0
6	0
2	0
2	0
1	0
4	0
3	1
5	0
3	0
2	0
1	0
1	0
2	0
3	0
3	0
0	0
0	0
4	0
1	0
3	0
3	0
2	0
2	0
2	0
2	0
3	0
2	0
2	0
0	0
8	0
1	0
1	0
3	0
1	0
4	0
4	0
3	0
2	0
0	0
7	0
2	0
2	0
1	0
5	0
2	0
2	0
4	0
0	0
2	0
1	0
0	0
4	0
1	0
0	0
1	0
1	0
3	0
2	0
2	0
2	0
8	0
4	0
2	0
5	0
0	0
2	0
5	0
2	0
3	0
1	0
2	0
3	0
3	0
0	3
0	3
4	0
0	0
1	0
1	0
1	0
11	314
0	314
285	0
36	256
2	256
3	5
0	9
135	9
5	64
0	64
300	0
1	0
102	0
29	0
19	0
9	0
0	0
3	238
3	238
38	240
5	0
1	0
4	15
123	23
0	8
128	0
412	51
2	47
0	4
2	140
41	365
28	503
18	0
23	0
18	0
7	344
56	371
32	371
0	0
1	6
0	6
0	0
2	4
0	6
2	2
0	6
50	6
89	0
17	40
2	40
0	0
6	4
2	196
8	247
29	247
0	163
480	0
4	35
24	35
0	0
3	30
8	30
2	55
7	55
0	11
202	11
0	0
1	6
0	8
0	13
0	8
1	9
1	8
6	0
20	2
0	2
13	0
9	4
0	4
0	2
2	53
1	64
8	61
12	122
16	2
18	2
1	2
0	321
0	304
0	246
7	190
0	312
0	239
0	295
6	0
84	0
421	0
4	1
2	0
19	334
9	334
1	0
461	0
0	0
49	0
143	0
3	0
1	0
3949	4
92	19
0	19
580	0
32	12
17	15
0	3
48	0
121	0
0	8
417	8
3	51
44	601
2	550
38	0
38	29
34	0
0	29
2	0
5	0
27	0
29	0
8	0
5	0
3	0
0	18
3	18
0	18
73	0
0	8
2	8
1	35
35	35
121	0
170	95
28	95
2	95
7	0
5	0
5	0
2	0
0	0
6	0
40	46
5	46
19	7
2	0
5	0
17	0
297	0
14	66
12	66
2	1
129	1
1	18
4	18
42	1
0	30
1	30
0	30
2	43
0	6
55	64
1	58
1	0
0	5
3	18
3	11
0	11
2	171
367	0
3	0
182	171
2	0
2	0
9	2
47	2
10	0
12	9
2	9
3	0
3	2
40	2
4	0
22	0
14	0
0	2
3	2
3	1
4	0
10	0
17	19
3	19
41	0
3	0
4	0
11	5
0	5
5	94
10	142
0	48
0	4
5	0
1	4
7	4
5	8
2	11
0	6
0	18
6	19
1	1
0	0
14	3
14	3
2	10
39	10
0	10
0	0
2	0
1	2
1	3
0	60
0	41
0	65
0	46
35	27
6	27
3	1
145	0
2	3
3	3
5	0
21	0
10	0
8	184
237	184
225	0
213	167
2	35
2	167
147	0
600	7
0	7
299	0
4	0
33	0
31	0
2	0
170	0
2	79
288	79
821	0
0	0
0	0
289	0
12	0
1	6
3	6
19	0
20	0
3	0
2	0
1	0
5	3
1	3
5	3
1	3
0	0
0	0
5	0
0	2
1	1
2	6
0	0
60	0
15	448
71	388
138	677
169	502
226	264
0	6
10	6
1	2
1	3
141	0
156	1
6	1
9	0
0	1
32	1
8	1
7	0
0	9
16	9
2	2
0	0
4	0
20	2
4	0
201	0
2	207
0	1
50	207
822	0
39	0
14	123
825	276
0	276
12	0
5	0
11	0
2	0
0	0
1	10
2	10
0	0
0	0
1	0
2	0
9	0
3	0
3	0
0	0
2	0
2	0
9	0
3	0
7	0
2	0
4	2
2	0
7	0
2	5
1	5
8	0
0	0
1	0
2	0
100	0
0	0
9	0
5	0
7	0
1	0
5	0
1	0
4	0
1	0
2	0
4	0
5	0
2	0
7	0
7	0
1	0
5	0
4	0
6	0
6	0
4	0
9	0
2	0
4	0
5	0
3	0
7	0
3	0
0	0
4	0
3	0
10	0
2	0
3	0
24	0
4	1
2	0
2	0
2	0
8	0
0	0
2	0
6	0
6	0
2	0
2	0
3	0
4	0
7	0
6	0
0	0
1	0
1	0
0	0
1	1
1	0
2	0
2	0
9	0
3	0
3	0
3	0
4	0
3	0
1	0
2	0
1	0
1	0
1	0
2	0
6	0
2	0
9	0
7	0
0	0
2	0
2	0
18	0
1	0
5	0
2	0
6	0
5	0
16	0
3	0
2	0
4	0
19	0
1	0
3	0
6	0
1	0
0	0
7	0
5	0
0	0
8	0
4	0
11	0
1	0
6	0
3	0
2	0
2	1
5	0
6	0
2	0
6	0
1	0
1	0
4	3
1	0
4	0
2	0
5	1
5	0
2	0
5	0
6	0
3	0
1	0
3	0
7	0
2	0
3	0
12	0
0	0
3	0
2	0
265	0
7	0
0	0
4	0
4	0
3	0
20	11
3	11
5	0
4	0
59	0
3	0
1	0
5	0
3	0
1	0
7	41
66	41
3	0
12	0
9	0
6	1
0	1
7	0
14	0
8	0
5	0
3	0
13	0
0	0
0	0
0	0
1	0
0	3
1	3
0	21
35	21
4	0
3	0
8	0
3	0
1	0
2	0
6	0
3	0
1	0
4	0
3	0
9	0
0	0
7	0
8	0
8	0
0	13
0	13
3	0
12	0
1	4
0	4
0	2
0	2
9	2
4	0
19	0
10	0
24	0
0	0
0	0
0	0
6	0
103	83
13	83
26	0
68	0
7	3
1	0
3	0
5	0
3	0
4	0
0	0
1	0
2	4
8	4
1	0
127	3
2	3
19	10
2	10
8	0
2	0
1	0
2	0
3	0
11	0
0	0
83	0
7	0
18	36
6	36
1	0
6	0
5	0
4	2
10	0
0	0
0	0
0	0
3	0
3	0
7	0
0	0
0	0
15	0
13	0
2	0
7	0
4	0
3	0
5	0
447	0
4	0
2	67
6	67
3	0
20	0
7	0
0	34
0	34
46	0
4	0
8	0
8	0
5	0
1	0
7	0
1	0
2	7
2	7
3	2
574	292
58	292
37	0
16	0
6	0
69	0
2	0
5	0
4	0
0	30
10	30
23	0
3	0
2	0
11	0
13	0
7	0
4	3
0	3
5	0
6	0
2	0
5	0
0	0
4	0
34	0
11	0
0	0
3	0
4	0
0	0
13	0
0	7
1	7
3	0
2	12
0	57
1	46
0	12
2	12
0	0
14	0
3	0
1	0
4	0
2	0
7	0
3	0
5	0
0	0
79	0
4	0
3	0
4	0
2	0
4	0
1	0
1	0
5	0
18	0
11	0
7	1
2	0
1	0
2	0
2	0
4	0
3	0
4	0
3	0
4	0
9	0
3	0
3	0
0	0
0	0
0	0
4	0
0	0
1	0
8	0
5	38
0	38
6	8
2	0
1	0
8	0
15	0
2	0
8	0
1	0
2	0
10	0
5	0
11	0
33	0
72	0
0	22
68	22
1	0
1	0
2	0
8	0
9	0
2	0
15	0
1	0
0	0
5	0
1	0
25	0
7	0
5	0
3	0
0	0
13	26
1	26
1	7
4	0
4	10
352	12
0	2
3	0
23	0
22	0
0	4
0	4
8	1
10	1
23	0
1	94
1	68
12	94
5	0
0	31
3	31
6	0
2	0
7	0
5	0
4	0
9	0
2	3
2	0
9	0
3	0
5	0
37	0
0	27
9	27
0	0
1	0
2	0
4	0
4	0
0	123
13	123
4	0
1	0
1	0
0	0
9	0
5	0
0	0
3	0
9	15
2	15
3	0
2	0
8	40
0	40
3	0
4	0
2	0
10	0
2	0
1	3
1	0
98	0
8	1
0	0
1	0
5	0
32	0
4	0
0	1
2	1
7	0
0	0
0	0
0	152
396	152
1	0
8	0
10	0
1	0
1	0
2	0
5	0
0	0
19	0
4	0
0	0
5	0
3	0
26	0
6	0
1	0
4	0
2	0
37	0
18	0
3	0
4	0
38	44
0	44
5	0
1	0
5	0
0	0
58	0
6	0
0	0
3	0
0	7
15	7
1	256
0	256
3	0
0	0
5	0
36	0
3	0
73	0
3	0
8	0
1	0
2	0
5	0
5	0
2	0
6	2
0	2
2	0
14	122
1	122
0	0
8	0
1	0
1	50
0	50
1	0
0	0
11	0
3	0
1	0
4	0
12	0
24	0
3	0
1	0
14	0
5	0
12	0
4	0
3	0
1	0
12	0
3	0
8	0
5	0
3	0
0	0
2	0
8	0
5	0
3	0
5	0
4	0
3	0
91	6
85	0
27	0
3	0
13	0
1	0
3	0
2	0
2	0
2	0
262	0
17	0
6	0
106	0
3	0
1	0
1	0
17	0
1	0
5	0
2	0
3	0
4	0
2	0
10	0
5	0
11	1
0	1
5	0
4	0
8	0
1	0
24	0
9	0
3	0
1	0
1	0
7	0
1	0
8	0
3	0
8	0
4	0
1	2
3	2
4	0
1	0
6	0
4	0
1	0
3	0
14	0
12	0
1	0
4	1
4	0
5	0
2	0
3	0
0	5
2	5
1	1
4	0
5	0
1	0
8	0
38	0
0	0
2	0
25	0
19	1
2	0
5	0
15	0
3	1
1	1
7	0
1	0
4	0
3	0
2	0
11	0
1	0
0	3
2	3
6	0
111	0
4	0
3	0
18	0
4	0
6	0
2	0
2	0
9	3
6	0
0	0
1	0
1	0
1	0
4	0
1	0
4	0
1	0
2	0
3	0
1	0
1	0
50	0
1	0
2	0
4	0
8	0
1	0
5	0
1	0
1	0
1	0
3	0
2	0
2	0
1	0
4	0
5	0
0	3
4	3
1	0
2	0
1	0
2	0
4	0
4	0
1	0
1	0
1	0
2	0
0	0
2	0
2	0
3	0
3	0
6	0
2	0
3	0
0	0
2	0
0	0
2	0
2	0
5	0
6	0
0	0
2	0
3	0
3	0
4	0
3	0
3	0
6	0
2	0
2	0
0	0
2	0
2	0
1	0
2	0
0	0
6	0
4	0
8	0
1	0
2	0
3	0
5	0
6	0
1	0
0	0
5	0
3	0
0	8
0	8
4	0
3	0
3	0
4	0
6	0
3	0
3	0
12	0
2	0
0	0
0	0
0	0
1	0
1	0
2	0
0	0
4	1
1	0
3	0
3	0
3	0
3	0
1	0
3	0
2	0
4	0
4	0
14	0
6	0
0	0
12	0
13	0
2	0
2	0
5	0
4	0
2	0
3	0
7	1
2	0
11	1
0	0
1	0
37	0
3	0
4	0
20	0
5	0
3	0
2	0
5	0
9	0
11	0
2	0
3	0
23	0
9	0
1	0
82	0
4	0
7	0
9	0
2	0
1	0
4	0
5	0
2	0
0	0
1	0
4	0
18	0
0	9
0	9
4	0
8	0
2	0
4	0
0	0
4	0
3	0
2	0
23	0
2	0
3	0
5	0
2	0
4	0
2	0
0	0
0	8
0	8
6	0
3	0
8	0
3	0
10	1
4	0
3	0
6	0
24	0
3	0
5	0
34	2
40	5
7	0
2	0
7	0
7	0
0	0
4	0
1	0
5	0
1	0
23	0
0	0
6	0
2	0
2	0
4	0
5	0
6	0
2	0
4	0
4	0
7	0
8	0
3	0
5	0
5	0
2	0
2	0
34	0
5	0
3	0
7	0
3	0
14	0
1	0
5	0
13	0
7	0
1	0
0	0
7	0
4	0
3	0
3	0
10	0
3	0
1	0
2	0
1	0
8	0
1	0
6	0
4	0
2	0
1	0
4	0
5	0
2	5
2	5
0	0
2	0
3	0
9	30
5	30
2	0
0	0
3	0
4	0
1	0
9	0
1	0
0	0
2	0
0	0
6	0
1	0
2	0
1	0
2	0
1	0
0	0
6	0
3	0
1	0
3	0
2	0
3	0
4	0
3	0
4	0
2	0
12	0
6	0
40	0
1	0
4	0
15	1
0	0
0	2
2	2
5	0
1	0
9	0
1	0
5	0
8	0
17	0
4	0
4	0
0	0
2	0
6	0
0	0
1	0
0	0
2	0
3	0
4	0
3	0
0	0
3	0
1	0
2	0
1	1
2	1
3	0
8	0
3	0
3	0
5	0
2	0
0	0
4	0
0	0
3	0
2	0
2	0
3	0
13	0
3	0
6	0
4	0
2	0
1	0
1	0
1	0
2	0
4	0
11	0
0	3
2	3
0	3
7	3
5	0
1	0
2	0
0	0
2	0
5	0
9	0
5	0
6	0
1	0
3	0
0	0
6	0
2	0
37	0
0	0
0	0
8	0
1	0
3	0
6	0
4	0
15	0
0	0
0	0
7	0
0	0
1	0
1	0
2	0
3	0
3	0
2	0
3	0
6	0
0	0
3	0
4	0
4	0
2	0
6	0
5	0
6	0
5	0
2	0
2	0
4	0
23	0
4	0
4	0
2	0
1	0
5	0
0	0
2	0
3	0
3	0
17	46
4	46
2	0
4	7
1	0
3	0
18	4
1	0
3	0
63	0
55	0
4	0
1	0
0	0
3	0
1	0
0	0
6	0
3	0
18	0
15	0
2	0
0	0
0	0
0	0
0	0
0	0
0	0
3	0
7	0
2	0
0	0
3	0
7	0
33	0
4	0
2	0
4	0
14	0
21	0
9	0
9	0
12	0
6	0
2	67
12	67
11	1
1	1
1	0
2	0
4	0
8	0
5	0
22	0
4	0
5	0
1	0
5	0
0	62
7	62
12	0
1	0
3	0
0	0
4	0
2	0
2	0
6	0
10	0
3	0
2	0
3	12
23	12
0	82
3	82
2	0
6	0
3	0
3	0
1	0
4	0
3	0
1	0
11	0
42	0
1	0
1	0
5	0
6	0
2	0
2	0
2	0
10	0
0	0
1	0
0	0
4	0
2	0
2	0
77	0
239	0
6	0
1	0
1	0
13	0
6	0
1	0
3	0
6	0
3	0
2	0
3	6
4	0
3	0
8	5
7	0
3	0
15	0
12	0
3	0
5	0
5	0
1	0
6	0
3	0
4	0
7	0
1	0
1	0
5	0
1	0
2	0
3	0
3	0
0	0
1	0
5	0
3	0
3	0
4	0
1	0
3	0
2	0
0	0
4	0
6	0
8	0
1	0
5	0
1	0
3	0
2	0
2	0
2	0
0	0
8	0
12	0
2	0
0	0
4	0
1	0
4	0
6	0
2	0
0	3
0	3
6	0
1	0
3	0
3	0
3	0
3	0
4	0
10	0
2	0
3	0
4	0
3	0
3	0
0	0
3	0
1	0
7	0
6	0
4	0
8	0
2	0
0	2
1	30
6	30
8	0
1	0
3	3
0	3
0	3
3	0
10	0
4	0
1	0
5	0
16	0
5	0
20	0
10	0
1	0
2	0
4	0
0	0
0	0
0	0
4	0
128	0
3	0
2	0
5	0
6	0
17	10
3	8
7	0
8	0
78	0
15	0
0	2
2	2
3	0
1	0
3	0
1	0
4	0
8	0
6	0
0	1
1	1
3	0
0	0
0	0
1	0
3	0
0	0
0	3
0	3
16	0
9	0
0	2
0	2
0	2
0	2
7	6
1	0
6	0
3	0
2	0
0	1
4	1
0	25
0	17
0	29
0	21
5	0
6	0
14	0
69	24
3	24
6	0
5	0
6	0
11	5
0	5
0	4
1	0
2	0
3	0
4	0
2	2
2	2
5	0
4	0
5	0
6	0
2	0
3	0
2	0
5	0
2	0
3	0
2	0
0	7
7	7
71	0
7	0
4	0
0	7
1	7
12	0
0	2
6	0
0	11
760	11
2	0
1	0
3	0
2	5
5	5
4	0
2	2
0	2
0	0
6	1
55	1
0	0
16	0
9	0
2	0
3	0
4	0
146	0
0	8
2	8
1	4
3	0
0	0
2	0
2	0
1	0
0	0
1	2
0	3
1	3
3	0
1	0
0	0
6	0
2	0
55	0
2	0
3	0
4	0
0	6
6	6
1	0
4	0
3	0
2	0
6	0
3	0
2	0
1	0
2	0
1	0
2	0
4	0
5	0
5	0
5	0
3	0
3	0
1	0
4	0
3	0
5	0
3	0
1	0
2	0
2	0
0	0
0	0
5	0
1	1
0	1
1	0
1	0
16	0
2	0
7	0
10	0
6	0
4	0
1	0
1	0
3	0
1	0
23	0
3	0
3	0
2	0
15	0
8	0
2	0
1	0
4	0
2	0
1	0
3	0
4	0
0	0
4	0
9	0
3	0
0	0
6	0
7	0
3	0
2	0
2	1
1	0
2	0
7	0
4	0
3	0
1	0
1	0
3	0
3	0
0	0
22	0
5	0
1	0
8	0
22	0
4	0
3	0
4	0
1	0
18	0
3	0
1	0
0	0
5	0
7	0
4	0
1	0
5	0
4	0
11	0
5	0
0	0
5	0
0	13
6	13
5	0
2	0
0	1
1	1
3	0
2	0
7	0
215	0
4	0
1	0
2	0
3	13
1	13
185	0
0	0
3	0
6	0
4	0
2	0
6	0
9	0
2	0
2	0
2	0
0	9
0	10
0	9
1	0
8	0
3	0
5	0
3066	0
3	0
4	0
4	0
7	0
0	0
0	0
4	0
6	0
2	0
0	0
3	0
0	0
4	0
4	0
10	0
15	1
0	0
5	1
1	0
2	0
15	0
6	0
2	0
1	0
1	0
5	0
2	0
51	0
10	0
66	0
4	0
2	0
23	0
6	0
5	0
1	0
4	0
1	0
9	0
2	2
0	2
1	0
2	0
7	0
0	0
5	0
3	0
3	0
1	0
3	0
1	0
3	0
5	0
4	0
7	0
2	0
11	0
4	0
5	0
4	0
24	0
13	0
1	0
31	0
2	0
8	0
10	0
4	0
2	0
4	0
10	0
0	0
6	0
2	0
3	0
0	0
3	0
0	0
2	0
1	0
1	0
2	0
2	0
1	0
1	0
2	0
1	0
1	0
0	0
2	0
0	0
0	0
1	0
2	0
0	0
2	0
2	0
2	0
2	0
2	0
0	0
4	0
3	0
3	0
3	0
3	0
2	0
3	0
0	0
2	0
1	0
1	0
2	0
2	0
3	0
3	0
2	0
1	0
1	0
0	0
1	0
1	0
1	0
3	0
2	0
0	0
4	1
1	0
2	0
2	0
2	0
0	0
5	0
1	0
19	0
5	0
0	5
6	5
4	0
0	0
1	0
0	0
0	0
3	0
16	0
0	68
1	35
5	160
1	92
2	0
35	0
4	0
1	0
463	0
12	0
14	0
31	0
1	0
2	0
3	0
44	8
3	8
0	0
4	0
0	0
3	0
4	0
2	0
3	0
4	0
9	0
9	0
8	0
4	0
4	0
64	0
3	0
1	0
2	0
4	0
13	0
6	0
1	0
3	0
1	0
5	0
24	8
2	1
0	1
6	0
0	117
0	1
0	165
0	130
0	178
3	0
3	0
16	0
4	0
5	0
4	0
1	0
12	0
44	0
1	0
3	0
0	0
10	1
1	0
1	0
1	0
20	0
14	0
2	0
5	0
3	17
0	46
0	44
79	0
5	0
3	0
4	0
3	0
2	0
4	0
2	0
9	0
4	0
4	0
5	0
9	2
1	2
2	0
1	1
0	1
23	0
10	0
7	0
0	0
90	1
15	1
10	0
1	0
0	0
2	0
0	0
17	0
2	0
0	0
11	0
2	0
0	0
2	0
4	0
77	0
4	0
0	0
12	0
2	0
5	0
24	0
9	0
16	0
0	0
5	0
4	0
1	0
1	0
1	0
4	0
1	0
5	0
5	0
5	0
4	0
6	0
3	0
34	12
1	12
7	0
28	0
5	0
5	0
1	0
3	0
1	0
3	0
3	0
4	0
3	0
1	0
0	0
0	0
0	0
1	0
3	0
3	0
0	0
5	0
0	0
7	0
3	0
2	1
1	0
2	0
4	0
0	0
2	0
3	0
0	0
0	0
1	0
7	0
3	0
3	0
0	0
2	0
0	0
4	0
11	0
1	0
4	0
3	0
4	0
1	0
10	3
2	3
5	0
0	0
6	0
2	0
2	0
3	0
3	0
5	0
0	0
6	0
4	0
4	0
1	0
2	0
3	0
1	0
2	0
3	0
0	0
3	0
10	0
1	0
2	0
2	0
0	2
3	2
4	0
0	5
0	5
1	4
5	0
2	0
1	0
6	0
1	0
9	0
1	0
1	0
1	0
0	1
1	1
8	11
9	157
12	157
1	0
3	0
1	0
3	0
3	0
2	0
3	0
1	0
4	0
2	0
3	0
1	0
3	0
10	0
3	0
6	0
2	0
0	0
1	0
2	0
0	0
6	0
1	0
2	0
0	0
3	0
3	0
1	0
8	0
5	0
4	0
1	0
4	0
4	0
3	23
2	23
6	0
4	0
2	0
7	0
6	0
13	0
2	0
1	0
6	0
2	0
6	0
1	0
4	0
3	0
6	0
6	0
7	0
5	0
4	0
5	0
5	0
2	0
3	0
5	0
65	0
0	0
2	0
1	0
2	0
2	0
3	0
11	0
1	0
1	0
5	0
2	0
6	0
4	3
3	1
1	0
10	0
2	0
2	0
3	0
10	0
18	0
6	0
2	0
5	0
1	0
8	0
3	0
4	0
4	0
9	0
9	0
0	0
20	0
17	0
5	0
8	0
2	0
8	0
5	0
3	0
191	0
3	0
5	0
6	0
3	0
1	1
3	0
2	0
4	0
9	0
3	2
0	3
1	0
5	0
3	0
0	4
2	4
3	0
13	0
10	0
4	0
8	0
12	0
2	0
1	0
3	0
0	0
1	0
4	21
0	21
5	0
4	0
3	0
0	0
3	0
1	2
2	2
2	0
2	0
5	2
3	0
2	0
0	1
3	1
4	12
0	12
8	0
0	2
2	2
4	10
67	10
1	0
2	0
2	0
2	0
11	0
3	0
34	0
15	0
3	0
7	0
4	0
2	0
23	2
0	2
19	0
12	0
3	0
2	0
3	0
1	0
5	0
6	0
4	7
4	7
4	0
1	0
1	5
0	5
3	0
17	138
0	138
5	3
0	3
0	0
101	276
2	276
0	11
2	2
1	3
20	229
4	230
221	1
2	80
16	80
66	0
0	0
27	82
1	82
2	0
0	43
22	43
3	0
8	14
4	0
0	50
5	50
0	16
0	15
0	54
3	81
0	18
71	86
249	0
25	166
0	166
0	7
4	8
1	3
0	1
6	5
3	5
0	0
2	0
0	41
302	41
12	0
1	0
0	8
6	8
0	2
167	291
0	291
521	0
67	0
2	77
14	77
418	0
186	0
14	0
0	23
2	23
11	49
1249	49
1	0
293	12
0	12
156	88
5	88
6	0
1	0
820	1
8	0
4	69
6	69
0	0
7	2
25	5
9	88
10	88
2	39
2	0
4	0
1	0
56	0
31	6
0	1
7	6
0	0
70	0
465	0
1	0
114	0
18	0
47	0
1	0
1	254
35	770
6	471
35	770
2	1
172	1
0	5
18	5
53	0
1	2
11	2
1	1
3857	3263
0	3263
0	0
30	0
89	0
64	0
2	7
3	7
5	1
0	1
1	0
8	0
1	186
28	227
39	227
0	125
15	125
0	123
0	124
0	123
0	415
0	415
0	0
1	0
108	0
0	0
11	0
9	0
19	0
1	0
147	150
2	150
15	0
30	0
2	0
7	1
0	15
5	16
1	1
4	64
0	64
1	0
2	0
8	0
3	0
10	0
1	0
160	1
0	1
0	21
33	21
1	0
7	0
66	20
0	20
8	2
5	2
4	3
0	3
1	0
24	121
3	121
8	0
178	0
0	0
362	31
1	31
3	0
18	349
3	349
3	0
7	5
70	0
2	0
0	29
0	229
1	175
29	229
3	0
10	0
1	0
0	0
4	0
135	0
1	0
28	1
423	0
0	0
289	0
0	0
0	0
0	0
2	0
5	196
762	196
0	13
3	38
7	38
10	0
0	13
3	0
55	0
2	162
7	162
12	1
7	1
23	80
1	80
97	32
0	32
58	139
0	11
19	138
3	0
229	8
3	8
5	0
2	0
1	17
17	2
0	11
3	26
20	97
10	97
1	1
5	0
1	3
11	3
193	0
6	0
4	0
1	0
31	0
27	0
6	0
8	0
0	0
2	0
8	0
447	51
0	22
0	29
331	405
7	405
0	2
3	2
1	0
0	0
71	0
543	0
32	0
1	23
13	23
34	0
0	0
11	0
4	0
1	0
2	0
130	0
6	0
0	1
0	1
1	0
1	4
0	4
0	0
3	0
0	0
0	6
9	6
8	0
6	0
7	0
0	159
115	190
0	31
11	8
2	8
2	8
7	0
0	0
0	0
4	0
0	7
3	7
0	11
1	11
9	0
4	0
5	0
0	0
2	6
4	6
1	0
2	0
1	0
6	0
0	0
21	0
2	0
6	0
1	0
8	0
1	0
1	0
317	1
4	0
4	0
1	0
63	0
4	0
0	0
26	0
6	0
25	0
14	0
0	0
12	0
4	0
0	103
58	103
2	0
3	0
2	0
389	7
0	7
3	0
6	0
5	13
1	13
1	13
0	0
46	0
1	0
7	0
179	0
4	0
1	0
3	0
11	0
0	0
0	0
0	0
0	0
5	0
4	0
11	0
13	0
1	0
38	0
33	0
3	0
3	0
35	28
0	28
4	0
6	0
7	0
12	0
12	0
1	0
7	0
2	9
5	9
569	0
87	0
4	0
0	0
5	0
12	0
0	73
0	1
69	74
360	0
1	0
2	0
11	0
3	0
8	0
1	0
6	0
8	0
3	0
7	0
5	0
3	0
10	0
10	0
7	0
2	0
2	0
1	0
6	0
32	0
6	0
0	0
8	0
3	0
3	0
3	0
14	0
2	0
20	0
5	0
1	0
4	0
1	330
11	330
0	3
9	3
3	3
6	0
4	0
7	0
81	88
0	1
3	88
1	0
12	0
0	2
2	2
2	0
11	0
4	0
4	2
0	2
2	2
5	0
1	4
0	4
6	0
3	0
8	1
0	1
11	1
252	0
3	0
8	1
7	0
1	0
88	0
4	0
13	3
2	3
4	7
15	7
44	0
53	0
2	0
12	0
78	0
42	0
9	0
2	0
10	3
7	6
6	6
1	0
3	0
10	0
4	0
0	0
11	0
8	0
28	0
1	0
2	0
0	1
0	1
1	0
7	0
3	0
2	6
1	6
5	0
4	0
2	0
36	0
3	0
10	0
44	1
3	0
3	0
3	0
1	0
2	0
2	0
1	3
5	0
1	0
2	0
0	0
58	0
10	0
1	0
0	0
0	1
1	1
7	0
2	0
3	0
3	4
2	6
0	6
1	4
1	0
0	0
0	0
9	0
9	0
2	0
1	0
4	0
5	0
15	0
2	0
4	0
2	0
3	0
76	0
10	0
7	0
31	0
1	1
1	2
0	2
3	10
3	10
3	0
8	0
0	0
1	0
16	0
4	0
7	0
6	0
2	0
3	0
1	1
0	1
8	0
5	0
3	0
0	0
0	0
0	0
1	0
1	0
3	0
2	0
2	0
2	0
10	0
10	0
0	0
0	28
2	28
6	10
3	0
9	0
5	0
8	0
1	0
0	0
1	0
0	0
1	0
5	42
0	42
10	0
8	0
3	0
2	0
1	0
0	0
1	0
3	0
1	1
1	1
0	2
15	47
0	47
5	0
2	2
1	2
0	0
3	0
3	0
2	0
1	0
20	0
1	2
0	2
2	0
3	0
1	18
2	18
3	0
0	0
2	0
0	0
7	0
16	0
3	0
14	0
9	6
3	0
1	1
1	1
8	0
1	0
4	0
0	0
4	0
0	0
1	0
3	0
1	0
3	0
7	0
2	0
3	0
5	0
10	0
3	0
7	0
5	0
9	0
8	0
5	0
3	0
1	0
0	0
0	1
1	50
9	51
0	0
2	0
5	0
3	0
5	0
1	0
2	0
2	0
3	0
4	0
1	0
5	0
3	0
3	0
3	0
4	0
8	0
4	0
6	0
5	0
9	1
6	0
5	0
1	0
0	0
8	0
2	0
10	0
2	0
1	0
1	0
8	0
2	0
3	0
1	0
7	0
2	0
3	0
19	0
1	0
3	0
6	0
5	0
7	0
13	0
1	0
1	0
2	0
3	0
7	0
3	0
2	0
12	13
2	0
6	0
1	0
3	0
17	0
9	0
3	0
2	0
6	0
0	0
3	0
4	0
2	0
2	0
15	0
4	0
1	0
2	0
5	0
3	0
0	0
2	0
4	0
4	0
8	0
2	0
71	0
6	0
3	0
2	0
5	0
17	0
5	0
4	0
9	0
12	0
0	0
5	0
12	133
23	133
0	0
0	1
5	1
3	0
6	0
6	0
6	0
0	0
2	0
3	0
2	0
1	0
7	0
5	0
3	0
1	0
25	828
2	595
361	931
0	0
5	0
1	0
8	0
5	0
3	0
6	0
0	0
1	0
3	0
1	0
1	0
2	0
0	2
1	2
8	0
10	0
1	0
4	0
20	0
13	0
0	0
6	0
36	0
10	0
3	0
9	0
8	0
2	0
8	0
0	0
6	0
42	0
22	0
4	0
15	0
8	0
10	0
1	0
4	0
3	0
28	0
9	5
0	5
4	4
0	1
1	1
11	0
1	0
0	0
0	3
4	2
8	0
5	0
1	0
3	0
1	0
1	0
0	8
9	8
0	1
2	1
2	0
4	0
5	85
4	85
1	1
3	0
0	0
2	0
0	0
9	0
5	0
10	0
9	0
1	0
8	0
9	0
3	2
3	2
11	0
1	0
0	0
0	0
31	0
29	0
3	0
3	0
1	0
0	93
2	368
1	368
0	368
0	368
1	368
0	368
0	9
11	46
2	46
2	323
50	601
47	509
2	93
4	0
11	0
5	0
10	5
0	5
0	0
12	0
0	0
10	5
8	5
20	0
6	0
231	0
3	0
3	0
10	0
1	0
11	0
22	18
2	18
3	0
5	0
6	0
12	0
45	51
10	51
0	0
0	12
0	12
0	12
0	12
3	0
0	103
93	103
2	0
6	0
7	0
0	3
5	3
74	0
5	0
32	3
1	3
0	5
28	5
1	0
2	0
6	0
435	0
19	0
0	5
24	5
111	0
42	0
5	0
2	0
3	0
1	1
11	1
3	0
1	0
4	0
0	1
0	1
3	0
19	0
3	0
7	0
5	0
2	0
126	92
2	92
4	0
4	0
6	0
0	0
3	0
6	0
11	0
9	0
0	0
95	0
13	0
3	0
0	0
3	0
4	0
2	0
5	0
4	0
319	0
1	0
5	0
2	0
4	0
1	0
2	0
6	0
0	0
1	0
1	0
12	0
0	0
2	0
0	0
3	0
0	0
2	0
1	0
14	0
15	0
3	0
2	0
6	0
3	0
4	0
0	0
5	0
7	0
6	0
32	0
1	0
2	0
2	0
4	0
2	0
6	0
4	0
4	0
8	0
6	0
5	0
6	0
4	0
6	0
1	0
6	0
4	0
1	0
54	0
5	0
6	0
13	0
2	1
0	0
3	0
0	0
1	0
7	0
7	0
11	0
3	2
0	2
2	0
4	0
0	0
6	0
2	0
4	0
71	0
1	0
3	0
7	0
3	0
1	0
5	0
7	0
7	70
9	70
3	0
4	0
28	0
8	2
4	0
2	0
2	0
0	0
7	0
16	0
1	0
58	0
6	0
2	0
2	0
0	0
2	0
5	0
9	0
5	4
0	4
1	0
851	0
5	0
3	0
9	4
0	4
5	0
2	0
175	0
3	0
5	0
11	0
1	0
4	0
3	0
1	0
0	8
2	8
4	3
0	3
5	0
0	1
9	1
8	0
3	0
1	0
2	0
4	0
4	0
3	0
3	0
29	0
1	0
1	0
6	0
2	0
0	4
0	4
271	0
81	0
12	0
0	16
2	16
7	1
3	1
1	0
3	0
15	0
20	0
7	0
3	0
11	0
1	0
2	0
7	0
0	0
4	1
0	1
4	0
0	0
2	0
0	0
0	2
0	1
13	1
3	0
6	0
4	0
38	25
2	25
0	2
0	2
9	0
9	0
3	0
531	0
5	3
11	2
0	2
9	1
3	0
2	0
3	2
9	0
3	0
0	5
2	5
1	0
1	0
0	0
2	0
3	0
1	0
3	0
0	0
2	0
0	0
5	0
4	0
0	0
3	0
7	0
7	0
6	0
6	0
4	0
1	0
1	0
2	0
10	0
15	2
1	0
1	1
2	1
1	0
9	0
4	0
3	0
7	0
2	0
6	0
4	0
20	0
5	0
11	19
18	19
1	0
0	0
0	0
83	0
9	0
70	0
2	0
8	0
3	0
6	0
5	0
4	0
1	0
130	0
1	1
3	1
3	0
3	0
3	0
11	0
4	4
0	4
7	0
1	0
2	0
4	0
3	0
6	0
2	0
2	0
15	0
0	0
4	0
178	0
3	0
5	0
9	0
4	0
0	0
18	0
5	0
1	0
1	0
0	82
149	82
4	0
4	0
1	0
4	0
5	0
12	0
8	0
2	3
1	3
0	2
0	0
0	0
3	0
3	0
1	0
3	0
4	0
2	0
3	0
0	2
3	0
1	0
6	0
3	0
2	0
1	0
1	0
3	0
0	0
2	0
5	0
5	0
3	0
1	0
4	0
0	0
4	0
5	0
2	0
4	0
2	0
0	0
2	0
2	0
3	0
0	0
1	0
5	0
2	0
2	0
3	0
3	0
3	0
1	0
1	0
3	0
5	0
3	0
7	2
3	0
2	0
4	0
1	0
1	0
4	0
0	0
5	0
5	0
5	0
2	0
5	1
3	0
4	0
2	0
2	0
1	0
2	0
1	0
5	0
3	0
1	0
3	0
3	0
3	0
4	0
4	0
0	0
2	0
14	0
0	0
7	0
2	0
2	7
3	0
7	1
2	0
3	0
2	0
2	0
3	0
6	0
3	0
1	0
3	0
3	0
13	8
2	0
2	0
0	0
0	0
2	0
12	1
0	3
0	3
6	0
5	0
7	0
2	0
0	0
2	0
4	0
9	2
2	0
1	0
3	0
5	0
4	0
0	0
5	0
9	0
3	0
3	0
3	0
4	0
1	0
2	0
7	0
0	0
13	0
2	0
2	0
4	5
4	0
3	0
4	0
3	0
1	0
2	0
0	0
3	0
8	0
8	0
3	0
5	0
3	0
3	0
3	0
2	0
2	0
2	0
2	0
0	0
4	0
16	0
4	0
0	0
0	0
0	0
6	0
3	0
1	0
3	0
4	0
5	0
2	0
2	1
3	0
5	0
1	0
4	0
3	0
1	0
4	0
2	0
4	0
0	0
2	0
0	0
1	0
2	0
3	0
1	0
2	0
7	0
1	0
3	0
4	0
3	0
2	0
0	0
0	0
2	0
1	0
4	0
1	0
1	0
0	0
0	0
2	0
2	0
2	0
2	0
5	0
26	0
1	0
3	0
7	0
2	0
11	1
1	0
2	0
2	0
3	0
3	0
2	0
6	0
1	0
3	0
7	0
4	0
1	0
5	0
3	0
0	23
2	23
2	0
9	0
12	0
0	0
5	12
0	2
5	0
218	0
12	3
0	3
1	0
2	0
3	0
0	2
9	2
0	0
0	0
5	0
0	0
15	0
5	0
2	0
5	0
6	2
0	2
1	0
1	0
5	0
2	0
4	0
3	0
0	0
2	0
38	0
13	0
3	4
0	4
1	0
0	2
0	2
2	0
3	0
0	0
23	5
14	0
0	12
28	12
2	0
21	0
5	0
3	0
3	0
2	0
8	0
2	0
5	0
4	0
2	0
3	0
1	1
172	3
23	0
0	1
21	20
4	23
0	2
15	2
26	0
0	0
6	0
6	0
30	0
10	0
0	1
0	1
10	0
1	0
1	0
4	0
2	0
3	0
0	0
0	0
0	0
0	0
0	0
5	2
0	2
5	0
13	24
3	24
1	0
19	0
21	0
28	0
2	0
6	0
3	0
1	0
0	0
3	0
5	0
3	6
1	6
2	0
0	0
1	0
1	0
4	0
4	0
2	0
4	0
1	0
0	0
0	0
6	2
0	2
5	0
2	0
0	0
1	0
4	0
37	0
13	0
4	0
6	0
9	0
9	0
3	0
1	0
0	0
1	0
0	0
21	0
4	0
2	0
3	0
6	0
0	0
1	0
2	0
3	0
0	0
0	8
0	3
0	5
0	5
4	0
3	0
4	0
12	0
8	0
7	0
1	0
4	0
4	0
11	0
86	0
7	0
0	0
2	0
1	0
16	0
18	0
1	0
12	0
3	0
12	0
10	0
2	1
0	0
0	1
7	0
3	0
5	0
2	0
2	1
1	7
0	7
1	0
5	0
8	0
10	0
5	0
0	0
31	0
1	0
1	0
3	0
0	0
0	0
1	0
46	0
24	0
2	0
0	0
6	0
0	0
6	0
1	0
6	0
1	0
8	0
1	0
2	0
5	0
6	0
5	0
0	0
10	0
14	0
1	0
4	0
2	0
1	0
26	86
0	86
1	0
2	0
3	0
5	0
6	0
6	0
1	0
2	0
2	0
1	0
1	0
0	0
0	0
2	0
2	0
1	0
5	0
1	0
1	0
5	1
13	0
0	0
2	0
2	0
19	0
2	0
3	0
1	0
10	0
2	0
2	0
4	0
3	0
3	0
0	0
2	0
5	0
2	0
2	0
31	0
1	0
3	0
6	0
11	0
2	0
4	0
7	0
2	0
3	0
1	0
2	0
2	0
2	0
1	0
2	1
0	0
0	1
0	0
1	0
4	0
15	0
17	0
6	0
6	0
3	0
7	0
2	0
3	0
3	0
3	0
5	0
2	0
6	0
1	0
0	0
5	0
2	0
10	0
3	0
7	0
4	0
1	0
0	0
6	0
5	0
31	0
21	0
4	3
2	0
136	0
1	0
1	0
5	0
3	0
4	0
4	0
3	0
25	0
4	0
2	0
1	0
3	0
21	0
0	0
1	0
2	0
6	0
2	0
8	0
1	0
4	0
5	0
14	0
12	0
4	0
1	0
2	0
3	0
10	0
11	0
2	0
73	0
9	0
5	96
81	96
3	1
3	79
3	79
4	15
4	15
2	82
160	90
1	90
6	1
405	0
0	6
1	252
55	258
1	0
0	0
0	21
35	21
28	0
2	0
0	1
27	1
7	120
2	120
1	206
68	206
128	12
0	12
0	12
3	0
9	300
2	300
1	212
0	47
3	0
206	0
6	242
132	242
0	0
11	0
0	3
6	3
0	0
13	0
27	6
0	6
17	0
22	0
0	2
2	11
156	0
0	6
17	6
3	0
2	0
0	0
5	1
4	0
3	0
7	0
45	453
50	453
1	27
3	226
6	276
42	509
10	236
2	310
15	107
87	107
1	105
0	13
0	39
413	52
40	0
0	0
17	210
2	74
14	210
104	0
1	0
0	0
0	0
12	0
67	0
54	378
4	360
0	407
154	0
27	75
0	47
1	48
0	3
0	30
0	2
1	0
0	0
33	0
117	0
2	0
8	157
0	157
2	0
57	0
2	38
60	38
2	23
21	62
0	56
2	34
1	62
16	0
10	0
10	9
1	9
272	92
0	92
0	130
3	106
2	66
10	205
14	205
12	0
3	0
20	404
26	404
84	0
3	0
219	0
7	0
7	0
0	0
2	9
11	9
7	0
15	3
19	55
119	55
0	3
1	0
236	0
11	336
3	92
30	428
3	0
4890	5
5	0
28	110
2	3
14	110
114	0
50	1
24	38
67	184
16	184
4	1
0	1
1	0
14	0
0	0
3	34
3	34
23	0
31	0
202	0
3	21
111	21
283	0
3	0
825	6
0	6
1	0
25	79
186	8
72	71
6	84
3	0
0	13
2	13
0	3
50	0
149	8
52	0
12	0
135	0
9	0
0	62
0	61
0	72
0	51
0	30
38	0
7	190
9	190
1	0
15	0
15	0
64	0
206	0
8	0
7	2
0	2
752	550
11	549
37	0
283	0
4959	2
116	0
8	68
203	68
2	0
2	0
1	34
0	146
0	194
0	141
0	0
1	199
2	0
0	0
5	118
32	314
7	196
5	8
0	8
4	0
7	123
0	123
1	2
0	16
118	15
9	31
4	1
23	31
0	1
4	0
142	0
0	0
2	1
0	1
18	0
2	0
63	0
2	5
4	5
0	5
4	0
1	0
2	0
2	1
2	50
112	50
4	60
0	67
0	70
0	94
8	26
0	21
1	88
1	22
1	75
2	75
7	0
0	24
0	30
0	30
0	24
423	0
313	0
40	0
725	0
56	0
25	493
19	493
9	4
10	4
616	0
1	0
20	331
22	331
97	0
67	0
2	367
5	367
69	382
5	383
6	383
6683	0
4	0
1	5
0	5
0	1
124	112
0	117
1	117
0	9
5	9
1	16
0	16
21	0
10	0
21	0
9	0
1	0
13	0
20	1
1	9
2	9
6	6
6486	0
103	0
162	378
10	378
3	0
2	29
135	29
26	45
0	45
1	4
1	141
130	137
18	0
101	9
12	0
2	0
2	0
1	0
8	0
5	1
16	0
3	0
4	0
6	0
5	2
80	0
2	0
3	0
12	0
10	0
5	0
9	0
11	0
9	0
0	0
3	0
4	0
0	0
11	0
3	0
29	0
2	0
0	0
2	0
3	0
80	0
1	0
3	0
1	0
2	0
3	0
1	0
6	0
1	1
0	0
2	0
3	0
5	0
161	1
0	2
0	3
0	0
0	2
0	3
0	3
0	3
4	0
0	1
4	1
3	0
4	0
0	0
0	10
3	10
157	0
14	43
0	43
17	0
1	0
2	0
7	0
6	0
6	0
2	0
0	0
9	0
2	0
2	0
1	0
3	0
6	0
0	0
0	0
1	0
2	0
8	0
138	155
165	1
3	155
90	380
0	380
6	41
3	41
1	1
106	1
120	0
5	9
13	53
5	53
96	0
10	0
10	0
11	0
4	81
10	145
0	0
42	92
20	0
0	0
100	0
96	0
3	67
8	67
5	0
2	0
2	0
1	0
89	0
4	46
2	46
6	103
11	103
363	1737
21	1737
0	1316
1	1
0	2
0	3
0	2
4	1
3	0
2	24
9	24
38	2
1	14
40	29
5	16
1	1
0	309
0	332
0	324
0	317
8	0
4	4
4	0
144	0
592	7
3	7
69	0
306	0
4	376
1	376
0	327
15	376
2	0
3	647
53	647
2	247
9	461
5	461
0	315
3	315
0	241
0	241
0	241
0	240
0	240
1	41
9	0
0	71
0	41
0	76
1	27
0	81
0	29
0	76
0	24
9	2
23	0
10	5
5	0
1	0
1	0
68	0
6	0
575	0
4	0
19	1
2	0
141	0
43	0
2	0
32	8
8	8
15	0
2	131
20	131
0	235
4	372
1	142
0	496
16	1
6	0
4	0
9	152
8	152
300	0
212	0
3	0
10	0
4	13
1	13
38	0
5	383
0	362
6	383
0	0
0	499
0	484
0	532
0	517
0	497
0	482
0	534
0	519
1	0
8	29
17	0
0	29
0	161
0	167
0	176
0	182
0	81
0	456
0	470
0	435
0	449
4	353
16	352
1	0
6	0
0	39
30	39
20	37
2	37
0	1
0	21
15	21
4	132
5	132
16	204
26	200
0	1
0	60
52	175
13	0
27	0
3	1
0	1
1	0
0	0
28	0
0	95
615	95
0	0
0	8
498	120
1	112
144	4
49	0
49	0
42	0
39	111
0	111
3	1
69	66
2	66
6	86
12	153
9	67
0	0
26	1
156	0
1	177
0	0
2	259
0	295
3	2
44	146
4	146
0	139
1	64
213	0
711	0
8	0
2	0
113	3
0	3
2	0
0	43
52	50
3	37
263	26
0	26
2	0
4	0
0	4
4	11
4	2
38	7
193	0
303	81
7	81
6	22
16	38
17	33
13	71
23	0
5	78
3	78
1	20
0	17
0	198
0	202
1	199
0	204
0	13
0	77
1	0
126	0
113	0
122	0
2	131
6	131
39	0
7	29
4	0
4	56
0	238
0	262
0	3
0	280
0	271
0	188
0	265
3	1
0	256
1	270
0	247
0	206
0	1
0	253
0	0
11	0
1	0
87	0
0	15
2	28
2	490
209	502
1	0
0	188
1	148
1	186
1	150
70	4183
561	4183
9	3081
0	26
0	0
46	0
22	179
0	1054
0	799
0	970
0	0
0	1046
0	978
0	875
13	0
20	0
0	8
1	151
0	191
0	298
0	3
0	203
0	329
0	122
0	292
0	319
0	193
0	248
0	181
0	0
9	0
0	0
0	43
0	6
64	49
167	0
60	0
10	0
6	0
3	0
31	93
5	93
300	229
0	229
3	0
12	0
0	0
16	0
10	1
107	343
8	1
0	6
0	337
3	0
3	0
1	0
1	0
6	0
6	0
1	26
0	22
7	25
49	0
198	0
6	0
0	4
21	4
14	46
246	46
6	6
0	6
54	0
1	0
7	79
3	20
9	79
1	0
0	0
0	37
12	78
47	0
2	78
5	0
10	0
2	0
0	27
1	0
283	314
6	287
1	0
1	0
102	0
800	0
8	16
87	223
7	223
0	33
0	31
0	46
4	39
26	39
7	129
12	113
12	242
1	21
1	0
0	0
3	42
0	42
22	0
108	0
30	0
6	45
2	45
8	117
15	117
3	0
0	5
2	161
0	62
2	56
1	217
0	259
1155	0
6	0
61	2
0	29
0	37
0	56
0	64
3	10
2	0
2	12
22	7
7	16
0	7
2	0
3	0
0	3
55	7
0	71
3	40
16	111
1	23
2	7
2	0
119	0
317	34
0	34
1	2
0	318
0	348
0	327
4	198
0	306
0	336
2	71
0	297
3	16
0	46
39	16
1	37
0	14
30	0
23	444
15	444
4	226
2	0
77	0
1	0
21	0
19	420
40	420
5	3
406	0
674	0
0	691
0	709
0	735
0	753
63	0
0	452
85	452
1	0
11	130
9	130
43	0
105	159
1	159
58	0
90	0
1	0
33	0
6	0
50	35
2	0
752	35
7	5
0	127
2	128
2	128
0	136
6	136
99	0
0	357
6	334
2	116
7	2
0	0
0	422
0	224
0	426
0	245
0	442
0	447
0	149
5	149
7	1
0	1195
63	728
2	132
5	563
7	453
0	458
45	0
3	0
3	0
4	1
0	1
12	102
15	526
5	413
16	424
4	0
7	0
237	3
10	364
122	367
2	3
3	0
1	0
0	415
0	435
0	320
0	340
0	282
0	473
0	493
1	0
0	6
0	17
0	19
1	1
2	0
4	3
9	0
0	94
0	87
0	238
0	96
0	14
0	137
0	89
0	217
0	235
8	0
28	0
164	0
0	38
0	200
0	166
2	113
0	0
189	0
53	26
5	26
0	2
88	2
329	0
1	0
1	0
9	0
140	0
34	283
0	0
2	59
5	283
2	0
7	28
3	28
182	591
3	591
1	0
5	6
3	0
1	0
23	0
4	7
3	7
5	0
2	0
4	0
0	1
6	1
0	0
0	0
13	0
7	0
36	0
4	0
4	0
58	0
5	0
15	0
3	0
38	0
8	0
29	10
4	0
5	0
9	0
4	0
3	0
2	0
5	0
9	0
0	0
5	0
1	0
4	0
3	0
2	0
1	0
1	0
3	0
4	0
3	0
0	0
3	0
2	0
4	0
1	0
0	60410
0	60409
0	60410
0	60410
0	60410
0	60410
0	60410
0	60408
0	60411
0	60410
0	60410
37304	60610
0	60410
0	60410
0	60410
0	60410
0	60410
0	60410
0	60410
0	60410
0	60410
0	60410
0	60410
0	60410
0	60410
0	60410
0	60408
0	60410
0	60410
0	60410
5	0
1	4
1	0
9	0
6	0
1	0
8	0
2	1
8	0
2	3
0	3
1	0
1	0
0	0
2	0
0	0
2	0
1	0
3	0
2	0
6	0
0	0
11	0
4	0
2	0
0	0
3	0
2	0
104	0
2	0
4	0
2	0
10	0
3	0
2	0
3	0
27	0
4	0
16	0
5	160
0	160
2	0
302	0
7	0
4	0
3	0
2	0
4	0
1	0
2	0
2	0
0	0
4	0
1	0
2	0
3	0
2	0
0	0
1	0
4	0
1	0
1	0
1	1
2	0
2	0
1	0
2	0
4	0
1	0
4	0
2	0
2	0
2	0
2	0
1	0
2	0
5	0
3	0
2	0
3	0
2	0
0	0
0	0
1	0
2	0
3	0
5	0
3	0
1	0
1	0
2	0
3	0
0	0
13	0
0	0
4	0
3	0
3	0
3	0
3	0
3	0
1	0
2	0
3	0
0	0
1	0
3	0
2	0
1	0
4	0
1	0
7	0
2	0
2	0
1	0
4	0
2	0
2	0
1	0
1	0
4	0
0	0
0	0
1	0
4	0
2	0
36	0
109	0
75	0
182	250
0	250
0	3
838	3
0	81
2	7
3	137
6	76
14	40
649	258
113	7
18	5
6	0
78	0
3	0
1	245
27	757
0	281
105	524
8	0
226	0
6	47
8	96
0	55
18	79
4	0
10	182
3	416
0	105
25	452
9	84
10	0
93	487
14	145
0	487
184	0
40	0
61	10
6	10
61	137
2	130
8	11
5	14
6	59
2	15
0	9
1	56
3	10
12	15
3	1
0	1
5	2
73	325
14	97
1	104
0	467
0	467
14	104
11	187
19	386
10	0
1	0
0	1
0	1
25	0
11	105
1	105
0	124
8	98
0	111
1	20
118	144
1	2
0	4
135	498
0	1
0	5
4	9
0	10
1	5
2	19
0	1
0	0
0	1
12	423
1	525
2	19
2	2
4	20
0	9
1	3
10	2
0	4
3	1
0	1
107	0
1	0
0	0
11	1022
49	602
4	1022
3	0
3	0
0	1
9	1
20	0
5	11
23	0
0	1
0	1049
0	952
35	159
0	670
0	523
0	980
1	652
0	1091
0	495
0	1119
0	453
233	0
3	0
11	0
59	118
0	118
0	0
17	0
5	0
7	0
0	105
0	23
0	98
0	107
0	114
0	32
13	0
53	123
3	123
21	8
0	8
2	131
636	131
765	4
2	4
22	0
5	0
9	0
67	0
1	0
0	0
0	0
0	330
0	341
0	339
0	76
2	50
0	332
9	788
9	788
179	80
1	80
44	0
0	229
0	124
3	15
1	95
0	170
0	183
0	109
0	197
0	184
0	104
0	202
0	179
38	1161
1	4
0	154
14	1161
3	0
6	1
1	1
0	1
14	1
1	0
1	18
8	18
15	3
73	0
1	1
2	1
0	1
7	10
19	10
89	133
1	116
10	4
21	129
3	0
15	220
8	0
6	220
2	0
37	147
6	143
0	4
44	18
31	0
2	0
1	0
4	0
2	0
1	0
1	0
295	0
7	11
30	108
10	108
138	3
0	169
0	113
1	214
6	106
0	273
3	113
0	212
1	254
2	3
22	3
0	1190
2	482
35	959
1	117
4	114
8	1012
4	432
606	1182
2	170
26	97
1	272
0	235
2	114
9	113
9	111
2	113
0	95
7	101
3	121
2	0
35	0
31	0
228	0
15	0
28	335
80	335
66	0
2	204
17	37
0	126
2	185
16	1
2	4
0	145
76	0
1	0
2	0
16	0
0	0
0	9
0	51
2	4
16	1
0	36
24	27
0	29
2	172
5	58
0	36
0	2
0	173
0	58
2	5
0	5
0	1
1	1
87	0
2	0
1	0
61	104
0	364
10	212
0	312
20	0
0	349
0	337
0	297
0	0
4	329
4	341
10	189
4	0
3	1
0	7
17	7
3	7
4	0
42	22
1	15
4	4
1	21
0	15
11	0
0	191
8	16
0	198
0	15
1	228
0	63
2	12
0	100
3	115
0	54
0	235
5	12
0	6
4	145
0	189
11	7
3	4
4	7
1	15
2	31
7	103
4	13
2	116
0	2
0	182
0	2
2	0
271	0
2	23
0	245
0	121
0	207
0	253
0	113
0	199
77	0
12	1023
116	1355
34	1355
0	827
13	27
0	27
2	0
7	1
0	1
0	0
28	0
0	19
0	17
3	12
0	10
25	2
3	0
38	0
23	111
20	65
6	0
0	47
5	2
4	7
0	6
7	0
1	23
0	13
0	25
0	25
0	13
0	2
0	3
0	1
9	18
0	32
1	32
0	7
2	0
2	0
2	3
37	0
4	0
6	0
16	0
3	0
0	0
1	0
9	0
3	0
6	108
4	141
0	435
0	351
3	0
316	8
8	12
31	576
102	260
1	250
0	618
0	4
5	0
0	0
4	0
17	0
6	0
0	2
17	4
0	58
4	1117
0	62
178	1159
0	52
0	50
0	64
13	489
0	44
0	2
0	5
1	5
6	0
0	0
1	6
0	6
50	54
0	54
711	0
0	188
60	188
17	0
184	4
1	0
0	6
191	6
0	2
18	2
0	2
2	0
2	4
0	17
1	11
0	10
5	18
3	12
3	1
59	5
22	3
10	5
7	0
3	0
8	10
5	1
43	564
0	564
2	0
3	0
4	1
1	0
3	0
2	12
0	12
15	9
9	5
6	4
7	9
0	12
8	4
3	7
8	2
5	9
6	0
2	12
2	12
2	9
9	10
1	8
6	0
1	0
1	8
0	8
323	1
0	826
0	767
0	772
0	821
6	4
29	619
0	134
0	9
2	2
0	98
25	1724
11	1
0	1
0	77
108	701
0	1730
0	115
52	478
20	478
2	0
15	273
9	273
2	2
6	0
5	0
43	1
32	0
13	0
0	0
5	0
0	3
0	3
7	0
30	68
5	80
1	0
1	44
10	8
56	0
6	0
0	1
4	1
14	37
158	56
82	638
45	587
12	79
17	22
402	495
492	158
14	11
65	586
10	55
306	47
1	0
2	0
2	0
1	0
24	83
1	167
0	881
0	1148
0	652
0	282
0	995
1	498
4	40
0	129
2	0
1	0
333	2588
235	4693
0	2962
363	4643
7	3
9	3
2	186
0	198
0	190
1	0
23	86
10	3
9	192
5	0
35	6
0	4
5	4
1	137
27	343
11	343
2	54
173	0
1	14
2	7
29	14
82	20
3	8
0	96
0	290
0	293
37	22
0	276
1	54
2	35
0	279
8	0
10	0
13	0
2	0
8	0
6	0
5	0
3	0
15	210
118	210
0	328
0	335
178	370
0	368
2	65
11	54
3	0
1	55
5	0
0	12
21	12
3	0
21	0
0	22
1	13
1	35
15	0
124	0
130	0
85	302
0	167
2	135
8	1
37	0
0	87
3	4
2	0
9	0
15	54
113	141
1	2
0	0
0	1
2	11
25	5
2	26
0	19
33	8
0	13
3	18
22	2
2	8
7	0
6	0
9	1
33	0
15	0
10	0
5	0
2	0
1	0
0	803
0	803
2036	108
0	57
0	948
0	992
0	981
0	959
0	468
0	434
157	2818
52	590
7	1755
0	136
176	680
34	0
2	0
1	0
4	3
0	3
8	401
0	0
43	48
0	625
22	395
0	408
0	626
0	409
0	393
5	382
0	622
0	623
0	81
0	169
4	174
0	115
0	86
2	0
2	2
2	1
0	0
10	10
20	10
0	8
3	8
0	16
4	17
0	4
1	11
1	19
2	3
0	2
5	2
1	5
2	5
0	2
3	2
1	36
7	6
10	17
2	9
7	8
0	2
0	1
1	1
1	11
10	28
0	11
15	32
8	17
8	29
4	28
6	10
1	57
2	8
3	22
0	56
2	1
2	15
1	8
9	41
7	1
0	40
0	41
3	3
0	15
1	0
0	27
1	38
17	17
5	32
11	14
3	23
2	23
2	81
3	81
0	11
0	1569
0	3337
0	1866
0	1923
1	1659
7	3229
3	3014
1	1937
0	3394
71	7
0	1626
754	11
1	0
12	0
32	0
1	0
9	0
1	0
10	0
0	27
78	27
304	0
0	0
25	167
3	45
5	2
4	174
4	0
0	0
995	0
2	2
5	2
1275	4
347	0
306	0
0	1
0	1
0	2
3039	3
5	0
0	0
2	0
0	0
0	0
82	0
84	0
60	0
6	0
26	0
2	2
4	39
12	93
20	39
5	23
0	79
0	301
62	0
16	206
115	244
97	15
50	8
0	8
10	1
1	19
3	18
2	16
5	16
3	8
0	0
3	0
0	25
0	487
1	97
5	31
0	338
0	430
0	500
0	408
5	97
0	417
14	4
0	20
37	136
6	117
39	118
0	0
19	0
2	0
16	0
39	0
15	0
7	0
3	0
19	0
17	0
114	165
64	165
0	75
61	75
500	206
0	128
0	78
0	17
11	2886
0	2947
4	1118
1	313
1784	842
0	3026
91	51
0	1916
131	2740
5	841
0	1995
4	0
43	0
350	0
1	0
5	0
1	0
0	0
8	0
33	0
0	0
0	133
2	0
4	5
0	120
0	85
0	86
0	136
0	214
0	31
0	86
0	114
0	105
0	25
0	100
5	179
0	109
16	19
0	85
0	91
0	215
0	54
0	104
0	103
0	214
0	91
0	164
0	312
0	119
0	151
0	211
0	221
6	0
0	5
2	3
2	3
0	6
1	6
3	10
3	10
3	19
62	19
1	0
4	0
4	0
4	46
72	46
51	144
3	37
21	107
2	96
35	96
0	27
218	511
3	319
5	192
7	9
0	352
292	361
12	0
2211	0
190	0
4	0
9	0
42	0
9	0
5	0
62	26
2	26
4	30
11	30
8	0
69	0
51	0
78	0
920	0
27	179
16	236
5	57
105	1
0	1
0	984
0	407
0	947
0	674
0	134
7	289
0	711
2	534
9	11
0	282
0	177
0	129
0	325
2	8
174	552
0	134
35	0
7	0
1	0
17	0
5	0
1	0
11	0
8	73
115	73
3	74
76	105
25	31
6	0
2	505
0	468
2	492
0	481
0	165
0	220
513	0
0	23
1	437
0	7
30	877
875	926
0	19
0	17
118	0
2	0
130	51
3	51
24	0
2	79
0	79
33	0
0	3
2	3
24	0
215	0
39	0
110	10
2	10
0	1
22	248
0	21
151	269
113	0
15	0
168	4861
243	4864
1121	4864
22	0
4	10
0	10
135	0
0	2
11	0
2	75
71	433
0	227
11	459
0	320
26	268
2	509
22	191
0	300
1	220
34	45
6	266
39	454
0	247
7	0
2	0
0	0
0	12
2	12
48	0
6	0
121	0
426	0
0	1
234	1
640	1
18	266
258	266
159	253
0	49
0	2076
0	1405
1	772
0	1962
0	1003
0	1117
2	9
17	686
0	18
0	18
0	6
0	2
2	0
0	970
3	837
21	355
9	906
22	6
2	0
10	0
23	0
3	0
3	0
11	0
1	0
72	0
0	3
22	5
3	0
0	0
53	142
4	81
10	1
90	89
40	41
4	2
513	0
0	0
5	0
11	0
2	36
11	2
0	21
32	38
0	4
0	21
2	3
0	2
24	0
29	2
5	0
0	0
0	0
9	96
0	96
0	166
0	159
0	1
0	112
0	90
1	42
0	168
4	27
8	27
1	0
1	0
19	0
60	0
8	565
4	565
192	32
0	31
1	15
6	91
19	91
159	0
1	22
26	22
0	227
0	150
0	42
0	831
0	848
32	285
0	824
6	188
0	288
0	839
0	822
0	815
8	166
14	572
0	297
0	0
0	294
1	477
0	912
0	917
0	293
0	289
0	288
0	0
60	0
13	0
10	0
3	0
0	2
3	2
0	9
37	9
7	1
16	0
0	1
11	0
9	106
0	458
0	132
0	608
0	602
0	452
747	186
8	114
0	143
471	76
14	2
12	28
12	28
0	8
11	19
4	23
1	2
4	15
0	14
3	5
10	0
0	0
3	0
0	0
9	0
8	0
1	0
2	95
6	95
50	0
1	0
3	0
7	258
44	258
2	0
0	0
1	4
8	5
52	0
0	12
5	0
28	0
3	0
2	1
72	15
3	6
1	2
1	2
2	12
2	4
2	3
4	2
0	1
1	11
6	8
1	1
2	3
1	3
2	3
13	4
1	4
0	4
0	14
1	10
8	0
4	0
2	0
1	0
3	9
2	6
1	8
1	2
5	7
50	0
1	2
0	20
0	6
3	1
10	3
1	2
4	1
0	14
5	2
1	9
1	1
0	0
11	22
0	12
7	0
3	6
2	23
0	2
5	0
7	2
7	22
0	22
0	19
1	0
69	233
145	509
490	509
841	14
91	0
30	0
11	14
14	14
22	0
29	0
39	606
9	606
111	24
5	18
0	6
125	11
456	11
8	0
2	0
0	0
2	0
8	0
1	0
69	37
0	37
7	4
109	0
8	0
1289	1917
266	1917
1	323
349	8
68	0
10	209
51	209
0	8
1	0
4	0
3	0
1	0
6	0
3	0
3	0
5	0
7	0
1	1
4	0
8	1
0	28
12	28
6	0
5	5
14	5
6	5
0	27
0	29
0	43
3	2
0	13
0	6
2	8
0	41
3	0
2	0
1	0
2	1
2	1
85	76
3	76
0	1063
2	501
0	1007
0	257
73	555
0	313
0	163
2	0
158	55
0	55
52	0
0	314
0	287
0	1781
0	1808
50	920
5	920
97	650
51	384
46	285
2	47
40	278
0	0
6	0
1	0
3	0
5	0
1	0
1	0
0	0
4	3
0	3
1	9
2	9
2	0
18	255
3	255
533	8834
22	8834
0	2
2	2
72	0
10	0
4	65
3	65
99	0
0	283
0	271
0	292
0	170
0	343
4	324
0	346
9	85
0	161
0	326
0	274
0	271
21	0
0	343
0	332
1	5
0	5
8	40
0	40
44	0
171	0
91	958
5	958
2	4
0	4
1	27
0	847
7	866
31	83
0	40
0	33
0	45
0	29
0	56
0	38
0	27
1	51
0	35
19	218
7	218
7	107
1	13
1	95
4	91
7	87
0	97
0	113
1	9
0	112
2	87
95	2
14	0
0	0
5	0
1	0
1	0
1	0
38	0
245	0
32	0
4	0
1	0
992	0
19	1
0	238
0	257
0	203
0	241
0	218
0	242
0	233
2	1
0	490
0	847
0	831
0	764
0	832
1	1
0	773
0	838
0	848
0	100
0	476
0	474
2	60
0	839
0	1
10	78
2	78
15	0
1	0
6	0
4	0
7	0
2	0
8	0
2	57
2	90
8	32
2	70
1	152
69	152
17	160
1	0
1	0
4	0
15	102
3	4
30	108
3	9
4	4
2	3
1	4
10	8
0	1
10	2
0	1
10	0
4	1
124	8
0	8
274	9
0	2
198	0
0	1250
105	680
1	767
2	455
49	1342
4	95
11	1531
397	0
2	0
138	26
2	26
1	0
1	0
1	14
1	4
2	13
0	1
7	11
0	4
1	13
0	10
0	0
5	0
0	95
0	1
1	3
0	98
2	0
10	87
2	28
0	1
0	3
0	3
0	2
0	114
0	111
0	27
0	3
5	0
583	0
0	55
4	553
56	562
3	472
9	9
235	896
177	896
0	62
120	0
5	0
0	0
11	2109
1	914
33	1714
3	2713
3	2
2	2762
4	160
1	2
0	261
0	865
2	480
0	480
0	18
5	18
79	0
17	0
57	0
12	212
16	97
46	307
7	6
0	1
0	167
31	168
2	0
40	0
30	529
102	1101
166	1101
3	0
7	0
0	1
0	1
0	0
4	0
2	0
0	75
17	731
1095	1943
0	12
141	1874
63	737
27	0
1	0
6	0
2	0
3	0
8	1
1	0
4	6
0	6
435	0
6	40
12	40
6	0
3	25
11	25
55	0
31	0
30	0
8	0
1	0
0	0
25	4
145	3
1	3
1	2
0	1
1	0
0	30
3	6
8	31
47	2
17	6
2	3
1	0
5	10
9	2
63	40
7	9
0	11
4	12
0	11
21	7
31	24
38	0
2	0
5	0
15	0
1	0
28	0
35	0
30	0
4	0
1	19
0	19
2	0
25	0
2	0
2	0
2	2
975	0
15	1
2	223
10	223
0	51
1	51
93	0
2	58
2	159
17	159
0	267
0	283
0	242
0	226
0	164
2	8
3	15
0	8
5	21
0	31
1	3
0	1
4	5
0	11
0	686
0	667
0	654
1	20
0	8
0	0
0	673
64	244
0	244
1	0
10	0
2	0
0	987
3	723
0	1153
0	953
0	1119
12	102
35	131
7	544
0	544
0	551
0	546
0	533
11	201
33	104
0	525
1	0
2	0
6	0
3	0
0	8
18	8
3	9
0	8
1	6
22	0
0	11
1	11
8	0
1	10
1	45
5	2
514	216
1	149
0	446
24	347
10	665
0	358
27	267
2	0
2	673
5	55
0	558
0	0
6	182
23	197
16	25
6	2
0	722
4	1
5	0
5	0
4	0
4	0
21	187
3	188
3	188
1	82
39	57
72	46
6	55
9	16
2	0
1075	0
15	3374
21	3327
6	3319
5	225
0	3460
1	297
3	343
3	3301
0	11
9	1157
0	1167
0	1250
0	1213
3	0
22	0
11	0
0	4
0	4
1	4
0	4
0	9
16	9
3	26
2	26
36	581
1	581
13	0
3	0
6	26
0	121
0	3
2	137
0	60
9	51
0	104
10	86
80	1778
45	1692
1	0
15	0
1	0
3	0
4	0
3	0
3	2
0	497
0	535
0	482
1578	718
0	471
0	518
0	490
0	507
0	545
0	551
0	508
0	757
0	454
7	717
0	461
0	528
0	501
279	2
0	2
0	1
0	2
16	292
2548	292
213	0
1	0
3	0
12	6
0	6
0	13
0	13
3	2
3	2
140	0
7	30
2	30
0	27
74	0
1	0
4	53
1	1
21	1
0	53
9	177
4	0
1	101
8	347
2	35
1	281
42	65
13	46
9	14
0	65
0	223
2	6
10	12
13	86
2	29
54	74
4	1
0	2
567	719
55	717
0	0
4	0
2	0
3	0
3	0
3	0
0	5
17	0
20	4
0	4
345	0
92	5
40	14
1	4
592	4
37	24
0	74
116	15
2	66
0	4
26	1
0	91
0	0
30	19
48	5
1	94
1	2
13	135
1	61
0	0
5	4
0	2
0	3481
40	3481
0	1
0	1
0	0
52	78
1	78
3	14
0	14
7	0
18	89
5	89
27	73
18	0
21	0
0	297
0	269
0	288
0	316
1	8
175	0
4	0
53	9
25	9
1	116
0	79
0	81
0	71
1	108
0	89
15	0
0	2145
0	2192
0	2956
0	2146
0	2533
0	2956
0	2192
0	2956
0	2938
0	2145
0	2192
0	2939
0	2192
0	2533
0	2145
6	188
0	2192
0	2956
0	2956
0	2193
0	2534
0	2533
0	2957
0	2533
0	0
7	0
0	216
214	216
46	0
3	3
1	0
76	3
8	0
9	0
5	5
0	4
8	150
3	150
0	3
95	132
61	132
14	282
6	3
2	282
0	5
93	0
0	21
1	0
12	1284
312	3118
21	89
1	0
12	433
7	1923
12	0
11	0
39	0
2	1
14	0
1	0
3	0
2	0
1	0
0	0
2	12
2	2
0	2
4	4
4	7
1	5
4	3
2	3
0	9
0	2
0	6
0	0
2	3
1	1
0	213
2	307
8	57
40	307
1	0
3	0
59	30
0	30
21	566
20	566
1787	0
9	0
0	27
1	27
4	129
1	129
8	1011
133	1011
11	575
205	575
1	0
0	167
0	181
0	601
0	319
0	184
0	577
0	505
0	591
0	552
0	640
0	491
0	626
0	587
0	174
0	138
0	193
0	184
0	178
0	182
0	181
0	191
0	179
0	192
0	188
0	177
0	187
0	141
0	189
0	186
0	196
0	137
0	183
10	0
12	0
9	0
3	0
3	0
3	13
2713	65
1	28
4	32
3	13
0	2
53	5
4	0
1	0
219	83
110	83
2	1
1	1
352	143
8	0
282	263
8	306
195	369
29	39
10	65
8	70
0	50
14	1
15	0
7	11
0	11
0	4
0	6
7	8
12	11
4	9
1	2
3	0
0	8
38	68
4	269
0	92
0	214
189	477
18	0
12	49
0	524
4	3
20	326
1	84
1	3
0	256
0	482
6	0
18	37
1	0
0	15
2	15
2	15
0	0
0	0
0	0
357	0
14	3
0	3
251	0
127	0
126	0
310	0
761	0
19	1303
125	1303
0	4
3564	0
25	2
0	0
10	677
0	625
0	32
11	801
1	803
0	268
2	524
49	759
0	828
0	8
8	0
23	0
0	17
5	17
10	0
31	34
125	34
30	53
0	53
6	0
1	10
6	10
0	0
10	0
1	1
314	2
0	644
0	635
0	640
0	631
0	630
0	635
0	639
0	635
0	626
0	640
0	644
0	639
1	3
0	43
0	16
0	5
4	5
298	28
0	5
0	32
0	2199
15	742
0	2078
0	509
1	2055
15	1684
0	384
0	4
16	0
5	0
1	0
2	0
0	0
2	0
22	580
156	580
2	0
149	13
4	3
13	5
260	5
4	0
0	10
109	0
361	0
0	1233
0	1270
0	1236
3	57
0	873
0	1248
0	611
0	1251
0	1267
0	410
28	0
0	1441
0	1300
0	770
0	1447
0	2
0	1272
0	1419
3	111
7	86
0	623
0	612
0	1405
0	1439
0	1433
0	1424
7	160
0	1402
0	1430
0	1411
0	1430
0	640
14	8
3	0
81	0
4	0
1	0
3	0
7	0
3	0
1	0
1	0
1	0
1	0
1	0
6	0
3	0
1	0
1	0
3	0
3	0
7	0
8	0
0	0
0	0
2	0
0	0
1	0
6	0
4	0
2	0
0	0
2	0
1	0
4	0
1	0
1	0
2	0
4	0
3	0
6	0
7	0
4	0
6	0
4	0
0	0
3	0
4	0
0	0
7	0
8	0
7	0
1	0
3	0
4	0
1	0
0	0
3	0
5	0
4	0
5	0
5	0
3	0
1	0
2	0
2	0
2	0
5	0
3	0
1	0
3	0
4	0
3	0
3	0
2	0
3	0
4	0
5	0
13	0
3	0
0	0
2	0
8	0
2	0
2	6
1	6
3	0
1	0
8	0
4	0
4	0
8	0
1	0
2	0
0	8
2	8
0	0
2	0
20	1
2	0
1	0
4	0
2	0
1	0
2	0
4	0
6	0
11	0
0	0
10	0
2	0
4	0
7	0
6	0
2	0
4	0
16	0
2	0
3	0
2	0
2	0
5	0
4	0
3	0
3	0
7	0
1	1
0	1
0	0
11	0
10	0
6	0
0	0
2	0
3	0
4	0
2	0
1	0
2	0
2	0
5	0
1	0
0	0
3	0
5	0
3	0
6	0
2	0
7	0
1	0
3	0
2	0
4	0
17	0
4	0
2	0
3	0
3	0
0	0
1	0
7	3
2	3
11	0
89	227
0	227
0	0
2	0
4	337
1	125
60	337
163	0
7	2
142	937
116	937
0	256
17	872
0	1406
0	787
0	1389
0	1304
5	0
0	343
0	439
0	268
0	513
0	268
0	231
0	216
0	231
0	169
0	61
0	46
0	231
0	439
0	342
0	303
0	183
0	268
0	513
0	513
0	439
0	216
0	64
0	216
0	243
0	229
8	0
1	0
0	0
1	0
0	1
3	0
0	0
1	2
0	1500
11	1505
0	2439
250	2315
8	1400
191	152
1	135
0	137
19	0
58	5
5	5
523	0
0	777
0	791
0	790
0	776
0	0
0	0
6	64
1	64
6	0
2	0
23	0
0	21
2	21
1	52
20	52
91	0
4	0
78	1
268	0
0	633
7	51
3	603
20	58
21	91
4	91
2	0
0	42
404	169
4	110
2	17
0	0
10	0
2	0
12	0
11	0
6	0
6	0
6	0
0	33
80	33
425	0
209	0
0	463
0	0
33	83
0	793
0	463
0	801
0	801
5	44
0	137
11	455
98	0
15	0
0	298
0	359
0	165
0	312
0	314
9	306
0	364
0	325
0	375
0	348
0	296
1	0
105	434
8	434
10	292
17	382
21	556
18	569
0	0
31	0
0	430
0	445
0	436
1	451
34	192
720	192
27	65
0	86
0	5
0	31
0	19
0	93
0	127
16	11
452	0
132	7
4	10
33	10
2	7
69	7
272	0
7	0
169	0
15	0
10	0
10	0
0	61
1	149
24	2
0	86
0	106
1	24
6	18
3	16
13	24
0	45
0	129
0	58
4	20
7	0
0	23
6	23
25	0
209	337
0	337
275	0
0	342
0	100
0	351
0	109
62	711
23	194
10	711
0	1
0	56
140	0
217	0
89	0
45	0
16	124
6	627
0	291
0	595
21	587
0	2
0	266
0	620
0	744
113	0
0	2
0	0
10	0
2	0
0	0
263	0
0	1
1	1
2	24
14	386
3	406
339	0
1023	0
164	2
109	12
12	4
8	2
8	9
5	123
0	344
0	236
4	178
1	156
6	217
0	455
2	7
19	405
2	80
5	12
22	3
0	3
2	9
0	228
0	214
0	163
0	141
0	189
21	14
0	127
0	102
0	250
3534	1
72	951
282	951
3	369
0	333
6	77
0	319
0	102
0	314
0	121
2	62
0	338
137	199
3	199
30	0
20	0
7	0
3	0
2	0
0	5
3	0
1	4
0	1357
14	0
10	308
0	567
0	845
0	793
5	308
0	849
0	8
9	1305
75	711
13	1381
7	0
5	0
32	1
1	0
0	0
1	0
10	0
1	0
0	0
48	0
8	16
94	38
1	36
1	1
1	0
1	2
1	4
1	3
0	6
0	5
0	0
5	249
211	249
51	248
1	1
5	0
8	0
62	0
22	0
2	3
1	10
0	34
2	1
2	10
0	83
11	7
0	25
0	93
0	83
5	7
8	0
2	0
0	592
0	1516
0	1521
2	92
0	1226
0	1539
0	1497
0	1502
0	1231
0	1544
15	36
0	1560
0	1555
1	36
0	151
0	10
2	0
3	0
3	0
38	11
18	449
1	62
0	169
4	116
0	549
16	428
11	109
45	605
0	556
20	605
0	162
7	0
6	0
1	0
0	7
12	123
4	16
2	12
6	27
40	123
6	0
57	0
7	0
2	0
9	0
91	32
3	32
0	195
0	89
3	150
0	196
0	189
0	188
0	195
6	27
7	290
12	290
0	2
195	0
85	2
127	0
2	96
7	583
10	606
15	91
235	594
30	28
1	7
7	0
10	0
1	0
9	0
5	0
0	0
0	63
59	63
2	10
103	10
205	223
122	223
364	0
0	1
230	1
1	56
1	196
30	196
5	360
0	329
0	81
0	50
889	120
0	118
218	0
19	0
5	0
4	0
3	0
13	0
2	0
13	8
0	8
93	0
476	0
0	25
4	25
4	4
7	2
1	4
2	404
3	3
0	679
0	726
0	113
0	161
34	381
0	0
12	0
2	0
4	0
7	3
6	3
0	1
501	1
1	1
30	3
48	3
1	13
11	0
5	35
23	13
0	44
1	13
0	786
0	1249
10	73
0	1630
1	1863
42	472
0	1139
0	1482
1	432
0	178
77	824
91	9
4	0
0	0
0	0
0	0
3	0
11	1
1	202
12	41
0	243
72	0
150	38
2	38
2	32
2	1789
33	75
15	1412
4	1789
11	1739
0	1958
387	0
12	32
14	0
5	0
3	0
2	0
1	0
3	0
0	555
0	542
0	593
19	131
0	33
0	560
0	611
0	643
2	378
0	569
145	509
0	537
12	4
1164	75
5	5
0	75
0	48
703	0
0	0
1	0
6	2
2	2
0	7
73	187
0	148
0	145
4	1
0	190
7	186
0	202
3	0
8	9
0	9
0	0
51	0
2	52
0	223
6	569
0	224
0	566
0	574
0	575
0	567
0	341
0	83
45	83
1258	77
496	85
5	2
13	2
13	0
1	0
15	0
1	1
0	0
0	0
1	0
20	0
0	0
0	1
106	1054
22	903
0	54
76	1002
29	450
25	450
328	1
0	10
1	1
460	10
3	0
2	0
0	3
212	0
0	0
557	0
1	8
766	8
296	0
233	29
0	17
42	479
1	275
6	277
36	754
1	27
0	24
0	2
9	1
7	12
5	0
8	5
9	7
2	13
20	13
6	14
3	345
0	2206
0	340
1	1988
0	5
72	5
13	1
0	0
0	0
7	0
0	275
0	275
0	149
547	0
2	0
17	31
2	67
0	15
235	51
66	316
276	316
1	0
32	0
2	0
37	0
35	6
11	6
40	281
34	320
0	333
7	9
48	340
1334	310
0	371
0	339
2	0
51	0
361	20
2	20
1	0
0	513
0	517
0	513
0	513
0	514
0	580
0	582
0	582
0	581
0	580
0	580
0	515
2	376
1	376
4	371
2	376
4	0
2	0
4	0
2	40
12	40
1	1
84	1
6	2
3	0
1	5
774	1
1	6
46	500
62	492
1	516
4	163
0	2
0	3
204	0
3	0
0	160
0	140
1	182
0	118
151	0
10	0
3	0
20	0
458	4
5	0
0	10
27	10
0	420
0	415
0	480
0	475
707	105
0	105
6	0
3	0
33	1
1	1
6	0
4	9
0	7
2	7
0	8
0	7
0	7
0	7
1	7
0	8
0	8
44	0
0	8
254	1
15	2
22	2
6	2
0	2
7	1
3	4
1	12
10	6
0	8
6	0
24	43
3	41
1	14
7	0
7	0
12	0
5	0
7	1
2	6
0	7
1	1
4	5
0	3
2	7
0	12
0	5
1	2
1	1
1	9
31	5
2	6
33	0
81	0
6	0
30	37
0	37
25	1
1	59
14	59
39	0
418	0
4	682
8	682
338	0
193	0
12	191
0	191
28	0
3	0
7	0
5	0
88	0
129	0
70	656
61	950
0	279
7	276
0	0
11	266
83	950
82	108
2	25
0	83
2	5
64	1
0	7
3	6
5	4
0	2
14	52
1	52
7	38
13	37
9	32
10	2
2	1
30	0
34	0
0	1
84	8
220	0
4	62
99	69
5	51
58	262
1470	3312
7	1978
0	311
59	3334
2	0
124	1
14	308
9	302
41	382
1	74
44	0
26	0
31	0
3	0
1	0
2	0
6	0
15	4
0	4
11	90
1	90
0	22
2	19
5	20
0	22
22	91
7	135
1	63
5	45
22	197
16	91
0	122
12	84
468	84
90	0
2	6
16	6
2	0
449	0
1	0
0	12
1	12
0	41
2	9
14	11
0	10
0	20
0	31
5	5
0	3
1	37
1	37
5	19
6	9
0	19
4	3
3	0
1	0
5	0
24	0
29	0
17	0
3	0
6	0
634	31
0	31
821	554
22	554
0	258
0	633
34	369
0	278
20	224
0	653
6	1
47	0
5	0
1	0
0	1
133	1
10	0
5	23
5	24
3	1
24	0
202	79
0	79
45	317
34	317
0	10
152	10
13	0
0	336
8	20
0	218
1	0
71	396
26	168
9	168
0	65
1	19
0	3251
0	3251
2	5
0	2969
0	3264
0	2506
0	3264
0	70
1	2
663	2
2	3
0	0
2	0
11	0
3	0
1	0
5	0
2	0
1	0
3	0
103	43
0	43
0	18
174	12
0	12
4	73
13	86
4	86
6	83
1	12
6	32
9	32
0	21
0	21
5	0
9	1
145	0
27	0
0	29
12	29
0	468
0	490
0	512
0	490
145	2
2	2
175	0
0	678
0	617
0	705
33	1
0	618
0	609
0	696
0	687
0	694
16	58
0	402
3	382
0	2
2	105
147	0
30	0
1	0
0	5
4	5
0	1
2	1
11	3
0	3
2	4
24	4
5	18
0	20
14	2
353	4
0	4
129	79
3	79
0	51
17	51
2	25
98	0
8	7
0	15
37	268
25	261
0	91
6	32
0	4
0	177
0	202
0	183
0	97
0	116
0	3
50	1
0	424
0	354
10	129
0	345
0	364
0	376
0	357
0	405
0	402
8	455
39	455
4	48
13	0
15	0
3	0
3	0
2	0
1	1
0	19
15	19
1	60
30	60
97	0
208	0
238	0
16	4
94	50
39	16
3	58
6	59
0	16
2	50
0	401
0	731
0	732
0	400
3	259
7	0
1	0
3	7
34	4991
3249	4991
16	4
0	4
3	99
1	264
20	264
1	0
0	0
1	0
0	284
0	489
0	438
0	335
0	122
8	110
5	122
0	173
14	0
682	0
0	336
0	319
0	37
0	305
0	322
0	142
0	156
4	3
0	56
5	264
24	385
8	385
0	344
20	833
2	334
7	18
2	322
0	538
26	463
4	0
31	0
737	94
0	94
157	0
144	0
59	0
4	50
4	12
142	62
7	0
4	0
4	0
4	0
7	192
0	262
4	219
0	41
8	94
0	13
0	37
0	18
0	34
2	99
0	136
0	380
0	198
0	63
0	595
0	182
6	18
0	129
0	469
0	588
0	205
0	476
0	387
12	2
5	0
0	0
5	0
6	21
1	58
6	0
9	50
3	0
48	49
1	49
0	33
0	351
0	141
90	306
0	393
0	603
2	285
0	285
8	294
2	294
22	677
0	0
22	677
0	53
3	1618
249	6499
1	3544
0	444
95	6708
1	167
4	30
38	3215
0	288
7	0
31	0
7	0
9	0
5	0
4	0
5	124
12	685
48	396
51	685
221	0
0	57
4	5
3	5
1	251
0	250
0	245
1	76
0	246
0	185
243	64
0	281
0	265
4	71
0	169
4	0
3	0
2	0
2	25
28	25
55	1
26	0
0	111
17	111
11	0
372	1
110	6
0	6
207	0
52	0
157	0
7	2
20	2
0	125
0	201
4	131
0	166
2	1
313	0
26	220
0	220
0	15
121	0
211	0
7	376
0	0
4	336
1	109
10	283
10	1
0	441
5	302
0	2
7	268
6	0
0	0
2	0
12	1
3	0
3	0
26	0
1	24
0	29
0	142
0	149
0	148
0	143
2	36
7	0
4	0
1	0
8	0
18	0
16	3
0	3
14	0
0	0
0	0
3	0
1	9
1	9
138	0
12	347
19	350
40	384
10	34
21	377
8	2
3	3
6	266
5	266
684	598
0	21
40	341
0	320
195	1
2	1
5	0
0	681
0	676
0	665
0	698
0	659
0	615
0	648
0	643
0	151
55	1139
4	1139
0	12
9	1
4	0
15	0
38	0
14	0
14	0
2	0
4	0
0	6
2	6
87	0
25	7
6	78
6	78
0	6
0	7
0	365
18	365
101	349
80	29
0	3
0	256
0	280
154	130
4	24
0	142
0	216
126	176
0	460
0	206
9	0
27	56
10	49
0	1
0	15
5	45
2	28
0	15
6	0
81	0
18	1
4	0
1	1
27	1
131	0
0	393
0	233
0	287
0	183
0	343
0	337
18	0
9	216
92	210
3	6
0	270
0	366
1	17
0	560
0	527
11	1
0	428
1	0
0	0
10	0
0	0
5	0
32	0
4	0
5	0
18	0
6604	5
38	3
316	0
69	244
0	245
0	84
0	117
2	3
0	198
12	342
1	910
4	859
0	3
100	0
0	17
7	17
84	0
0	1737
0	1648
0	1643
4	1663
0	1554
4	113
32	459
60	346
43	0
0	0
4	0
7	0
1	0
14	70
0	70
0	405
401	405
16	0
287	1
0	115
3	115
8	270
6	270
0	97
0	98
0	102
0	103
11	0
21	2015
0	1570
4	2292
0	510
2	712
0	4
0	4
1	0
6	0
5	0
0	5
608	5
236	0
0	356
0	347
0	173
0	156
0	165
2	0
0	119
129	119
4	0
1	0
0	9
0	1
0	9
0	1
0	375
0	4
1276	379
295	0
3	298
138	427
13	129
0	5
0	22
2	1
1	853
1	3
0	227
0	211
0	184
0	627
0	810
0	837
1	18
3	0
2	0
0	116
3	909
1	977
0	184
5	387
3	0
4	0
33	0
47	1
0	202
0	99
0	165
0	73
0	127
0	174
18	128
28	78
0	68
17	155
0	113
15	105
10	68
33	1
1	2
12	0
566	0
327	86
8	86
0	490
0	392
0	482
9	419
0	376
0	418
0	488
0	399
0	459
0	374
0	481
0	479
26	0
30	0
114	331
9	331
3	1
0	255
2	61
4	244
12	0
1	0
5	0
0	4
4	4
295	0
34	2
4	2
8	0
267	0
63	385
2	385
37	151
8	151
588	398
7	393
4	334
0	189
7	11
0	7
29	165
0	331
4	170
10	0
1	0
48	0
89	0
75	5
118	114
2	114
40	97
164	79
89	19
69	0
0	1688
1	163
0	1592
2	807
2	701
13	707
0	1573
11	807
0	1665
4	19
13	19
39	434
0	434
0	164
8	0
8	0
1	2
0	2
2	0
501	0
0	0
656	231
0	209
0	22
2	0
10	51
88	51
234	12
19	12
3	12
107	0
47	0
44	94
3	106
7	106
0	73
8	14
0	285
0	336
0	288
0	334
0	283
0	339
1	175
25	2099
495	2099
10	109
145	114
7	5
3	0
0	29
50	29
0	1
1	1
1	0
34	0
93	14
0	14
0	220
0	473
0	199
0	494
0	502
0	228
2	0
0	51
167	51
4	147
0	517
0	1227
0	197
0	508
0	384
0	308
0	1427
0	317
0	184
0	115
1	4
16	830
0	506
41	933
134	98
12	878
1	364
1	4
15	0
3	0
5	0
2	0
5	0
183	3
0	1
0	3
31	1
7	69
879	102
3	116
2	0
81	0
0	256
0	184
0	250
0	190
0	182
0	188
3	0
2	0
3	0
1	0
0	262
18	262
0	657
0	1125
0	1096
0	1140
0	1169
0	1143
0	628
0	1122
0	1122
8	193
0	176
0	1125
0	1172
1	39
27	0
0	227
0	312
0	259
0	294
0	344
0	283
0	326
0	251
3	133
3	0
2	0
4	270
16	368
7	505
47	495
7	0
3	0
2	0
4	0
451	38
48	0
0	0
107	0
154	520
3	271
3	520
0	35
0	29
7	36
0	0
0	0
184	0
18	176
199	176
0	22
573	0
131	0
12	0
2	0
2	0
1	2
1	1
0	1
34	180
1	180
261	0
26	0
35	173
169	772
1	548
17	956
24	675
69	675
10	226
132	226
0	0
3	0
36	0
2	0
2	0
0	0
0	0
1	0
3	0
3	0
3	0
2	0
3	0
2	0
4	0
3	0
2	0
4	0
3	0
4	0
0	0
1	0
0	0
7	0
3	0
1	0
8	0
2	0
6	0
45	0
0	0
3	0
2	0
1	0
1	0
0	0
1	0
2	0
3	0
7	0
8	0
5	0
6	0
0	0
1	0
5	0
0	0
4	0
2	0
1	55
105	55
2	0
5	3
0	5
3	3
0	3
1	0
1	0
1	0
0	0
0	0
31	0
39	0
3	0
2	0
1	6
24	6
35	0
3	2
0	2
3	0
0	0
188	0
7	1
0	1
2	0
6	0
4	0
7	1
3	2
0	2
8	3
2	3
5	0
2	0
1	11
52	11
13	0
0	1
0	1
0	1
32	1
0	0
2	0
0	0
8	15
2	15
24	0
13	0
51	0
3	0
3	7
0	7
6	23
0	23
0	0
4	0
52	0
29	0
0	0
15	0
10	100
10	100
1	0
0	0
0	0
16	0
27	0
10	0
1	0
1	0
2	0
2	0
3	0
0	2
5	2
0	12
2	12
7	0
27	0
21	0
3	0
23	0
1	0
2	0
49	9
0	3
3	3
2	0
4	0
2	47
30	47
0	1
22	1
32	0
4	9
0	9
55	0
2	1
0	1
0	1
0	1
1	4
5	4
7	0
3	0
4	0
6	0
2	0
3	6
0	6
2	20
2	20
13	0
3	0
0	57
0	55
0	56
0	54
0	153
33	413
5	264
18	3
0	2
17	2
117	0
1	1
11	1
3	0
35	57
231	0
5	57
0	1
10	1
1	0
0	0
22	12
0	12
47	10
0	10
8	0
3	0
0	4
39	0
0	4
10	0
2	0
6	0
9	0
0	0
0	0
16	16
0	17
0	6
4	0
4	0
3	0
221	0
12	1
1	1
25	4
0	4
205	0
41	0
12	0
1	0
20	0
2	1
0	0
0	0
1	7
2	7
11	0
6	13
2	23
0	23
4	16
5	29
2	1
4	0
19	0
1	3
0	3
0	0
3	62
1	1
24	62
39	0
0	0
16	0
103	0
3	0
13	0
2	0
2	0
6	0
0	1
1	0
5	2
0	0
122	108
2	108
2	21
4	0
7	21
176	1
1	1
0	18
28	18
3	5
2	5
40	0
9	0
5	0
0	2
2	1
24	0
1	0
4	101
4	114
30	114
7	0
4	0
2	0
7	0
0	0
4	0
12	0
125	0
0	12
7	12
47	1249
5	35
9	1245
0	943
0	863
1	1198
0	679
2	0
1	58
29	73
10	42
2	44
1	15
71	0
0	6
1	6
6	0
1	0
91	0
1	2
4	2
1	8
2	8
6	0
4	0
4	0
2	0
0	0
1	0
1	0
2	0
3	0
2	0
3	0
1	0
0	0
6	0
0	0
3	0
2	0
2	0
3	0
1	0
2	0
5	0
1	0
1	0
2	0
1	0
5	0
1	0
2	0
3	0
3	0
1	0
6	0
6	0
0	0
1	0
3	0
0	1
0	1
9	0
4	0
8	0
2	0
3	0
2	0
3	0
0	3
0	3
2	0
2	0
6	0
7	0
2	0
2	0
2	0
2	0
4	0
5	0
2	0
6	0
1	0
0	0
1	0
1	0
3	0
17	0
0	0
2	0
2	0
6	0
3	0
3	0
1	0
3	0
2	0
0	0
1	0
1	0
0	0
2	0
2	0
4	0
1	0
1	0
2	0
7	0
0	0
1	0
2	0
27	0
1	0
4	0
3	0
4	0
2	0
4	0
9	0
3	0
0	0
1	0
3	0
2	0
2	0
3	0
3	0
1	92
44	92
1	0
3	0
2	5
0	5
1	0
1	0
1	0
0	0
2	0
4	0
3	0
2	0
4	0
0	14
28	14
1	24
7	24
4	0
3	0
6	0
11	0
13	0
2	0
0	0
1	0
1	0
6	0
0	0
12	28
81	28
7	9
0	9
3	0
34	20
0	20
6	0
3	0
3	0
182	2
5	0
0	0
1	0
3	0
18	0
0	0
40	0
10	0
3	0
2	0
1	2
3	0
5	0
8	0
6	0
0	0
3	0
4	0
19	2
0	2
7	0
2	0
96	0
56	0
2	0
1	0
1	0
50	4
9	0
1	0
1	0
10	0
3	0
3	0
0	0
5	0
2	0
3	0
2	0
2	0
9	0
1	0
4	0
3	0
0	0
1	0
11	0
3	0
9	0
4	0
13	0
2	0
1	0
3	0
0	0
6	1
1	0
0	0
1	0
7	0
0	0
4	0
0	2
4	2
3	0
0	0
7	0
1	0
12	4
2	0
3	0
11	0
0	0
5	0
11	0
8	0
4	0
0	0
5	0
3	1
2	8
2	8
2	0
1	0
3	0
5	1
2	0
0	0
5	0
3	0
4	0
0	0
2	0
2	0
3	0
2	0
5	0
35	0
3	0
3	0
4	0
0	0
2	0
3	0
2	0
2	0
3	0
2	0
6	0
4	0
1	0
4	0
21	0
3	0
0	0
5	0
5	0
2	0
4	0
5	0
2	0
1	0
3	0
0	1
1	1
1	0
1	0
4	0
9	0
13	0
5	0
3	0
6	0
2	0
3	0
10	0
5	0
2	0
6	0
8	0
3	0
3	0
1	0
6	0
3	0
4	1
3	0
0	0
1	0
2	0
2	0
0	0
0	0
2	0
4	0
4	0
0	0
0	0
3	0
4	0
1	0
2	0
5	0
1	0
3	0
3	0
1	0
7	0
35	0
2	0
3	0
3	0
0	0
4	0
1	0
3	0
2	0
0	0
1	0
3	0
3	0
1	0
6	0
5	0
4	0
3	0
3	0
6	0
4	0
15	0
25	0
4	0
4	0
3	0
4	0
2	0
5	0
0	0
4	0
3	0
1	0
3	0
7	0
1	0
1	0
1	0
14	0
2	0
1	0
2	0
4	0
2	0
0	0
3	0
2	0
5	0
2	0
1	0
1	0
2	0
7	0
3	0
0	31
1	31
2	0
5	0
3	0
6	0
8	0
7	0
25	0
3	0
4	0
4	0
3	0
4	0
3	0
2	0
8	0
1	0
10	0
6	2
4	0
3	0
3	0
2	0
4	0
3	0
10	4
3	0
0	4
2	4
5	0
2	0
5	0
0	0
1	0
3	2
3	2
2	0
3	0
2	0
5	0
2	0
1	0
2	0
9	19
4	19
2	0
3	0
1	0
4	0
0	0
2	0
0	0
3	0
3	0
3	0
3	0
8	0
0	0
0	0
8	0
2	0
2	0
2	0
0	0
1	0
10	0
10	0
5	0
6	0
0	0
0	0
6	0
2	0
2	0
0	0
8	0
4	0
2	0
1	0
1	0
18	2
0	2
3	2
2	0
1	0
8	3
4	1
0	1
1	0
1	0
3	3
7	3
3	0
4	0
22	0
1	2
0	0
38	0
0	0
1	0
4	0
0	0
2	0
1	0
2	0
1	0
5	0
2	0
0	4
6	4
3	0
2	0
1	0
14	0
61	0
1	0
31	0
3	0
2	0
1	0
0	0
1	0
11	0
18	0
7	0
10	0
0	0
0	0
1	1
7	0
2	0
1	0
0	6
55	6
6	0
3	0
6	0
6	0
7	0
5	94
101	94
1	0
1	0
3	0
0	3
0	3
2	0
5	0
1	0
4	0
1	0
3	0
2	0
5	0
2	0
1	0
2	0
5	0
9	0
3	0
1	0
2	0
0	0
2	0
1	0
5	0
8	0
6	0
2	0
1	0
1	0
4	0
12	0
7	0
1	0
19	4
0	0
2	0
4	0
0	0
2	0
0	0
1	0
24	0
1	0
1	0
1	29
79	29
10	0
4	0
8	0
1	0
8	0
4	0
5	0
4	0
2	0
2	0
3	0
1	0
1	0
0	0
2	5
3	5
8	0
0	43
5	43
2	0
19	0
1	0
18	0
7	0
50	0
8	0
3	0
3	0
11	0
4	0
3	0
4	0
3	3
2	0
32	0
4	0
2	0
9	0
1	0
3	0
0	0
5	0
2	0
0	0
0	0
2	0
7	0
0	9
0	9
5	0
1	1
0	1
16	0
5	43
0	43
31	1
7	0
1	0
2	0
2	14
0	14
5	0
7	0
6	0
20	0
1	0
1	0
18	1
0	1
9	0
1	0
0	0
3	0
5	0
1	0
2	2
0	2
6	0
4	0
7	3
1	3
0	0
0	0
273	128
0	128
16	1
0	156
2	254
78	254
16	58
2226	58
0	792
4	794
0	29
25	0
3	0
21	0
11	0
0	0
9	109
6	109
17	0
12	139
19	139
13	51
12	155
0	4
4	13
18	108
1	0
1	0
20	0
0	0
0	17
0	17
28	1153
14	410
44	443
6	283
4	174
14	446
3	1185
12	58
21	0
1	0
1	0
20	70
1	2
0	68
0	2
1	363
54	1192
16	969
506	151
0	151
1132	0
0	13
33	13
11	0
1	0
5	0
17	0
1	0
7	0
21	0
5	0
0	2
0	0
0	0
6	0
92	0
38	20
219	0
100	474
1	458
1	10
9	2
0	19
3	2
6	10
3	0
7	8
25	0
1	4
6	4
48	0
2	3
2	0
38	1106
0	192
0	133
0	1612
0	1884
0	1956
0	1842
0	1829
0	249
0	1897
0	1904
0	193
0	191
0	1632
0	1557
27	1
164	0
1	2
6	2
0	2
12	1
4	0
12	0
9	0
3	0
0	0
362	902
21	902
2	0
13	0
32	0
0	129
0	105
0	124
0	112
0	111
0	131
0	124
0	119
0	2
3	379
0	631
32	754
1	44
2	640
17	752
3	2
6	0
4	0
0	8
0	9
0	11
0	10
37	0
0	0
1	0
1	10
0	267
0	202
11	32
0	129
0	195
0	268
0	201
1	144
2	22
0	76
0	99
0	55
0	73
3	0
1	0
0	0
358	0
4	0
0	0
1	8
4	7
6	6
9	2
0	113
0	85
0	99
0	81
0	99
0	95
4	346
32	438
6	205
2	256
22	92
4	0
40	2
3	101
0	574
0	215
15	233
20	592
4	1
16	1
218	0
4	0
0	0
1	0
19	0
2	0
2	0
1027	0
2	0
80	0
31	0
99	2
10	5
0	6
0	1
115	0
39	769
0	1155
0	1121
0	343
0	210
0	377
35	1023
0	244
0	3
2	0
42	2554
4	2223
0	2311
45	2554
4	0
0	0
4	0
3	1
0	306
0	326
6	63
0	318
0	317
0	286
0	311
0	287
0	295
5	140
0	337
2	15
0	4
0	12
1	3
4	5
5	0
4	0
0	12
0	682
0	689
0	658
0	618
0	651
0	618
0	1
1	0
2	11
1	11
3	0
9	0
14	0
9	19
6	19
9	5
1	0
13	0
2	0
6	0
38	357
3	8
3	357
89	152
0	1677
0	1678
0	1639
0	1638
0	1104
0	1665
0	1664
0	1703
0	1704
0	1105
0	149
0	3
0	388
9	290
7	171
2	358
4	0
5	0
4	0
7	0
56	0
271	42
0	42
0	0
0	110
0	199
6	309
368	0
0	1969
107	114
0	1969
11	0
45	1152
27	621
0	446
47	1054
0	9
7	34
0	10
8	34
137	0
7	0
2	591
5	95
1	589
131	113
6	48
323	0
91	0
6	0
477	0
0	1
1	11
0	2
17	65
4	30
0	45
11	0
4	0
55	0
5	0
0	44
0	43
0	44
1	294
0	488
1	477
6	305
9	4
107	4
18	0
5	0
4	0
1	0
1	0
190	0
0	2
2	2
0	113
0	13
0	18
0	67
0	55
0	63
0	121
0	125
0	117
2	0
2	0
55	2
1	2
0	5
55	0
1	5
0	933
0	923
1	8
0	476
0	495
1	27
4	63
0	942
0	914
3	0
0	0
27	20
0	20
18	0
3	92
1	92
76	0
0	400
0	576
0	359
0	617
0	586
0	369
2	0
0	0
1	9
0	9
0	17
5	17
7	0
0	0
17	0
289	0
1	0
19	1
2	50
0	55
51	45
2	0
41	0
6	4
5	581
2	12
26	575
30	574
40	373
56	373
97	102
24	100
0	27
0	23
2	554
237	554
0	12
2	0
8	0
4	0
0	0
1	0
7	3
0	3
191	175
14	175
174	0
102	94
13	95
0	14
0	13
29	26
0	14
0	15
0	14
0	14
1	14
0	13
0	80
1	213
3	115
0	258
0	125
3	0
2	0
76	0
2	99
4	609
127	609
7	0
6	0
0	0
26	0
4	2
2	2
6	0
21	6
3	6
0	22
21	22
336	0
27	0
169	0
0	1
1	151
0	142
21	69
0	132
0	141
14	62
4	0
0	209
0	2810
36	179
0	2810
1	2811
329	0
0	318
0	231
0	294
0	723
2	46
0	255
0	699
0	624
0	638
2	205
0	629
0	213
0	633
4	0
10	0
1	0
74	0
0	29
292	29
3	0
0	199
1	200
0	198
16	16
0	16
2	2
13	2
1	1
6	0
0	1
95	0
15	22
0	22
31	1
7	186
32	496
0	7
5	310
8	245
8	4
16	291
96	0
0	15
2	1
0	8
8	7
6	6
0	6
1	0
5	2
32	1
367	1
9	0
4	0
48	304
4	304
42	0
1	0
18	0
0	1236
0	961
0	1382
0	1368
0	1285
0	1270
0	1397
0	1334
0	1299
0	1480
0	1153
0	946
0	1251
0	1044
2	76
2	0
4	0
1	0
0	59
106	1303
1	1244
2	250
13	156
600	406
3	0
23	0
9	0
7	0
1	0
119	0
1	12
0	220
0	710
0	627
0	24
0	484
0	578
1	444
0	352
0	104
0	352
0	286
0	644
0	418
2	34
2	12
2	0
9	0
1	0
0	0
5	0
13	0
0	0
2	2
24	2
87	1
0	1
2	0
0	13
7	13
12	0
390	465
27	465
0	14
45	45
51	31
3	13
7	13
170	0
8	256
0	256
0	0
2	27
592	27
42	1
0	56
0	29
0	150
3	15
0	29
0	145
0	53
0	125
0	120
0	25
0	120
0	52
0	5
6	9
1	4
6	0
11	0
4	0
3	0
41	0
1	0
0	0
6	8
2	0
9	2
1	6
1	2
6	1
1	3
9	0
1	0
11	127
13	497
0	402
1	87
0	0
0	1432
6	1429
0	1463
99	1355
326	6
0	6
185	1
2	31
0	5
2	64
4	95
4	62
1	3
17	153
0	148
370	179
22	161
19	161
0	4
20	4
3	4
0	4
0	0
5	65
2	65
5	14
0	29
11	29
4	3
0	12
7	9
1	3
2	0
2	12
0	10
0	1
0	14
5	6
0	45
101	191
0	75
0	238
0	51
0	81
0	244
36	454
42	315
0	14
4	5
51	761
6	259
0	22
0	30
0	29
0	119
0	552
0	462
3	0
2	0
1	0
3	0
0	160
174	160
0	6
18	412
118	412
170	6
5	9
1	6
4	3
1	7
1	15
7	17
13	10
0	6
1	8
1	11
12	12
2	5
11	297
25	307
12	202
50	3474
9	3474
1	7
4	2
0	2
113	0
26	20
15	20
72	149
12	33
1	2
0	0
3	116
35	0
129	386
2	270
42	0
6	33
1	33
59	0
226	0
123	0
1450	0
0	1602
0	673
0	673
0	1605
5	896
0	676
0	1602
3	695
0	673
0	1602
33	0
15	0
1	0
5	0
14	6
0	6
74	1
6	2
0	2
29	0
45	0
295	0
49	0
1	0
39	0
0	66
43	66
0	4
0	4
46	19
0	15
0	24
119	34
4	10
0	5
1	6
1	5
0	6
0	6
0	5
31	0
15	15
3	17
0	0
2	0
0	0
0	79
0	79
7	12
10	0
25	0
14	0
13	0
1	0
12	0
4	0
10	0
2	0
4	75
7	75
106	0
0	91
47	98
5	128
0	104
1	0
0	0
7	24
17	33
107	0
16	16
16	101
1	101
8	117
0	380
0	231
0	216
13	1
0	356
0	255
0	240
2	1
0	277
0	301
58	107
0	283
0	256
0	262
12	418
0	1377
2	836
3	1081
4	0
7	0
10	0
1	0
1	0
1	0
1	0
3	309
10	195
12	305
6	96
1	0
9	479
18	210
7	325
66	224
0	490
2	0
0	0
0	0
20	1
9	0
0	3
1	17
4	1
0	9
5	22
1	22
0	0
30	1
7	23
13	58
56	74
11	94
0	1
2	0
8	2
3	0
20	0
3	1
7	121
6	121
97	0
3	21
5	21
8	0
50	0
56	0
0	1
139	1
101	0
2	3
57	237
36	237
3	231
45	3
10	10
1	146
2	45
13	1510
8	1614
4	1077
43	1492
18	10
0	3
0	10
2	0
76	0
3	0
1	0
0	0
0	0
1	0
0	0
3	1
2	1
15	1
1	1
116	0
4	172
2	529
0	682
2	661
9	71
32	71
2	23
20	323
7	323
1	328
214	324
2	4
1	0
7	0
21	0
9	517
63	159
4	158
55	494
17	517
6	0
19	0
18	229
2	132
3	250
10	4
288	1
6	0
180	46
0	46
2	229
8	229
2	30
1	30
0	0
2	60
1	60
0	113
364	1224
203	1224
1	212
17	212
5	195
11	291
2	614
0	656
0	623
0	665
96	0
3	0
24	0
0	0
9	0
3	0
0	597
0	1073
6	943
0	1126
0	545
0	0
2	0
0	0
0	20
10	843
0	26
3	843
174	751
39	151
5	151
0	108
0	90
0	104
0	122
1	0
2	0
0	1
0	0
0	0
0	1
0	1
1	0
5	0
2	0
1	0
0	429
0	288
0	306
0	411
1	115
0	114
34	775
0	777
0	657
2	0
6	180
0	321
1	212
3	131
19	11
3	26
137	13
2	13
0	305
10	3
1	37
5	15
0	38
0	530
1	63
0	533
0	91
0	96
0	75
0	514
0	928
0	946
2	6
0	81
5067	10
5	10
18	0
63	4
1	33
22	33
33	0
0	0
11	0
481	0
12	257
4	257
3	0
6	99
7	608
0	4
5	266
0	640
6	621
6	0
10	2
0	24
77	24
41	55
16	1158
0	829
10	192
1	1117
1	788
16	23
1	9
855	11680
1112	18682
405	19282
364	20419
8	100
2	100
10	0
2	0
60	0
47	0
4	1
2	172
13	66
114	172
0	0
1	0
9	0
3	71
0	715
0	226
0	851
0	90
0	248
0	829
0	693
0	384
0	17
6	0
10	0
0	0
6	0
16	84
0	9
18	84
12	51
7	51
923	6227
88	37
4	4588
125	1668
1062	0
29	0
239	0
6	204
2	71
0	224
112	494
72	494
0	179
0	137
0	148
0	190
0	146
18	198
54	769
18	769
27	1500
1056	1500
2	0
376	0
13	0
173	923
42	923
2	0
2	0
3	1673
5	1599
3	543
1	5
2	0
3	0
9	0
108	56
1	13
0	43
9	38
19	38
116	0
4	34
0	34
9	28
5	0
216	1187
2	1187
0	0
0	118
2	918
695	1028
41	1028
0	118
14	0
1	0
5	154
0	287
0	50
5	10
0	59
0	67
0	295
0	21
7	0
5	35
22	35
16	0
2	202
9	1708
22	2081
2	375
2	13
10	0
10	0
2	0
0	0
4	0
1	19
72	205
0	312
64	227
24	68
0	299
0	723
0	736
0	221
10	0
0	0
436	59
1	59
0	7
0	7
0	2
0	2
7	2
0	0
138	3
0	6
1	5
1	10
1	0
0	11
0	6
3	4
1	5
0	5
0	2
3	0
4	1
2	17
59	18
2	0
9	110
2	105
0	110
9	0
2	7
0	1
6	1
0	0
8	0
42	414
27	414
4	0
82	183
16	185
3	65
0	1045
0	578
0	1055
2	415
0	1136
0	1118
0	9
0	85
6	0
7	3
0	190
0	177
0	190
0	177
11	0
7	2
3	2
0	1
4	1
1	2
6	2
2	0
8	7
2	1
1	9
2	21
2	7
10	6
1	15
3	5
0	2
0	14
14	24
0	9
15	14
4	11
0	9
1	8
0	5
2	11
0	3
4	7
0	5
0	5
0	9
4	428
50	428
392	75
1	75
1370	0
0	145
0	80
0	145
0	80
0	145
0	80
0	80
6756	3
0	80
0	80
6	0
0	3
0	3
3	298
0	536
17	1196
1	33
126	1494
14	48
0	6
0	7
4	489
141	496
205	489
3	0
16	0
1	0
88	2
1	0
10	7
5	3
1	7
5	3
3	3
86	5
3	5
162	0
16	46
26	46
703	45
0	135
0	176
0	136
0	175
15	107
9	0
83	0
0	85
9	175
7	175
57	46
11	67
9	177
65	166
135	52
0	52
74	1
20	421
44	421
111	234
19	188
7	46
0	0
3	1
8	0
1	0
2	0
0	7
3	7
173	0
0	1
251	1
164	1
768	0
0	0
5	172
5	172
102	1
0	1
30	292
0	1284
0	415
0	312
87	1387
0	23
44	23
0	780
0	79
0	336
0	66
0	613
0	322
0	74
0	789
0	512
1	16
1	512
7	394
0	604
0	60
7	322
4	0
6	0
298	0
1	0
0	0
5	0
3	0
0	0
16	215
1	82
40	215
3	54
13	57
8	111
1	3
6	1
1	0
4	15
12	12
2	0
7	0
1	0
3	0
22	497
447	497
0	0
83	112
1	53
0	20
0	59
1	0
34	0
8	0
5	0
5	1
2	0
3	0
3	0
4	0
10	0
2	5
0	5
2	0
1	0
19	3
1	3
147	9
0	9
9	0
2	0
3	2
1	1
0	1
1	6
0	6
4	0
2	0
1	0
2	0
2	0
1	0
0	2
2	2
2	0
0	0
3	0
3	1
8	0
3	0
3	0
3	0
9	0
1	0
5	0
10	2
0	268
5	45
13	133
0	272
11	106
3	87
0	230
0	226
0	6
0	0
8	0
3	0
67	2
22	19
0	0
0	19
2	0
9	3
0	7
3	10
396	0
6	0
32	817
3	870
2	295
12	0
1	525
3	59
0	725
0	501
20	127
0	562
0	117
1	42
0	178
0	190
0	341
3	139
19	0
7	2
3	0
14	0
22	4
1	0
2	0
1	0
24	0
2	0
1	0
24	0
11	0
238	26
342	230
5	204
0	1
0	807
15	794
21	800
1	0
1	0
18	0
3	0
0	0
0	2957
0	2467
7	2
0	2490
4	3
0	2934
22	951
2	14
7	0
0	0
510	35
4	19
0	16
12	0
125	66
0	7
0	66
2	20
24	2
0	1956
0	525
0	1954
14	35
0	1957
0	1955
4	0
10	0
1	263
57	1211
3	1
467	30
3	11
38	29
14	991
0	1997
196	1360
0	1260
7	32
14	207
0	1996
93	2208
3	3
23	718
0	2153
1	2073
0	988
1	1090
1	1030
2	948
6	503
3	739
12	1
0	93
18	0
7	23
4	23
0	5
6	5
7	21
0	21
31	0
10	0
135	18
0	18
2	302
10	329
2	301
1	262
1	330
0	1
5	1
0	3
0	4
0	0
0	0
75	0
1	71
0	31
14	71
25	1
1	1
44	0
15	1
22	142
0	141
6	31
0	15
33	45
829	6
0	6
89	227
0	149
0	371
0	367
0	145
0	88
0	84
2	0
23	0
1	0
2	0
24	0
12	0
11	0
8	0
1	0
5	0
6	0
8	0
15	0
13	6
0	0
1	6
0	12
1	12
0	2
15	0
1	0
3	18
33	19
12	0
2	0
9	0
4	3
3	3
4	0
0	3
0	0
7	5
1	3
0	5
0	2
0	6
3	3
4	4
3	13
3	10
4	2
12	11
3	2
0	4
20	3
0	5
0	11
8	6
0	1
4	10
3	6
2	0
7	0
1	0
66	0
0	0
0	332
0	332
3	0
19	691
0	98
37	691
0	130
371	0
2	0
0	0
12	78
3	6
4	40
4	13
15	43
0	8
4	7
4	39
0	51
3	3
11	178
0	68
11	3
0	68
0	219
2	218
5	3
15	4
914	4
1	0
50	2
3	13
0	13
17	0
1	6
0	0
12	317
23	317
0	0
14	0
0	64
0	95
0	24
1	55
0	0
16	171
1	0
0	0
473	173
3	0
3	1
11	2
0	0
0	14
1	11
18	166
2	10
3	0
7	191
5	192
0	2
52	2
3	0
3	0
1	0
4	0
3	0
0	14
0	14
0	0
8	0
0	0
5	201
7	631
15	632
318	0
47	0
167	2
2	2
1	2
30	408
80	409
385	0
14	396
2	396
12	255
1	269
0	381
0	391
1	290
20	52
0	341
0	285
0	381
4	0
2	0
2	0
2	0
1	2
33	65
0	65
0	61
0	131
0	115
0	112
0	134
0	80
0	126
0	3
26	126
10	200
0	251
0	470
0	523
1	221
0	304
1	0
2	0
8	0
2	28
5	28
383	0
0	1403
0	1718
0	807
1	43
0	1593
0	1121
0	1529
0	997
0	932
17	680
35	680
46	270
3	19
4	261
2	189
0	4
8	174
0	71
1	207
206	0
0	346
4	191
0	379
5	168
0	292
0	259
0	37
0	360
0	363
0	352
0	355
3	3
2	3
3	295
0	343
2	155
0	120
0	217
0	173
0	227
0	183
0	144
0	154
0	194
0	214
0	149
0	207
4	121
0	160
0	131
0	237
0	203
0	182
0	205
4	395
0	414
1	217
9	0
24	11
4	12
0	120
52	107
2	102
0	36
1	142
0	58
0	4
1	92
1	69
9	4
1	17
58	104
39	31
6	19
0	51
18	6
19	11
7	45
18	66
32	21
0	19
18	64
30	14
6	7
45	65
10	9
0	7
17	0
5	253
148	253
0	2
145	139
21	137
0	2
1	0
11	0
0	0
47	0
61	0
0	0
0	0
1	4
2	7
100	0
156	0
48	3
0	1
326	1
1	2
0	664
0	681
0	665
0	671
0	676
0	666
0	675
7	20
0	674
1	7
8	0
4	0
105	13
45	399
0	1020
1	343
0	648
2	817
394	998
0	408
32	561
0	415
0	618
17	25
5	441
0	13
10	0
8	0
0	0
3	0
2	0
6	0
1	0
4	0
2	0
361	164
0	164
3	268
0	300
0	594
0	559
0	578
0	316
24	287
0	575
5	0
0	191
0	243
0	230
0	4
0	282
10	0
0	0
18	0
32	356
3	356
0	1
0	0
1	0
43	0
4	3
24	0
9	380
0	418
18	6
2	1
201	366
2	37
5	1
12	0
2	0
2	5
0	5
3	7
0	13
0	221
0	170
0	259
0	237
0	118
6	269
0	276
0	35
0	30
1	33
3	28
0	2
1	128
0	3
0	78
71	128
0	121
3	1
0	42
0	150
0	42
11	42
3	143
2	122
13	122
2	38
5	48
14	144
6	96
2	0
1	0
23	0
721	0
1	0
0	358
0	410
6	100
0	448
101	81
0	252
0	84
4	395
0	396
17	392
22	392
3	0
8	0
37	4
51	4
2	4
0	285
935	342
158	480
0	160
9	0
2	2
0	0
2	2
19	0
85	0
4	527
101	527
864	0
35	230
2	118
0	189
2	160
98	393
57	0
30	979
63	999
0	20
17	0
0	0
1	0
11	0
0	3
19	468
22	630
1	84
0	659
19	457
26	59
2	1
42	91
2	0
4	0
2	0
1	31
0	31
8	3
4	16
0	16
1472	0
0	109
6	109
16	109
39	6
33	0
215	0
11	198
0	665
0	262
0	253
0	434
0	661
0	656
0	671
0	435
0	416
0	437
0	416
0	680
0	425
0	662
0	417
0	434
0	439
4	141
7	134
1	7
149	0
26	59
0	59
174	0
6	149
1	2666
71	2666
1	0
4	0
34	0
32	0
8	0
2	0
4	0
1	0
21	0
20	1
15	0
20	0
614	0
4	163
8	163
23	334
1	225
16	9
5	30
3	117
4	1
1	2
275	3025
17	3025
0	0
6	0
6	0
5	0
1	0
0	0
131	0
7	142
0	245
0	481
0	483
0	244
0	242
0	484
7	0
1	0
105	0
64	0
10	0
1	1
3	1
6	0
57	1
2	1
2	0
1	0
0	1
6	3
18	6
23	3
28	2
35	52
5	69
0	5
79	68
3	1
1	4
3	2
7	1
5	0
1	0
45	0
5	0
27	20
98	20
0	7
0	35
0	36
0	4
3	13
4	18
0	25
0	5
0	8
0	32
16	36
1069	0
9	577
13	609
2	108
1	681
4	192
1	179
3	0
6	0
2	27
60	64
24	856
49	490
191	1023
3	189
0	23
68	0
563	39
3	26
0	13
2	0
0	0
0	6
695	458
3	458
46	0
394	326
1	281
1	45
0	733
0	695
0	587
0	625
4	0
0	944
0	459
0	163
0	307
13	448
0	877
0	230
0	392
0	792
11	4
5	0
107	0
5	0
2	0
4	0
53	0
3	4
14	4
0	547
11	415
1	548
0	10
1	666
13	692
9	463
17	0
89	439
4	550
2	418
2	4
4	1
9	0
53	0
80	0
23	146
0	146
45	765
5	337
12	428
9	24
2	3
7	3
7	132
9	132
1	6
0	6
0	6
2	53
0	343
0	595
2	419
3	232
9	671
37	244
16	323
146	81
2	0
10	0
1	0
0	0
3	0
0	0
2	44
2	44
294	0
0	6
541	6
0	269
0	1352
0	1598
0	395
3	25
0	26
0	230
5	54
40	1220
0	202
53	18
0	315
9	1300
7	1534
2	1283
29	119
0	3
2	3
8	2
3	0
0	9
0	9
6	0
42	0
0	2
1	12
12	1
2	8
1	0
8	4
9	9
241	916
0	1
1	2
4	290
54	1102
5	1
0	0
88	1125
115	698
2	2
11	341
56	299
6	34
0	0
3	0
1	0
3	0
44	1931
10	1931
8	559
6	267
141	0
71	0
3	827
438	976
56	777
6	1531
0	26
69	26
3	0
15	7
0	245
33	208
1	110
1	5
6	163
6	230
8	224
974	3981
170	3981
55	0
2	0
3	0
3	1
1	0
38	11
53	10
0	6
0	1
1	3
1	35
4	9
0	35
2	2
8	9
0	97
0	107
0	107
0	97
4	22
1	1
1	4
0	0
1	1
18	35
5	10
5	4
0	1
0	2
1	3
5	1
35	27
5	27
6	0
1933	484
2	165
0	135
0	105
0	280
0	310
3	0
13	0
139	872
2	872
0	0
7	0
1	127
0	175
5	1000
0	138
4	1485
13	1428
3	1347
19	1162
0	172
0	122
0	155
39	101
0	4
3	1073
2	0
7	3
0	3
0	915
0	934
8	485
0	430
0	411
1	0
27	0
1	112
11	148
3	36
92	0
122	0
0	254
9	95
0	13
10	254
1	282
19	31
36	1213
181	1241
308	2
51	691
130	691
1	9
3	8
2	3
1	14
77	566
25	24
2	4
10	775
20	769
29	345
9	4
2	0
2	0
66	0
3	0
252	0
301	72
0	72
304	0
3	131
11	317
11	448
0	159
36	159
2	0
463	0
1	42
0	42
0	19
0	42
79	3
0	43
10	5
0	2
0	75
0	75
0	42
8	39
720	39
0	42
1	43
2	3
0	42
0	1392
0	1547
0	1768
2	1881
9	382
3	1691
0	1613
0	1835
0	1867
0	1712
0	1990
24	0
17	0
2	0
5	0
0	0
2	0
21	874
293	874
0	453
0	441
0	3
0	320
0	385
0	444
0	450
2	0
98	0
16	291
0	305
0	232
20	0
0	0
366	0
0	35
5	35
98	0
133	5
0	6
286	6
553	0
29	0
4	33
1	41
2	41
0	168
5	128
0	694
0	0
0	152
2	153
0	699
0	715
0	710
5	0
0	270
0	308
0	266
0	304
0	84
141	0
31	69
4	69
534	15
0	15
273	0
43	0
4	0
9	0
0	0
7	0
3	0
1	0
0	0
1	0
2	0
5	0
12	3
0	3
0	25
11	133
0	108
36	2
168	0
1	2
0	2
213	0
280	0
10	61
38	804
7	33
31	804
13	1020
159	1020
10	1128
835	108
2	993
288	1
5	0
29	0
4	0
7	0
12	0
20	0
0	0
2	0
14	0
6	0
4	0
1	0
1	0
1	1
2	1
15	186
1	186
0	8
111	9
56	0
21	0
17	0
1	0
0	0
0	0
1	25
0	115
0	25
25	274
13	274
8	35
85	26
3	52
135	77
0	33
10	340
42	1
78	340
1	22
0	25
3	1
67	0
5	0
114	0
19	0
3	0
8	0
27	0
3	0
6	0
19	5
3	1
16	1
38	116
2	115
0	81
33	0
26	0
34	39
6	39
0	249
0	238
0	268
0	279
46	635
0	2
2	318
120	19
141	529
6	635
33	0
0	0
20	0
27	0
3	14
0	14
259	0
0	913
0	209
0	192
4	919
0	929
0	947
1	439
0	931
0	905
17	864
1	168
25	0
2	0
6	0
1	0
0	0
0	81
7	81
141	0
2	64
70	64
266	115
24	115
2	0
2	0
4	3
0	3
4	0
1	2
5	3
1	1
3	1
9	15
0	16
0	12
0	14
0	8
1	19
0	13
6	5
0	9
1	4
0	15
0	10
4	4
0	4
2	9
6	1
1	1
2	1
15	188
3	188
2	30
0	30
87	24
4	24
0	1
91	344
3	3
59	201
10	144
53	0
8	0
1	0
4	0
0	1318
0	1010
0	1313
0	1005
3	0
45	1
0	1
3	90
0	1
0	18
0	27
0	69
4	0
4	0
1	0
31	26
0	26
85	0
7	0
125	0
23	0
369	0
0	6
0	55
2	23
0	52
0	9
0	5
0	5
37	4
1	9
3	7
974	5
6	25
18	3
10	103
17	11
0	11
36	78
304	7
19	0
4	0
1	1
0	1
2	115
11	115
4	71
210	78
0	2
0	5
9	1942
0	2075
4	1942
127	255
16	815
1	0
8	0
0	563
0	688
0	699
0	554
2	321
0	695
0	733
0	662
0	723
0	557
0	709
0	588
0	628
3	627
1	696
0	597
0	722
3	3
0	13
5	13
4	14
3	13
1	0
6	1
4	0
6	0
3	0
3	1
0	1
16	210
4	210
14	3499
491	3499
7	53
1	53
127	345
12	345
244	256
5	255
630	0
566	166
12	166
8	263
9	263
0	1
11	1
0	188
91	188
120	38
0	43
1109	97
0	97
27721	62
5276	40
15	0
2	0
63	0
4	0
1	0
0	1
0	78
1	57
0	43
0	30
1	78
0	37
0	39
8	1
20	46
38	45
14	52
0	52
128	2
6	13
0	13
17	2
52	0
21	0
1	56
58	170
3	187
21	273
67	86
0	1096
0	404
0	69
0	214
3	582
29	795
1	1286
0	946
1	1
352	0
43	1
0	0
23	1360
398	1809
7	1668
7	0
5	1
2	0
0	0
7	0
0	9
1	9
21	0
5	282
15	282
16	32
0	238
2	334
0	334
7	385
0	774
7	523
0	17
495	2
7	0
2	0
3	0
2	0
0	0
15	0
5	0
1	0
2	3
1	3
22	576
2	509
4	576
13	571
10	0
176	0
54	0
58	0
240	0
2	158
33	158
3	5
0	11
3	1
3	46
73	46
25	15
7	9
6	0
6	9
2	27
2	31
4	0
5	0
20	31
4	28
10	10
6	10
7	0
4	0
7	0
49	9
12	9
10	1
2	2
6	2
38	50
5	395
34	395
12	0
3	4
0	4
20	0
0	240
0	204
0	240
0	204
0	43
0	26
0	3
0	7
0	6
1	4
3	18
1	0
6	2
1	3
9	7
4	9
9	30
31	29
7	1
5	9
1	0
12	0
3	0
1	0
1	1
2	1
0	352
0	337
0	338
0	359
0	360
0	353
0	0
3	1
1	377
0	378
0	535
26	155
0	533
2	2
0	376
1	0
2	0
39	40
0	40
196	0
1	32
0	32
1	19
857	2236
8	1473
0	3
19	2236
2	4
216	321
3	112
3	321
0	0
10	0
3	0
4	0
1	0
414	51
6	51
0	1913
0	1924
5	697
0	1874
1	1885
5	0
5	0
7	0
1	0
4	0
0	9
7	9
0	103
0	103
0	1
12	1
74	0
85	267
40	381
1	227
10	114
21	16
3	16
0	3
32	293
7	293
0	1
17	761
21	0
18	913
3	139
15	297
93	63
5	4
0	956
1	881
99	0
1	0
13	0
8	0
10	0
231	0
28	38
16	5
0	36
13	38
107	0
6	162
0	162
61	8
0	8
119	358
6	348
12	10
18	45
51	45
0	60
5	908
685	968
1	0
2	2
0	2
1	1
10	0
1	0
1	2
8	2
0	18
0	360
0	408
5	87
8	346
0	362
0	425
1	59
0	37
0	1585
0	834
0	373
0	100
21	1446
0	1026
0	153
0	235
6	0
2	0
28	2
1	2
0	0
0	0
1	0
4	0
6	0
23	0
3	0
32	1
9	0
6	64
1	63
0	81
7	3
13	5
1	4
5	21
162	9
13	9
5	9
4	20
0	9
4	10
0	10
3	0
2	0
21	1
211	1
252	1
0	1
199	170
45	30
8	177
266	0
5	11
670	593
18	418
0	176
2	12
37	0
5	9
0	2
63	0
40	2
2	5
14	51
0	86
3	35
33	210
5	252
1	21
14	1
19	235
0	0
0	0
168	0
16	0
52	0
120	0
0	8
0	8
3	8
15	0
47	85
1	85
7	44
202	0
3	171
0	639
6	86
0	467
0	473
0	645
5	128
0	35
3	227
14	310
0	294
2	300
5	63
64	128
34	0
10	0
1	0
1	0
1	0
0	16
4	16
3	122
2	0
43	464
0	302
561	733
0	289
0	5
2	733
0	273
0	454
2	2
34	0
1	0
14	0
0	0
0	2
6	2
4	0
3	0
2	0
0	348
2	255
0	369
0	375
0	342
1	560
0	5
77	973
0	7
2	7
17	970
0	236
3	4
0	225
0	230
1	2
0	117
0	151
0	54
0	0
1	0
2	85
0	148
0	112
0	209
0	71
0	75
0	46
0	85
0	79
0	199
0	28
1	194
0	200
0	83
1	378
1	0
8	0
4	0
2	0
2	0
6	0
0	10
3	10
7	0
1	0
141	0
2	340
4	159
0	461
4	235
4	20
1	0
24	328
3	367
0	421
2	2
12	76
255	76
0	0
0	0
2	16
6	16
10	0
6	1
7	0
5	0
11	1
0	9
35	9
2	0
1	6
23	0
70	6
10	12
0	61
0	7
11	56
72	0
11	175
10	177
1	3
0	3
1	3
1	3
49	207
1	33
0	33
0	877
0	958
0	884
0	436
0	862
0	783
0	332
0	605
0	509
0	869
0	965
0	790
0	530
1	1
474	9
8	0
0	9
0	1
3	5
0	4
15	11
0	2
4	10
13	4
0	4
21	0
5	0
6	0
2	0
0	0
2	0
0	0
9	3
8	2
28	37
6	65
17	56
5	0
22	3
11	9
1	0
1	1
3	1
59	0
7	0
77	0
2	2
59	338
50	339
661	0
1	1
47	1
144	669
74	540
56	540
17	669
22	2
0	0
28	0
4	0
10	0
5	0
1	0
3	31
3	31
65	86
12	86
9	0
20	2
54	5
707	2
1	7
0	108
0	279
0	5
49	262
1	117
44	1
8	6
0	1
1	6
2	2
20	98
10	8
82	114
0	1
0	8
24	1
158	61
3	7
19	7
18	21
0	2
4	0
60	0
2	0
20	0
212	0
3	8
3	0
19	8
1	1548
1	1805
0	3586
0	3329
52	225
4	7
1	3
6	3
8	1
0	3781
3	2
68	58
0	6
24	126
2	2
1	3
0	3524
5	0
13	34
0	42
7	8
0	3
461	756
32	756
11	0
9	0
9	9
16	9
7	0
24	0
8	0
0	429
93	429
9	42
4	75
7	74
6	43
0	75
0	85
0	80
0	90
24	368
4	368
1	172
3	159
0	218
4	243
14	251
2	0
97	0
395	28
1	28
10	91
73	34
1	57
238	0
4	940
0	945
0	355
0	862
0	438
0	815
0	898
0	390
0	38
0	424
0	421
0	455
0	67
8	0
5	0
9	0
3	0
37	0
620	116
0	116
26	21
0	18
504	555
19	8
107	771
0	246
3	457
54	768
4	40
153	45
6	5
2	175
98	175
208	1
0	1
196	1
27	0
1	0
6	0
0	0
24	0
0	560
0	250
3	437
0	272
0	582
0	64
0	100
0	103
0	91
0	102
1	59
0	138
0	92
68	33
22	11
0	139
0	53
0	873
0	1063
0	1081
12	557
0	824
44	7
0	905
0	887
2	209
0	1034
0	1021
8	0
0	0
3	0
3	0
7	0
56	0
2722	0
3	83
145	83
2209	771
3476	148
1	623
0	54
0	70
0	54
0	70
0	29
1	30
614	0
16	4
7	0
7	0
37	1
0	22
2	22
95	0
24	0
142	3
0	3
552	0
0	54
654	155
0	101
246	0
0	812
0	187
0	211
1	657
0	836
0	792
0	812
0	832
0	232
0	207
0	236
0	212
0	816
2	61
1	125
353	125
16	266
28	266
19	5
0	713
0	677
0	905
9	485
35	325
58	0
1	64
5	84
45	84
40	0
7	0
3	0
4	0
1	0
12	7
0	5
3	5
5	0
189	0
8	1
3	1
0	16
8	17
15	0
5	0
2	5
0	5
3	2
14	3
0	17
96	0
10	14
8	0
65	0
41	0
15	1
3	47
1	64
5	64
0	5
6	101
64	10
0	111
2	0
9	5
1	4
3	17
36	0
1	22
10	13
3	36
10	21
2	0
5	1
9	0
9	7
1	0
12	333
4	628
14	335
11	178
14	18
5	18
6	457
8	362
72	457
0	2306
121	3616
0	1347
11	2034
2	2351
2	0
19	0
4	0
0	0
2	2759
61	3424
91	4059
95	4724
0	23
0	37
0	6
6	6
114	0
692	0
48	735
20	735
2	387
0	2
0	1143
1	1143
4	308
1	66
0	324
0	178
306	39
9	126
2	149
0	3
0	859
0	1143
0	849
0	734
0	1018
1	57
0	1133
88	0
5	65
36	65
2	1
5	1
285	0
77	1
0	0
4	0
6	0
15	0
0	0
3	0
0	0
1	0
5	6
5	6
1	3
3	3
143	0
297	0
24	1
0	2
1	0
7	109
4	109
313	0
1	2
132	0
170	1
318	378
13	378
0	167
14	0
1	0
1	0
3	0
6	0
2	0
2	0
0	0
1	0
2	0
5	0
3	0
2	0
2	0
2	0
2	0
3	0
2	0
2	0
3	0
1	0
3	0
1	0
3	0
1	0
1	0
3	0
2	0
3	0
0	0
4	0
2	0
0	0
4	0
1	0
0	0
2	0
2	0
3	0
1	0
1	0
3	0
1	0
1	0
1	0
0	0
2	0
1	0
3	0
2	0
2	0
1	0
1	0
2	0
1	0
2	0
1	0
2	0
1	0
0	0
2	0
2	0
4	0
0	0
2	0
2	0
2	0
1	0
2	0
1	0
3	0
2	0
3	0
4	0
0	0
0	0
1	0
2	0
2	0
5	0
3	0
5	0
3	0
2	0
1	0
2	0
3	0
3	0
2	0
1	0
0	0
1	0
1	0
0	0
1	0
0	0
6	0
3	0
2	0
1	0
3	0
21	0
4	0
4	0
11	0
5	0
5	0
3	0
18	0
3	0
4	0
14	0
45	0
8	0
1	0
14	0
5	0
1	0
5	0
3	0
19	0
3	0
3	0
3	0
152	0
1	0
1	0
5	0
2	0
9	0
6	0
1	0
2	0
3	0
2	0
5945	5
53	0
1	0
2	0
4	0
4	0
1	0
2	0
13	0
2	0
5	0
15	0
14	0
4	0
2	0
1	0
33	0
3	0
6	0
19	0
4	0
28	0
4	0
2	0
7	0
3	0
3	0
5	0
7	0
1	0
2	0
10	0
4	0
0	0
3	0
12	0
2	0
5	0
0	0
66	0
4	0
5	0
2	0
7	0
1	0
7	0
277	0
5	0
5	0
1	0
3	0
3	0
2	0
1	0
9	0
222	0
8	0
76	0
8	0
2	0
3	0
6	0
1	0
16	0
9	0
3	0
2	0
1	0
0	0
0	0
5	0
4	0
6	0
4	0
2	0
3	0
1	0
0	0
4	0
6	0
5	0
2	0
2	0
10	0
2	0
2	0
3	0
3	0
12	0
4	0
0	24
6	24
1	0
5	0
4	0
3	2
5	0
1	0
12	0
7	0
17	0
2	0
7	0
4	0
1	0
5	0
4	0
5	0
5	0
12	0
1	3
4	0
1	0
2	0
4	0
0	0
1	0
3	0
2	0
2	0
5	0
3	0
4	0
2	0
4	0
10	0
2	0
1	0
8	0
8	0
4	0
3	0
4	0
10	0
4	0
1	0
3	0
2	0
3	0
2	0
1	0
1	0
7	0
2	0
1	0
3	0
2	0
2	0
6	0
7	0
2	0
2	0
7	0
1	0
1	0
2	0
0	0
6	0
6	0
3	0
2	0
15	0
1	0
2	0
4	0
2	0
0	0
10	0
8	0
4	0
5	0
0	7
0	7
3	0
0	0
5	0
0	0
2	2
0	2
0	2
3	3
0	3
3	3
0	3
0	0
16	0
5	0
3	0
0	0
4	0
1	0
3	0
1	0
15	0
1	0
2	0
2	0
1	0
1	0
6	0
6	11
2	11
14	0
15	0
1	0
4	0
1	0
5	0
0	0
4	0
0	0
0	0
0	1
6	1
4	0
0	0
3	0
15	0
11	0
89	0
8	0
1	0
0	3
5	2
6	0
4	0
5	0
0	101
0	101
1	0
7	0
5	0
1	0
3	0
0	0
0	0
11	0
5	0
0	1
15	0
7	0
2	0
4	0
5	0
0	0
2	0
1	0
2	0
2	1
0	1
4	0
2	0
0	0
9	0
29	0
6	0
0	0
0	0
2	0
6	0
2	0
0	0
1	0
3	0
7	0
1	0
0	3
56	3
5	0
3	0
6	0
0	0
3	0
2	0
8	0
2	0
2	0
3	0
1	0
6	0
2	1
0	0
3	0
6	0
19	0
3	0
9	0
12	67
6	72
0	5
1	0
0	0
0	0
2	0
0	5
2	5
0	0
0	0
2	0
0	0
4	0
3	0
1	0
11	0
6	0
5	0
2	0
1	300
95	300
4	0
0	3
0	3
5	0
0	0
3	0
1	0
4	1
0	1
4	0
7	0
29	1
2	0
8	0
3	0
3	0
226	0
2	0
3	0
3	0
36	2
1	2
3	0
6	0
1	0
1	0
2	0
4	0
2	0
0	14
2	14
3	0
5	0
0	0
1	0
5	0
1	0
2	0
0	0
0	0
0	0
0	0
7	0
5	0
3	0
0	0
0	0
6	0
4	0
2	0
1	0
2	0
1	0
11	0
9	0
3	0
2	0
1	0
0	1
4	1
0	4
20	4
6	0
5	0
4	0
0	0
3	0
4	0
0	14
2	14
20	0
0	2
6	2
2	0
1	0
7	0
19	0
9	0
14	0
7	0
0	37
16	37
8	0
1	0
3	0
7	0
1	0
2	0
2	4
37	0
1	0
1	2
2	2
4	0
14	0
6	0
2	0
1	0
1	0
1	0
3	0
1	0
16	0
2	0
2	0
2	0
11	0
0	0
6	0
2	0
0	0
0	0
2	6
2	6
2	0
3	0
3	0
6	0
12	2
0	0
1	0
8	0
0	3
6	3
8	0
0	0
3	0
2	0
0	0
1	0
1	0
5	0
5	0
3	0
3	0
6	0
3	0
3	0
1	0
3	0
2	0
4	0
7	0
1	0
4	0
1	0
22	0
10	0
1	0
3	0
4	0
7	0
1	0
2	0
1	0
3	0
0	1
0	0
2	0
0	0
2	0
4	0
0	0
3	0
0	5
2	5
3	0
1	0
4	0
3	0
1	0
3	0
4	0
0	0
2	0
4	0
1	0
4	0
3	0
2	1
6	0
1	0
0	1
1	1
4	0
6	0
1	0
3	0
1	0
1	0
3	0
3	0
1	0
0	0
6	0
3	0
2	0
3	0
2	0
1	0
1	0
1	0
5	2
5	0
6	0
0	0
5	0
8	0
0	0
4	0
3	0
1	0
3	5
0	0
1	0
3	0
4	0
1	0
1	0
1	0
3	0
2	0
4	0
3	0
1	0
4	0
2	0
1	0
11	0
1	0
3	0
2	0
1	0
3	0
3	0
2	0
4	0
1	0
3	0
0	0
1	0
1	0
5	0
5	0
2	0
2	0
3	0
4	0
2	0
2	0
3	0
3	0
3	0
4	0
3	0
6	0
8	0
3	0
1	0
4	0
1	0
3	0
74	0
0	0
4	0
4	0
2	0
5	0
22	0
2	0
3	0
6	0
3	0
6	0
6	0
1	0
3	0
5	0
5	0
3	0
0	0
1	0
3	0
2	0
1	0
2	0
1	0
4	0
0	0
1	0
0	0
1	1
3	1
7	0
9	0
3	0
7	0
1	0
5	0
0	0
4	0
1	0
2	0
6	0
0	0
0	0
1	0
4	0
2	0
5	0
3	0
6	0
1	0
1	0
3	0
4	0
1	0
3	0
2	0
1	0
3	0
1	0
1	0
9	0
5	0
1	0
0	1
0	0
3	0
9	0
2	0
5	0
3	0
0	0
0	0
1	0
5	0
8	0
5	0
7	0
6	0
4	0
3	0
1	0
9	0
5	0
5	0
2	0
3	0
1	0
1	0
3	0
2	0
16	0
0	0
0	0
2	0
2	0
0	0
5	0
3	0
6	0
1	0
0	0
2	0
1	0
2	0
1	0
2	7
0	7
11	0
1	0
0	0
1	0
5	0
2	0
16	0
2	0
3	0
1	0
2	0
1	0
3	0
5	0
2	0
1	0
5	0
1	0
4	0
2	0
3	0
3	0
6	0
3	0
0	4
0	4
48	0
2	0
2	0
0	0
0	0
1	1
5	0
0	0
0	0
62	0
0	7
1	7
201	0
16	0
3	0
7	0
0	0
1	0
5	0
4	0
6	0
5	1
4	1
2	0
2	0
5	0
3	0
0	0
0	0
4	4
0	4
3	0
10	0
1	0
3	57
2	57
30	0
0	0
0	1
2	2
1	0
229	0
2	0
10	0
1	6
0	6
4	0
3	0
4	0
3	0
10	0
1	0
2	0
1	0
0	0
3	0
5	0
5	2
2	2
8	0
6	0
0	0
0	0
5	0
2	0
0	0
0	0
2	0
8	0
0	0
2	0
2	0
1	0
1	0
3	0
3	0
9	0
0	0
1	0
2	0
1	0
0	0
6	2
4	0
1	0
3	0
2	0
6	0
3	0
3	0
14	0
3	0
2	0
3	0
1	0
3	0
2	0
0	4
79	4
0	6
0	6
0	0
6	2
6	2
0	0
6	0
79	56
7	56
1	6
4	3
18	0
6	0
3	0
11	0
2	0
2	0
3	0
6	0
7	0
9	0
0	60
4	39
2	28
32	0
5	0
3	0
1	0
2	0
1	0
3	0
2	0
4	107
55	107
3	23
0	23
1	0
3	0
3	0
5	0
2	0
2	1
2	1
7	0
210	0
1	0
0	0
2	0
1	0
3	0
3	0
4	0
6	0
10	0
4	0
0	0
12	0
0	1
2	1
1	2
3	2
5	0
11	0
11	2
38	0
11	0
8	0
1	0
4	4
0	4
2	0
4	0
2	0
4	0
2	0
2	0
8	0
1	0
0	0
0	0
2	0
2	1
3	0
1	0
4	0
1	0
2	0
2	0
0	0
1	0
0	0
1	0
6	0
0	0
2	0
7	0
0	0
2	0
0	0
1	0
3	0
6	0
6	0
7	0
2	0
4	0
3	0
3	0
1	0
4	0
2	0
1	0
5	0
1	0
2	0
7	0
1	0
2	0
3	0
0	0
4	0
0	0
0	0
0	0
6	0
0	0
3	0
5	0
1	0
5	0
4	0
0	0
2	0
3	0
1	0
1	0
1	0
0	0
2	0
1	0
2	1
0	0
4	1
6	0
1	0
3	0
1	0
4	0
3	0
2	0
4	0
3	0
5	0
3	0
6	0
2	0
3	0
3	0
2	0
5	0
1	0
2	0
6	0
2	0
5	0
0	0
1	0
5	0
1	0
1	0
2	0
4	0
1	0
3	0
5	0
9	0
0	0
1	0
1	0
2	0
1	1
2	1
4	0
4	0
2	0
3	0
6	1
1	0
4	0
1	0
3	0
2	0
0	7
0	7
0	7
2	0
1	0
3	0
2	0
6	0
3	0
2	0
5	0
0	0
0	0
2	0
0	2
1	2
16	0
1	0
2	0
53	0
2	0
0	0
3	0
5	0
0	0
1	0
58	0
14	0
0	1
12	1
2	0
1	0
5	0
4	0
0	0
2	0
6	0
6	0
48	0
4	1
0	1
45	0
0	0
1	0
3	0
0	6
11	6
1	0
1	0
2	0
2	0
5	0
1	0
3	0
1	0
14	0
1	0
3	0
0	90
7	90
9	0
4	0
4	0
1	4
3	0
3	0
0	1
2	1
3	0
3	0
2	0
3	0
2	0
2	0
1	0
0	0
3	0
3	0
0	0
0	0
4	0
13	0
0	3
2	3
6	0
4	0
15	106
4	106
0	4
2	4
4	0
4	0
2	0
11	0
1	0
1	0
1	0
4	0
7	0
3	0
1	0
1	0
6	0
2	0
1	1
5	2
6	0
1	0
0	0
0	0
1	0
1	0
4	0
6	0
1	0
2	4
4	4
0	6
0	6
2	0
1	0
323	231
0	231
10	0
1	0
1	0
14	0
0	19
120	19
13	0
9	0
6	0
3	0
0	0
1	0
5	0
0	0
3	12
0	12
0	0
0	0
5	0
0	0
1	0
0	0
3	0
4	0
0	0
2	0
3	0
18	0
6	0
4	0
3	0
3	0
3	0
0	0
0	0
2	0
1	0
2	0
5	0
8	0
3	0
2	0
0	0
6	0
1	0
1	0
4	0
6	0
8	0
3	0
0	0
4	0
7	0
1	0
1	0
4	0
3	0
3	29
5	29
7	4
0	5
0	323
54	95
0	201
0	507
57	561
10	251
0	629
0	9
5	26
0	19
1	0
7	0
8	0
3	419
46	1288
0	79
1	948
3	0
1	0
3	4
0	4
2	0
9	262
2	262
2	135
5	0
0	3
1	3
0	6
9	6
1	3
7	6
103	16
79	20
0	9
2	13
134	2
3	1020
1	99
0	1125
0	75
2	1101
0	46
1	1117
8	1097
5	0
2	7
1063	14
16	7
22	0
7	93
19	270
13	270
1	2
1	2
2	1
6	6
5	8
4	11
0	7
0	9
12	4
0	1
1	7
1	3
2	0
0	6
0	5
1	5
6	4
0	4
13	0
19	27
4	13
0	13
22	0
3	9
1	120
12	1
16	129
0	14
0	3
79	111
4	2
8	1
6	20
10	0
0	0
67	0
33	2
26	0
0	63
51	64
0	1
47	0
0	0
75	0
26	182
10	182
2	3
0	3
255	18
2	18
5	0
13	0
5	0
10	0
0	6
1	6
0	0
79	0
61	1192
64	1193
0	467
0	468
12	65
0	311
0	312
10	0
59	300
15	300
6	0
3	3
0	3
74	0
0	360
0	200
0	163
0	447
0	473
0	62
0	421
0	334
0	447
0	226
0	137
3	0
0	0
297	0
2	0
2	0
10	0
1140	860
5	860
0	47
13	327
14	766
27	439
0	0
0	337
0	353
0	351
0	340
0	338
0	350
110	0
4	0
3	0
0	2
4	2
34	534
2	142
32	534
0	6
0	2
611	0
4	70
99	812
4	742
0	106
4	106
15	0
17	0
23	0
2	0
3	427
2	427
2282	0
430	0
444	0
0	174
0	708
0	305
0	428
0	280
0	852
0	924
0	341
0	640
0	486
0	557
0	819
0	496
0	856
0	887
0	521
0	461
0	889
0	671
0	0
12	0
39	0
108	153
0	0
16	153
16	0
148	0
16	0
101	0
61	63
0	63
0	47
295	0
0	98
0	74
0	115
1	32
1	75
1	2
1	93
0	77
0	95
0	5
16	246
13	246
11	236
23	236
0	2
16	126
2	216
40	208
0	205
46	527
26	218
23	320
225	143
4	143
0	146
28	147
0	1
7	7
0	5
40	7
5	0
1	634
2	634
0	634
6	634
4	0
0	14
0	14
0	15
0	14
0	14
0	14
0	15
2	0
1	0
544	67
0	67
39	0
3	1
1	923
4	1034
1	508
81	1306
2	181
1	0
0	0
0	0
14	0
100	9
1	9
1	169
215	271
0	102
64	689
6	689
1	32
19	4664
467	4664
26	0
9	0
4	0
3	0
9	0
0	2
0	0
6	25
0	25
9	0
11	0
6	0
19	0
191	26
0	26
7	28
22	33
63	62
138	50
6	43
0	43
4	1
61	16
13	0
29	0
31	0
13	0
405	0
12	0
40	117
0	117
0	0
89	0
5	263
54	263
0	74
0	75
108	76
21	128
2	129
0	51
6	51
0	6
4	6
0	5
27	0
158	0
34	0
31	0
214	0
0	7
215	7
0	0
19	0
3	799
0	166
0	1117
4	702
0	468
14	0
5	0
1	0
2	0
0	113
12	286
8	217
9	275
3	26
0	25
19	18
5	14
0	3
4	7
14	3
8	0
0	394
1	125
47	202
4	387
0	268
2	5
0	6
7	1
3	2908
427	3021
6	3023
7	1
59	8
3	0
6	0
3	0
1	0
2	0
404	0
0	1234
0	1234
0	1311
0	915
0	1311
0	501
0	915
0	501
454	1
0	1
7	0
42	12
0	9
1	11
0	4
6	10
0	11
0	6
0	5
0	5
0	1
0	23
3	5
0	23
0	3
0	5
12	9
0	41
0	6
4	41
0	1
13	22
9	43
7	5
0	0
0	0
0	404
8	438
21	107
0	0
0	411
50	115
19	197
1	236
744	6777
21	2293
1	11029
806	4659
21	4215
22	5374
6	0
34	0
1	0
6	1
8	2
34	11
3	857
145	857
3	260
0	203
0	2
0	3
0	238
0	202
0	237
2	0
42	30
0	30
0	5
4	5
0	5
3	2
0	0
11	3
46	4
0	4
0	66
10	17
0	47
0	17
0	10
0	23
0	86
0	49
0	40
0	105
1	3
0	16
0	59
10	33
3	4
3	168
229	220
2	220
3	168
9	68
0	68
53	0
5	0
4	0
6	2
1	8
0	16
2	21
4	8
7	8
10	0
19	0
21	0
4	0
7	0
2	0
0	0
29	0
12	0
1	0
4	0
61	14
8	6
0	19
48	1
0	1
20	172
4	81
2	91
2	0
3	0
0	0
2	2
62	0
44	0
42	0
0	122
3	100
0	119
537	111
8	112
1	2
13	0
0	1
0	71
0	12
0	68
1	23
0	9
0	6
1	14
0	20
4	62
23	62
0	11
0	887
10	372
0	207
2	491
0	489
3	716
0	605
71	254
1	826
0	0
4	0
18	0
0	17
0	17
6	0
0	4
0	120
4	121
2	4
4	119
1	2
0	210
2	310
0	301
0	219
56	419
6	419
2	128
1	596
220	614
2	18
3	0
941	0
19	0
5	136
0	179
2	164
54	8
0	8
75	0
69	491
99	54
45	437
12	1
0	406
0	376
0	409
0	404
0	378
0	415
0	415
0	409
0	404
0	367
0	378
0	380
0	369
0	413
0	142
0	406
0	369
0	150
0	150
0	413
0	115
0	400
0	400
0	142
0	113
0	371
5	74
2	0
33	74
55	549
8	276
0	0
27	549
16	286
1	0
29	0
3	0
1	0
0	0
2	0
0	0
4	0
0	0
155	0
6	1
24	0
8	5
28	1
16	63
1	63
18	3
44	4
0	4
475	0
0	3
28	1007
0	4
9	1007
3	257
25	827
27	448
41	448
3	0
29	0
39	0
1	0
6	0
0	5
0	23
0	4
1	33
16	29
0	10
3	12
99	0
185	0
0	67
0	2
43	251
23	96
6	159
0	2
11	0
226	0
6	20
1	552
17	417
0	586
0	545
6	0
1122	0
0	23
0	7
1	17
1	22
0	23
0	10
1	34
0	123
8	144
0	164
5	2
0	129
0	127
3	111
0	166
0	89
0	182
0	192
0	183
0	193
0	79
2	2
0	87
10	87
0	69
0	69
0	83
0	167
12	250
4	0
26	51
18	51
565	0
77	29
5	29
12	2
8	1047
100	1047
13	0
3	0
3	24
1	24
0	275
0	140
0	1319
0	422
0	1313
0	428
0	281
0	146
0	0
3	0
2	0
1	111
54	111
6	49
78	49
15	715
5	53
98	775
0	7
0	107
15	0
10	0
1	0
3	0
0	0
249	18
17	18
0	4
155	687
2	687
203	0
28	500
452	504
1	0
4	0
6	0
0	0
651	0
38	0
4	0
0	118
0	320
0	318
0	120
57	0
22	0
2	0
385	708
6	490
6	708
1	0
12	0
0	7
59	7
2	0
0	3
1	3
9	4
3	4
23	15
5	15
0	0
1	19
3	0
7	4
1	0
4	0
0	1
1	2
1	2
2	22
5	24
0	31
0	25
0	28
0	29
0	35
0	32
0	51
0	51
150	112
3	61
0	415
0	408
0	94
0	395
0	402
6	0
8	0
0	3
71	0
0	3
47	1
0	7
2	34
1	34
0	25
10	24
2	24
0	182
0	187
0	176
0	186
0	181
0	181
0	175
0	180
35	2
2	1
1	0
18	1
18	283
1092	435
13	435
3	266
25	283
0	485
3	265
115	0
0	0
53	0
17	0
2	0
5	0
7	0
1	0
2	0
0	119
0	395
0	34
0	49
0	410
1	0
14	446
0	536
0	2
3	474
3	9
6	420
2	92
1	443
8	0
3	0
17	160
3	160
0	12
6	9
5	8
2	5
224	0
667	7
4	7
0	104
0	365
0	342
0	513
0	490
0	119
0	910
0	906
0	224
0	228
8	0
7	0
11	0
3	0
3	0
93	0
0	0
3	0
19	110
4	110
0	205
0	163
0	199
0	157
2	92
29	92
4	1
0	253
0	271
0	284
0	78
0	208
0	97
0	248
0	93
0	266
0	111
0	48
0	142
0	160
0	203
0	239
0	302
1	107
2	0
1	0
3	22
2	22
112	7
1	7
12	0
0	9
6	9
0	133
0	460
0	186
0	407
4	0
0	7
0	7
1	0
22	0
23	18
29	18
8	0
0	58
0	45
27	9
3	22
0	41
197	3
352	23
1	23
178	0
0	0
22	0
10	0
1	1
8	0
3	0
2	0
5	0
1	0
4	0
0	0
0	2750
16	1574
13	1971
206	2676
33	0
41	0
18	0
7	0
14	0
5	0
19	0
0	0
219	0
42	0
126	0
151	0
382	0
75	26
0	26
30	26
0	80
0	61
4	53
1	50
270	669
3	187
9	382
36	482
2	11
0	17
8	304
5	304
18	851
17	447
9	77
26	851
19	0
3	0
13	0
2	0
3	0
1	0
148	0
0	109
0	484
0	448
0	829
0	419
0	472
0	800
0	863
15	242
295	242
16	0
8	0
8	0
4	0
6	0
0	0
7	22
71	22
9	4
1	18
2	18
1	12
3	62
3	52
67	135
0	3
9	557
0	43
166	651
13	0
1	57
1	71
4	3
38	0
963	0
4	0
15	28
1	142
4	129
0	2
0	5
4	87
80	120
3	120
1	33
1	33
61	0
0	0
2	0
12	0
0	0
3	0
40	0
2	13
0	660
0	639
0	367
0	489
0	538
0	468
2	602
47	356
19	699
45	714
2	22
2	22
2	5
54	5
53	38
0	38
0	27
9	28
4	0
4	1
6	1074
0	1025
227	1074
4	980
0	0
12	1
4	0
5	0
0	0
61	2
0	338
0	617
0	600
0	614
0	603
2	0
1	0
1	8
116	942
0	15
8	942
0	114
33	208
16	94
4	0
0	4
1	4
0	12
7	12
377	0
251	87
43	87
0	664
0	799
0	779
0	684
2	0
0	1
1	5
0	2
0	4
0	2
0	0
8	616
0	781
5	520
7	162
0	8
0	1534
1	1521
0	1534
0	1
0	1
73	1389
42	1389
12	628
26	31
2	41
20	452
0	565
1	243
0	1
3	0
9	0
6	0
5	0
3	0
3	0
1	0
1	0
5	201
2	94
3	431
2	8
3	413
6	175
33	624
3	84
2	0
2	0
0	2
4	2
15	484
5	484
74	0
105	0
14	60
113	60
7	76
4	76
135	1
0	1
0	272
0	300
0	320
0	252
0	22
13	22
0	2
0	0
20	13
0	13
0	85
28	36
0	0
1395	121
0	0
6	7
7	1
2	2
1	0
4	0
0	1161
0	1164
4	453
0	487
0	953
0	950
0	490
23	620
51	0
10	0
10	15
10	5
26	25
15	122
18	117
45	76
20	87
10	5
20	90
16	0
4	1
2	0
4	0
18	0
3	0
23	1
34	418
2	418
75	501
0	501
4	24
1	24
7	0
1	1
0	330
0	1404
0	325
97	737
0	1410
36	987
0	1405
0	492
0	324
4	537
1	374
11	448
16	86
129	485
468	0
33	0
0	34
52	166
0	247
0	78
0	201
0	80
0	245
1	0
8	0
3	0
6	0
4	0
3	0
4	0
8	0
10	2
89	2
3	100
8	218
48	396
8	178
1	0
31	2
176	0
0	1033
19	972
5	317
13	53
0	79
0	79
0	410
0	410
0	531
0	531
0	531
1	531
12	234
39	475
1	162
17	241
3	1
2	0
0	0
8	0
10	0
3	0
5	0
79	0
0	2
4	2
55	0
2	3
0	1
3	2
2	5
0	4
5	3
56	0
5	22
0	22
19	133
6	3
9	132
0	478
0	460
0	113
0	507
0	315
0	652
0	670
9	0
3	0
4	0
4	0
2	0
1	0
1	320
1	248
126	730
16	730
0	57
2	8
10	151
0	151
297	0
0	66
68	66
786	0
3	0
7	56
11	56
2	118
4	281
201	399
2	10
2	332
23	342
342	0
54	0
6	0
1	0
2	0
2	0
5	0
3	0
1	0
10	0
3	0
5	0
3	1
7	1
2	0
4	0
2	0
2	0
0	0
0	0
174	0
3	0
3	9
0	9
2	0
4	0
0	0
0	0
7	0
4	0
1	0
4	4
3	0
6	0
1	0
1	0
2	0
8	0
0	6
0	6
7	0
7	0
2	3
4	0
10	0
1	0
5	0
4	0
2	0
2	0
11	0
2	0
2	0
5	0
3	0
0	0
1	0
6	0
10	0
3	0
7	0
1	5
0	5
1	0
2	0
14	0
2	6
5	0
7	0
5	0
6	0
0	0
2	0
15	0
4	0
5	0
7	0
6	0
3	0
1	0
1	0
2	0
34	0
3	0
3	0
6	0
7	0
5	0
4	0
14	0
3	0
1	0
2	0
0	0
2	0
3	0
0	5
4	5
5	0
4	0
3	0
0	0
2	0
1	0
25	0
3	0
3	0
0	0
1	0
9	0
1	0
1	0
0	0
2	0
8	0
4	0
4	0
8	0
0	0
7	0
1	0
1	5
2	5
12	0
4	0
2	0
1	0
2	0
2	0
15	0
3	0
1	0
1	0
2	0
0	0
0	0
2	0
4	0
6	0
6	0
1	0
1	0
2	0
2	0
1	0
0	0
3	0
2	0
1	0
4	0
13	0
3	0
1	0
3	0
9	0
1	0
0	0
2	0
7	0
3	0
2	0
3	0
3	0
3	0
3	0
4	0
1	0
2	0
2	0
1	0
3	0
8	0
3	0
1	0
3	0
1	0
1	0
26	0
2	0
3	0
5	0
2	0
3	0
3	0
2	0
7	0
4	0
1	0
4	0
2	0
6	0
7	0
1	0
4	0
5	0
1	0
2	0
4	0
2	0
2	0
3	0
5	0
3	0
6	0
0	0
3	0
1	0
2	0
3	0
0	0
1	0
4	0
20	0
5	0
2	0
19	0
4	0
0	0
4	0
30	0
0	0
0	0
0	0
2	0
2	0
12	0
2	0
1	0
2	0
3	1
2	0
3	0
3	0
2	0
4	0
1	0
3	0
1	0
5	0
5	0
2	0
2	0
4	0
0	0
1	0
3	0
3	0
3	0
2	0
5	0
4	0
4	0
2	0
3	0
4	0
0	0
2	0
1	0
4	0
2	0
5	0
3	0
4	0
2	0
3	0
2	0
1	0
6	0
2	0
2	0
1	0
3	0
1	0
3	0
1	0
2	0
3	0
2	0
6	0
1	0
0	0
3	0
0	0
3	0
0	0
1	0
3	0
0	0
0	0
2	0
0	0
6	0
1	0
1	0
1	0
1	0
3	0
1	0
1	0
2	0
3	0
1	0
1	0
1	0
2	0
2	0
0	0
1	0
2	0
1	0
2	0
2	0
2	0
5	0
1	0
0	0
1	2
1	2
2	0
2	0
3	0
7	0
1	0
9	0
5	0
2	0
12	0
3	0
37	0
1	0
2	0
4	0
0	0
15	0
9	0
5	0
12	0
2	0
3	0
2	0
1	0
2	0
0	0
0	0
4	0
5	0
3	0
3	0
3	0
3	0
2	0
1	0
2	0
2	0
4	0
2	0
0	0
3	1
4	0
0	0
5	0
6	0
2	0
7	0
3	0
1	0
3	0
4	0
3	0
2	0
1	0
0	0
25	0
5	0
1	1
0	1
8	0
1	0
5	0
1	0
3	0
4	0
2	0
4	0
4	0
0	0
2	0
4	0
2	0
12	0
3	0
10	0
1	0
1	0
3	0
5	0
3	0
2	0
9	0
4	0
2	0
6	0
4	0
3	0
2	0
6	0
10	0
4	0
3	0
3	0
17	0
3	0
3	0
1	0
2	0
0	0
6	0
1	0
4	0
2	0
4	0
3	0
0	0
2	0
1	0
1	0
4	0
0	0
0	0
5	0
5	0
0	0
1	0
0	1
4	1
5	0
2	0
0	1
0	1
14	0
2	0
2	0
0	0
2	0
1	0
16	0
21	0
5	0
0	0
2	0
3	0
1	0
0	0
1	0
4	0
5	0
0	0
1	1
0	1
1	0
0	12
8	12
3	0
2	0
8	0
3	0
6	0
2	1
1	0
3	0
0	0
3	1
3	4
1	4
2	0
3	0
2	0
1	0
6	0
0	0
0	0
4	0
0	0
1	0
5	0
2	4
3	0
10	0
0	0
4	0
3	0
0	5
1	5
0	0
2	0
8	0
2	0
10	0
15	0
0	0
3	0
0	4
2	4
2	0
3	0
21	0
7	0
3	0
4	3
0	2
53	4
5	0
1	0
29	0
1	0
3	0
56	0
12	0
5	0
0	148
58	148
2	0
1	0
13	0
4	0
0	0
3	0
9	0
17	0
2	0
0	0
3	0
2	0
7	0
0	0
3	0
0	0
9	0
1	0
3	0
17	0
4	0
2	0
3	0
5	0
6	0
6	0
2	0
1	0
25	0
2	2
2	2
5	0
7	0
2	0
2	121
173	121
11	0
9	0
2	0
3	0
0	8
27	8
4	0
4	0
0	5
0	5
0	5
5	0
3	0
0	0
1	0
1	0
3	0
2	0
4	0
7	1
6	0
5	0
3	1
1	1
0	1
2	1
4	0
6	0
12	0
10	0
0	0
3	0
1	0
8	0
5	0
0	1
1	1
3	0
1	1
0	1
0	0
0	0
4	16
0	16
12	0
2	0
3	0
3	0
9	0
1	3
1	3
2	0
1	0
1	0
2	0
3	1
1	1
7	0
0	0
2	0
4	0
4	0
1	0
7	0
0	0
0	15
3	15
5	0
1	0
7	0
1	0
11	0
1	1
0	1
12	1
5	0
23	0
1	0
3	0
3	0
5	0
7	0
2	0
2	0
2	0
10	0
0	0
21	0
4	0
0	0
3	0
4	0
2	0
0	0
3	0
4	0
4	3
4	0
0	0
6	0
5	3
3	0
5	0
5	0
7	0
0	2
3	2
3	0
2	0
2	0
0	0
5	0
1	0
14	0
0	0
1	0
5	0
2	0
50	0
0	34
4	34
5	0
0	19
7	19
17	0
15	0
11	0
4	0
3	0
7	0
20	0
58	0
12	0
7	0
1	0
17	0
2	0
171	46
0	46
30	0
18	0
0	4
179	4
1	0
4	0
2	0
6	0
2	0
3	0
3	0
2	0
1	1
0	1
49	0
5	0
74	3
0	3
58	0
0	0
8	0
2	2
1	2
16	0
23	0
4	0
6	0
0	0
2	2
2	2
7	0
0	0
3	0
1	0
0	8
6	10
2	0
2	0
0	0
1	0
3	0
1	32
6	42
4	42
3	0
1	0
3	0
2	0
2	1
3	0
12	0
12	0
1	0
3	0
16	0
9	0
327	0
2	0
1	0
7	0
10	0
0	66
146	66
5	0
5	0
3	0
43	0
5	8
0	1
193	9
13	0
8	1
0	0
3	0
1	0
20	0
9	0
3	0
153	0
1	0
12	0
4	0
1	0
4	0
0	49
0	49
24	3
0	3
6	1
0	1
118	0
8	0
7	0
0	0
0	0
2	0
0	72
49	72
5	0
1	0
9	0
5	0
1	0
0	0
0	8
10	8
2	0
5	5
0	5
2	0
6	0
0	0
86	0
1	62
12	62
0	0
4	0
1	0
1	1
1	1
0	0
0	0
0	0
1	0
0	0
4	0
142	0
3	0
5	7
1	0
0	0
3	0
1	0
15	0
3	0
1	0
2	0
14	0
3	8
5	0
0	0
2	0
0	0
1	1
0	1
4	0
0	0
4	0
2	2
6	2
1	0
1	0
4	0
2	0
1	0
6	0
5	0
8	0
2	0
1	0
2	3
5	0
0	0
3	0
1	0
4	0
3	0
2	0
5	0
2	0
2	0
33	0
2	0
12	0
1	0
2	0
1	0
15	0
3	0
3	0
2	0
3	0
0	0
0	0
1	0
5	0
2	3
8	0
9	0
3	0
134	0
1	0
2	0
25	0
15	0
11	0
48	0
7	0
3	0
2	0
9	0
2	0
6	0
7	0
1	1
0	1
11	0
2	0
5	0
18	0
7	0
5	0
4	0
2	0
2	0
10	0
4	0
2	0
2	0
6	0
10	0
4	0
3	0
10	0
89	0
3	0
1	0
2	0
5	0
0	0
8	0
4	0
8	0
0	0
4	0
6	0
1	0
1	0
1	5
4	0
55	0
4	0
11	0
3	0
3	0
4	0
5	0
10	0
5	0
5	0
30	0
2	0
1	0
1	0
8	0
1	0
4	11
0	11
9	5
1	0
7	0
2	0
5	0
1	0
2	0
2	0
15	0
11	0
7	0
4	0
1	5
0	5
8	0
1	0
1	0
3	0
4	3
0	0
14	0
5	0
2	0
7	0
2	0
4	0
4	0
6	0
2	0
4	0
16	0
4	0
4	0
4	0
4	10
1	0
0	2
0	2
0	7
3	7
1	0
2	0
1	0
8	0
168	0
0	0
5	0
1	1
5	1
3	0
1	0
1	0
9	0
2	18
2	18
16	0
2	0
3	0
4	0
15	0
1	0
0	0
0	1
2	1
6	0
0	1
0	1
0	0
4	0
66	0
1	0
4	0
2	0
3	0
2	1
1	1
5	1
0	1
6	0
1	0
3	0
0	0
2	0
4	0
1	0
1	0
0	0
1	0
3	0
1	0
12	0
1	0
3	0
2	0
3	0
61	2
0	2
5	0
4	0
2	4
0	4
4	0
3	0
8	4
29	4
2	0
7	0
1	0
2	0
1	1
1	1
12	0
22	0
2	1
1	1
1	0
1	0
2	0
0	0
4	0
1	0
9	0
6	0
2	0
2	0
10	0
3	0
7	0
4	0
8	0
6	0
2	0
4	0
4	1
1	0
0	0
81	0
3	0
9	0
7	0
3	0
1	0
0	3
4	3
3	5
0	5
1	0
20	0
7	0
2	3
131	0
3	1
6	1
1	0
5	0
0	0
2	0
0	0
21	10
10	10
1	0
1	0
3	0
1	8
0	8
1	0
0	0
3	0
3	0
0	0
1	0
18	3
11	3
4	0
3	0
4	0
0	1
30	1
8	0
3	0
1	0
8	0
7	0
1	0
5	0
12	0
3	0
0	0
1	0
17	0
2	0
3	0
14	0
5	0
1	0
1	0
3	0
8	0
145	0
3	0
1	0
0	0
0	0
0	0
14	0
0	0
0	0
8	0
4	0
24	13
0	13
6	0
3	0
2	0
12	0
13	0
2	0
3	0
2	0
0	0
3	0
2	0
0	0
2	0
28	0
3	1
0	1
3	2
1	0
16	0
4	0
5	0
2	0
0	0
3	0
4	0
2	0
5	0
2	0
4	0
20	0
3	330
37	330
10	0
4	0
18	0
13	0
23	0
3	0
6	0
2	0
2	0
3	2
0	1
0	1
3	0
4	0
3	0
2	0
3	0
165	0
27	0
9	0
67	0
9	0
29	0
4	0
3	0
1	0
3	0
19	0
1	1
0	0
5	0
0	0
1	0
1	0
6	0
23	0
7	0
1	0
10	0
4	0
11	0
4	0
1	0
2	0
1	0
8	0
3	0
6	0
3	0
3	0
3	0
2	0
3	0
4	0
5	0
0	0
7	0
0	0
2	0
1	0
0	0
2	0
2	0
2	0
4	0
5	0
1	0
3	0
6	0
2	0
5	0
5	0
2	0
0	0
1	0
2	0
2	0
6	0
3	0
11	0
1	0
1	0
11	0
3	0
1	0
3	0
0	0
3	0
0	0
3	0
3	0
2	0
2	0
3	0
0	0
8	0
2	0
1	0
2	0
3	0
1	0
2	0
1	1
1	0
5	0
0	0
0	0
4	0
0	0
2	0
1	0
4	1
4	0
0	0
2	0
5	0
2	0
13	0
7	0
1	0
2	0
1	0
8	0
0	0
0	4
4	0
0	0
0	0
4	0
0	1
2	1
3	0
4	0
0	0
0	0
0	0
0	0
3	0
3	0
1	0
2	0
1	0
0	0
3	0
2	0
5	0
0	0
1	0
1	0
2	0
2	0
2	0
2	0
3	0
3	1
1	0
6	0
5	0
10	0
2	1
3	0
2	0
4	0
3	0
3	0
2	0
5	0
2	0
1	0
6	0
0	0
2	0
3	0
3	0
3	0
4	1
0	0
1	0
3	0
2	0
3	0
1	0
5	0
3	0
7	0
4	0
1	0
2	0
2	0
1	0
3	0
3	0
1	0
5	0
3	2
0	0
1	0
5	0
5	0
1	0
3	0
3	0
7	0
5	0
6	0
0	0
3	0
4	0
2	0
3	0
3	0
10	0
5	0
5	0
8	0
18	0
1	0
2	0
3	0
1	0
1	0
3	0
1	0
2	0
4	0
4	0
9	0
6	0
6	0
4	1
6	0
1	0
6	0
2	0
3	1
5	0
3	0
3	0
1	0
6	0
2	0
3	0
13	0
8	0
6	0
8	0
5	0
7	0
0	0
0	0
3	0
1	0
2	0
11	0
1	0
1	0
4	0
0	0
2	0
2	0
4	0
6	7
5	0
3	0
11	0
4	0
10	1
3	0
2	0
6	0
4	0
7	0
2	0
4	0
1	0
3	0
3	0
3	0
8	0
1	0
3	0
3	0
3	0
4	0
5	0
7	115
10	115
13	0
1	1
8	0
1	0
3	0
1	0
4	0
2	0
2	1
2	1
3	0
1	0
3	0
0	5
0	5
29	0
0	0
3	0
5	0
8	0
17	1
2	0
0	2
0	2
3	0
1	0
11	0
10	0
3	0
14	0
3	0
1	0
2	0
11	0
2	0
8	0
6	0
3	0
3	0
2	0
5	0
10	0
2	0
0	0
6	2
0	0
3	0
5	0
2	0
1	0
2	0
4	0
4	0
3	0
4	0
5	0
4	0
2	0
3	0
0	0
3	0
7	0
3	0
3	0
2	0
2	0
4	0
5	4
2	0
104	1
6	0
1	0
3	0
3	0
16	0
1	0
2	0
3	0
10	0
4	0
4	0
4	0
1	0
2	0
23	0
4	0
8	0
3	0
8	0
2	0
6	0
2	0
6	0
1	0
5	0
5	0
10	0
4	0
76	0
1	0
10	0
7	0
6	1
1	0
167	0
9	0
7	0
1	0
3	0
11	0
4	0
1	0
0	0
0	0
5	0
5	0
0	0
2	0
3	0
5	0
3	0
2	0
5	0
8	0
3	0
7	0
1	0
4	0
2	0
3	0
1	0
0	0
7	0
0	0
3	0
1	0
1	0
7	0
1	0
3	0
2	0
3	0
3	0
1	0
7	0
4	0
0	0
1	0
2	0
4	0
5	0
54	0
2	0
5	0
3	0
4	0
4	0
3	0
5	0
4	2
6	0
6	0
3	0
7	3
5	0
0	0
2	0
10	0
1	0
14	0
4	0
5	0
14	0
3	0
1	0
5	0
2	0
7	0
3	0
3	0
1	2
0	2
2	0
8	0
1	0
4	0
1	0
7	0
3	0
3	0
2	0
1	0
0	3
2	3
8	0
2	0
4	0
3	0
4	0
1	0
4	0
3	0
8	0
19	0
7	0
2	0
6	0
4	0
3	0
4	0
3	0
3	0
0	0
5	0
1	0
4	0
2	0
0	0
0	0
1	0
8	0
2	0
8	0
7	0
5	0
2	1
3	0
3	0
9	60
3	0
4	0
0	0
1	0
3	0
1	0
1	0
3	0
2	0
0	0
30	81
5	81
5	0
0	0
3	0
3	0
3	0
1	0
4	0
3	0
2	0
6	0
1	0
5	0
2	0
5	0
1	0
4	0
0	0
1	0
10	0
0	0
4	0
3	5
1	0
4	0
3	0
4	0
4	0
0	0
1	0
4	0
16	0
2	0
2	0
12	0
4	0
2	0
2	0
3	0
0	0
0	0
19	0
2	0
3	0
1	0
16	0
182	0
3	0
0	0
3	0
0	0
1	0
26	6
4	0
7	0
0	0
0	0
15	0
9	0
6	0
3	0
0	0
0	0
1	0
3	0
0	0
1	0
2	0
2	0
2	0
1	0
0	0
6	0
4	0
1	0
3	0
3	0
1	0
11	0
4	0
2	0
2	0
2	0
0	0
3	0
1	0
2	0
7	0
3	0
5	0
1	0
2	0
0	1
1	0
4	0
2	0
9	0
1	0
3	0
0	1
5	1
2	0
3	0
0	8
0	8
0	0
5	0
2	0
1	0
0	0
1	0
1	0
6	0
1	0
5	0
2	0
2	0
11	0
6	0
1	0
3	0
11	0
5	0
8	0
12	0
6	0
3	0
3	0
11	0
0	10
2	1
5	1
3	0
2	0
3	0
1	0
2	0
2	0
5	0
0	0
0	2
0	2
1	0
1	0
4	0
1	0
265	0
5	0
3	0
7	0
0	0
3	0
1	0
4	0
2	0
3	0
6	0
3	0
1	0
2	0
2	0
15	1
10	0
5	0
11	0
1	0
1	0
0	0
5	0
0	0
2	0
0	0
0	0
0	0
4	0
2	0
2	0
2	0
1	8
2	8
3	0
1	0
11	0
8	0
2	0
5	0
12	0
3	0
3	0
8	0
4	0
2	0
1	0
5	0
3	0
2	0
16	0
4	0
1	0
5	0
4	0
3	0
0	3
0	3
0	3
0	3
0	3
0	3
2	0
2	0
1	0
4	0
0	0
2	0
2	0
5	0
1	0
5	0
2	4
2	4
4	0
5	0
3	0
10	0
2	0
3	0
1	0
0	0
1	0
0	0
4	0
4	0
2	0
3	0
4	0
2	0
2	0
3	0
2	0
3	0
3	0
1	0
2	0
1	0
4	0
3	0
9	0
7	0
7	0
1	0
3	0
2	0
5	0
2	0
0	0
2	0
3	0
5	0
0	0
2	0
2	0
0	0
5	0
2	0
6	0
3	0
13	0
3	0
1	0
12	0
0	0
0	0
2	0
5	0
2	0
0	0
3	0
2	0
3	0
3	0
1	0
5	0
2	0
0	0
5	0
5	0
4	0
5	0
2	0
3	0
3	0
1	0
1	0
7	0
1	0
6	0
4	0
3	0
3	0
10	0
1	0
2	0
5	0
4	0
1	0
0	0
1	0
3	2
1	0
2	0
1	0
5	0
2	0
8	0
1	1
1	1
3	0
3	0
2	0
1	0
3	0
1	0
4	0
7	0
3	0
4	1
5	0
7	0
2	0
3	0
0	1
1	6
7	7
5	0
0	0
6	0
87	0
3	0
1	0
2	0
3	0
2	0
3	0
2	0
1	0
3	0
15	0
8	0
5	0
4	0
1	0
8	0
3	0
2	7
11	0
7	0
1	0
0	0
1	0
10	0
2	0
2	0
9	0
1	0
0	0
4	0
2	0
4	0
1	0
1	0
8	0
3	0
2	2
2	2
0	0
1	0
4	0
9	0
2	0
3	0
9	0
2	0
1	0
0	0
1	0
7	0
1	0
5	0
2	7
0	7
2	0
15	0
0	0
2	0
24	0
5	0
0	0
2	0
3	0
5	0
7	0
7	0
4	0
10	0
1	0
2	0
0	0
1	0
1	0
1	0
3	0
2	0
5	0
6	0
2	0
1	0
1	0
2	0
4	0
1	0
0	0
5	0
2	0
4	0
1	0
15	0
2	0
5	0
1	0
10	0
2	0
1	0
11	0
3	0
2	0
5	0
0	1
2	1
4	0
4	0
5	0
5	0
1	0
1	0
3	0
3	0
4	0
1	0
3	0
3	0
3	0
2	0
2	0
4	0
4	0
5	0
3	0
3	0
1	0
0	0
3	0
0	0
1	0
3	0
9	0
2	0
2	0
6	0
8	0
4	0
10	0
3	0
0	0
1	0
5	0
1	0
3	0
2	0
4	1
2	0
3	0
2	0
11	0
0	0
3	0
5	0
6	0
1	0
5	0
4	0
3	0
3	0
0	0
4	2
5	0
5	0
2	0
5	0
1	0
5	0
5	0
0	0
7	0
3	0
5	0
0	0
35	0
3	0
2	0
2	0
2	0
2	0
7	0
2	0
1	0
2	0
1	0
2	0
6	0
1	0
1	0
0	0
0	0
7	0
108	0
2	0
3	0
0	0
4	0
2	0
1	0
1	0
5	0
1	0
1	1
2	0
6	0
3	0
4	0
2	0
5	0
2	2
4	0
1	0
5	0
4	0
2	0
2	0
0	0
6	0
2	0
1	0
20	0
4	0
3	0
0	0
15	1
9	0
9	0
4	0
0	0
2	0
4	0
2	3
6	3
5	0
4	0
8	0
1	0
8	0
22	0
4	0
10	0
7	0
25	0
1	0
10	4
4	0
8	0
1	8
1	8
0	8
0	8
0	8
0	8
5	0
5	0
3	0
5	0
2	0
0	0
3	0
1	0
2	0
4	0
1	0
2	0
2	0
2	0
2	0
10	0
5	0
4	0
2	0
2	0
3	0
0	0
5	0
1	0
0	0
2	0
1	0
0	0
3	0
5	0
3	0
12	6
2	0
1	1
15	2
1	0
7	0
2	0
2	0
2	0
2	0
5	0
4	0
2	2
5	0
0	1
1	1
1	81
0	81
24	17
10	17
10	0
16	0
0	136
0	62
1	165
12	69
9	47
2	74
1	0
8	0
1	83
75	153
11	103
0	225
0	153
0	0
0	0
3	3
1321	4
548	0
3	0
26	0
0	29
0	29
132	6
0	6
3	16
5	5
0	19
0	7
2	14
42	14
0	2
2	2
0	29
0	47
0	28
0	46
5	0
12	0
7	0
7	0
5	0
5	0
14	16
2	16
17	0
315	0
1	0
15	0
0	2
25	2
2	0
64	0
6	0
5	0
102	0
14	0
44	0
0	0
9	2
1	232
4	219
2	224
4	237
0	2
135	0
2	13
33	13
6	27
0	27
28	0
11	21
0	21
46	0
10	0
16	5
5	2
4	5
18	82
173	82
2	6
63	224
0	74
6	97
3	218
0	15
193	89
6	89
6	0
2	0
103	0
7	44
1	44
0	0
5	961
1	13
30	971
3	23
3	0
6	23
6	26
0	26
7	26
9	0
5	0
362	0
0	2
14	2
5	3
28	0
5	1
5	10
32	13
4	2
51	0
447	0
0	0
0	151
0	0
24	155
26	0
0	97
0	98
0	71
0	70
36	0
1	203
9	203
9	110
6	0
458	0
116	665
75	665
16	37
0	20
0	17
0	0
0	8
0	8
0	0
11	382
420	382
1	0
1	2
3	10
5	10
45	2
0	2
6	0
4	0
372	0
60	119
167	119
1	1
8	2
0	21
295	23
2	2
383	0
221	0
699	23
1	23
14	0
5	0
5	0
0	5
0	58
0	60
0	60
0	62
27	0
3	0
0	16
355	16
47	0
0	9
143	9
1	68
48	0
3	68
38	0
0	0
2	0
0	663
0	646
0	0
0	727
10	655
0	711
17	557
0	589
1	76
1	109
25	114
14	141
1	141
2	0
4	5
5	42
8	42
0	33
0	31
0	31
0	29
6	5
3	0
386	0
23	0
197	0
4	0
0	4
0	4
33	0
1	93
21	93
623	0
183	3
0	2
0	23
1	13
31	9
0	24
2	24
0	23
1	4
0	13
0	0
10	0
13	0
3	83
1	83
1	0
2	20
4	23
1	23
27	41
0	45
1	6
0	5
0	0
7	14
32	14
51	1
0	3
71	91
262	91
3	0
230	0
2	26
2	26
83	12
0	11
3	0
28	0
9	0
5	127
0	0
0	69
16	191
101	74
520	0
0	4
3	4
55	0
123	0
2	2
1	2
0	2
2	2
0	1
2	1
3	1
0	6
2	7
20	223
43	221
0	58
8	103
18	103
3	0
1	1
1	1
11	0
6	85
0	2
7	83
0	3
4	3
26	4
2	4
2	167
181	167
0	111
1	6
28	284
3	172
1	28
1	140
411	0
9	0
1	2
0	0
7	37
128	36
2	1
2	4
2	1
2	3
0	0
3	0
0	73
75	73
14	0
107	0
3	189
265	189
0	23
5	23
99	0
4	16
375	16
0	257
0	260
0	251
0	254
60	8
2	8
2	0
501	0
1	0
65	0
63	0
11	0
12	0
1	0
3	0
0	2
0	2
6	0
1	0
0	0
1	0
1	0
5	0
5	3
9	0
5	0
2	0
5	0
3	0
4	0
8	0
5	0
2	0
1	0
3	0
4	0
0	0
9	0
7	0
1	0
6	0
3	0
6	0
0	0
4	0
3	0
19	0
4	0
2	0
2	0
3	0
2	0
2	0
2	0
1	0
1	0
1	0
2	0
1	0
3	0
8	0
4	0
2	1
5	0
0	0
3	1
8	0
3	0
0	0
2	0
7	0
0	0
3	0
2	0
6	0
1	0
5	0
3	0
7	0
3	0
1	0
4	0
4	0
9	0
2	0
1	0
3	0
3	0
3	0
0	0
2	0
4	0
2	0
4	0
4	0
3	0
0	0
3	0
0	0
2	0
4	0
3	0
2	0
4	0
2	0
5	0
2	0
7	0
3	0
1	0
1	0
3	0
1	0
2	0
3	0
5	0
16	0
3	0
9	0
4	0
16	0
3	0
1	0
3	0
9	0
1	0
5	0
3	0
10	0
4	0
4	0
4	0
4	0
1	0
7	1
2	0
5	0
3	0
6	0
2	0
2	0
20	0
5	0
1	0
4	0
17	0
2	0
2	0
0	3
0	3
2	0
3	0
4	0
3	0
96	0
4	0
5	0
0	0
5	0
1	0
3	0
2	0
19	0
12	0
2	0
3	0
1	0
5	0
2	0
7	0
12	0
0	0
50	1
0	10
11	10
3	0
2	0
2	0
2	0
4	0
2	0
7	0
8	0
2	0
1	0
3	0
5	0
1	2
5	0
0	0
4	0
1	0
3	0
3	0
3	0
3	0
5	0
3	0
4	0
2	0
5	0
4	0
5	0
1	0
2	0
4	0
2	0
3	0
5	0
86	2
2	0
4	0
4	0
0	0
0	0
5	0
8	0
4	0
10	0
1	0
7	0
2	0
14	0
3	0
2	0
5	0
15	0
3	0
2	0
1	0
3	0
1	0
6	0
1	0
0	0
5	0
2	0
2	0
5	0
2	0
1	0
4	0
3	0
2	0
1	2
0	2
17	0
1	0
7	0
1	0
6	10
1	10
3	0
6	0
0	37
7	37
2	0
1	0
1	0
1	0
19	0
2	0
2	0
4	0
2	0
7	0
0	0
7	0
2	0
1	0
3	0
1	0
2	0
2	0
6	0
3	0
4	0
4	0
4	0
1	0
5	0
7	0
1	0
6	0
8	0
2	0
5	0
2	0
2	0
3	0
8	0
2	0
6	0
1	0
4	0
5	0
2	0
3	0
11	0
5	0
8	0
4	0
2	0
0	0
5	0
4	0
3	0
2	0
1	0
4	0
3	0
3	2
2	4
0	4
3	0
10	0
5	0
13	0
2	0
1	0
2	0
8	0
3	0
4	0
1	0
2	0
2	0
1	0
6	0
0	0
3	0
0	0
5	4
6	0
1	0
3	0
2	0
5	0
1	2
1	2
4	0
7	0
0	0
1	0
3	0
12	0
5	0
0	0
0	0
7	0
3	0
12	0
0	0
2	0
4	0
6	0
15	1
3	0
2	0
118	19
3	19
1	1
8	1
2	11
0	11
3	0
3	0
9	0
8	0
0	2
1	4
4	0
8	0
2	0
1	0
4	0
7	0
5	0
5	0
1	0
0	0
0	70
0	70
0	70
0	70
0	70
9	0
11	3
9	0
12	0
9	0
4	0
2	0
1	0
6	0
1	0
2	0
6	0
8	6
2	6
34	0
2	0
2	0
2	0
11	1
6	0
4	0
0	2
0	2
0	0
2	0
0	5
0	5
9	1
41	4
0	4
2	0
8	0
0	0
0	2
2	2
0	9
4	9
0	0
0	0
5	0
2	8
3	8
6	0
3	0
5	0
5	0
0	0
1	0
0	0
8	0
2	0
1	0
5	0
2	0
3	0
4	0
1	0
2	0
1	0
3	0
3	0
7	0
2	0
6	0
3	0
1	0
3	0
5	0
1	0
2	0
6	0
1	0
1	0
1	8
1	0
1	0
2	0
3	1
2	0
2	0
1	0
1	0
1	0
1	0
3	0
4	0
3	0
1	0
0	0
2	0
4	0
2	1
3	0
2	0
0	0
4	0
1	0
5	0
2	0
9	0
0	0
1	0
3	0
1	0
3	0
3	0
2	0
3	0
0	0
0	0
0	0
0	1
2	0
3	0
2	1
1	0
4	0
1	0
1	0
2	0
1	0
2	0
1	0
1	0
3	0
2	0
2	0
3	0
3	0
3	0
9	0
4	0
3	0
2	0
3	0
1	0
2	0
4	0
4	0
6	0
0	0
1	0
1	0
3	1
3	0
4	0
5	0
1	0
4	0
3	0
1	0
0	0
2	0
1	0
3	0
3	0
4	0
1	0
0	0
2	0
10	0
2	0
2	0
3	0
12	0
2	0
6	0
2	0
16	0
4	0
7	0
54	0
52	0
4	0
0	0
2	0
5	2
3	0
2	0
4	0
4	0
2	0
4	0
0	0
2	0
3	0
2	0
10	0
3	0
6	0
3	0
3	0
3	0
0	0
193	0
4	0
4	0
3	0
1	0
0	0
4	0
3	0
4	0
0	0
3	0
0	0
1	0
0	0
18	0
2	0
7	0
98	0
2	0
7	0
4	0
5	0
2	0
44	0
3	0
3	0
0	3
2	3
14	0
4	0
31	0
2	0
6	0
0	0
3	0
3	0
32	0
1	0
2	0
4	0
5	0
4	0
5	0
1	0
6	0
18	76
0	76
0	0
5	0
5	0
2	0
2	0
5	0
1	0
3	0
0	0
6	0
1	0
1	0
3	0
1	0
2	0
2	0
3	0
0	1
0	1
4	0
0	1
2	1
2	0
2	0
2	0
8	0
5	0
0	0
8	0
17	0
2	0
2	0
12	0
3	0
3	0
3	0
2	0
3	0
0	0
0	0
1	0
3	0
8	3
13	0
2	0
0	3
0	3
2	0
7	0
2	0
12	0
1	0
0	0
0	0
6	11
0	0
2	0
0	0
4	0
9	0
1	0
5	0
4	0
3	0
2	0
4	0
5	0
4	0
6	0
1	0
9	0
1	0
3	0
5	0
1	0
3	0
4	0
3	0
7	0
6	0
2	0
5	0
6	0
4	0
3	0
1	0
1	0
10	1
2	0
0	0
1	0
3	0
3	4
1	0
0	8
0	8
3	0
0	0
7	0
4	0
0	0
3	0
2	0
2	0
0	19
0	20
2	0
4	0
20	0
10	0
1	0
1	0
1	0
3	0
7	0
3	0
3	0
1	0
2	0
2	0
5	0
14	0
1	0
3	0
3	0
1	0
5	0
2	0
3	0
1	0
2	0
1	0
4	0
3	0
1	0
3	0
2	0
2	0
3	0
3	0
14	0
3	0
5	0
4	0
0	0
3	0
5	0
1	0
4	0
4	0
1	0
1	0
2	0
4	0
4	0
38	0
3	0
1	0
35	0
4	0
3	0
9	0
3	0
3	0
4	0
8	0
5	0
1	0
1	0
2	0
5	0
2	1
5	0
2	2
0	2
4	2
14	0
2	0
7	0
2	0
2	0
4	0
0	0
7	0
5	0
7	0
53	0
1	2
0	2
13	0
1	0
1	0
12	0
24	0
3	0
1	1
3	1
18	0
5	0
2	0
7	0
2	0
38	0
13	0
4	0
4	0
3	0
13	0
3	0
1	0
69	0
1	0
2	0
4	0
1	0
5	0
0	0
0	1
0	1
4	1
1	0
8	0
3	0
1	0
1	0
4	0
4	0
2	0
5	0
3	0
1	0
4	0
2	0
5	0
6	0
0	0
0	0
3	0
3	0
3	0
6	0
6	1
3	1
9	0
0	0
3	0
2	0
5	0
1	0
2	0
4	0
5	0
4	0
4	0
2	0
3	0
1	0
3	0
4	0
1	0
3	0
0	0
2	2
3	2
3	0
2	0
21	0
1	0
6	0
4	0
1	0
3	0
2	0
15	0
3	0
4	1
4	0
1	0
1	0
3	0
7	0
5	0
8	0
1	4
0	4
3	0
14	1
7	0
4	0
4	0
4	0
6	0
2	1
7	0
4	0
0	0
13	0
3	0
3	0
4	0
3	0
0	0
2	0
2	0
2	0
2	0
6	0
4	0
0	0
0	0
3	0
13	0
0	6
4	6
0	0
1	0
1	0
8	0
0	0
125	0
2	0
4	0
2	0
1	0
1	0
2	0
2	0
0	3
5	0
54	0
0	0
4	0
1	0
7	0
3	0
4	0
4	0
12	0
4	0
10	0
1	0
3	0
3	0
4	0
5	0
1	0
3	0
59	118
0	118
1	0
1	0
7	0
3	0
1	0
5	0
5	1
1	0
20	0
9	0
2	0
3	0
3	0
2	0
3	0
5	0
2	0
0	0
10	0
1	0
0	0
3	0
4	0
3	0
1	0
1	0
4	0
5	0
4	0
0	0
3	0
0	0
1	0
4	0
6	0
15	0
2	0
3	0
2	0
5	0
1	0
2	0
4	0
4	0
1	0
1	0
0	59
0	56
0	54
0	135
3	39
0	57
0	137
18	4579
88	1397
2	3858
0	20
178	4595
0	3858
1	1106
0	19
0	3954
0	3731
28	0
55	140
1	140
28	0
16	64
23	178
3	178
0	36
0	19
0	42
0	126
0	103
60	0
62	0
0	0
0	25
0	25
28	143
0	143
0	20
13	90
0	113
0	172
0	72
0	163
2	94
0	85
0	81
0	92
0	183
0	176
181	0
63	147
3	269
7	269
4	0
0	0
18	0
0	231
0	231
0	229
1	243
2	244
1	237
2	129
0	236
0	224
7	69
1	236
315	3
1	3
0	8
658	8
348	0
0	62
1	120
0	48
0	181
0	184
0	59
0	51
0	184
0	181
2	120
9	0
2	0
0	9
12	1
0	1
1	83
0	0
13	540
2	32
2	20
46	99
2	646
0	817
0	364
0	849
8	117
4	506
1	804
5	0
0	535
0	824
13	260
0	0
9	535
0	555
10	82
18	0
11	0
3	96
124	0
0	23
0	11
0	19
6	15
3	0
2	0
1	0
2	0
2	0
23	0
2	5
2	5
12	30
1	30
1	0
49	0
4	10
18	65
24	55
7	0
3	146
2	70
18	135
3	275
0	7
3	47
4	24
16	387
98	397
0	359
11	129
5	19
6	2
2	105
8	0
1	0
7	0
1	34
6	1
8	8
11	33
15	15
13	0
0	0
1	0
1	18
0	18
3	18
5	18
2	0
0	0
34	5
0	5
463	0
0	199
0	20
0	282
0	147
0	64
0	100
0	17
27	0
0	0
26	0
0	481
113	548
0	67
398	0
265	0
2	869
200	3016
275	867
34	2284
37	1597
4	0
15	0
25	14
1	16
7	16
4	135
54	135
1	1
10	251
74	251
0	0
7	0
126	84
40	85
84	1
1	15
0	553
0	807
0	2
0	808
5	373
0	39
0	552
0	259
7	0
0	0
2	0
0	0
2	0
55	284
43	42
1	305
5	1
1	0
0	29
56	29
61	0
128	0
219	0
204	0
0	2
451	2
12	201
0	201
3	37
8	23
30	13
4	27
39	0
1	0
2	12
0	12
424	0
15	1
0	6
0	99
0	168
0	105
0	162
2	1
3	26
0	125
0	97
0	136
0	108
0	0
13	44
11	11
0	33
0	44
0	4
0	1
1	18
124	0
0	107
22	170
85	268
22	1
67	118
16	293
1	241
34	573
17	505
4	0
272	491
9	293
43	351
8	66
0	264
8	17
13	524
677	524
43	0
838	0
2	0
17	4
2	5
5	32
0	32
0	473
0	787
0	443
0	809
0	443
0	452
0	817
0	796
0	779
0	465
0	346
0	444
0	788
0	12
0	114
0	435
76	1395
1	215
182	1176
0	429
777	0
451	455
2	455
360	23
0	22
2	755
0	1427
0	6
93	1216
8	691
0	7
9	108
37	108
0	1204
0	1237
0	1226
0	1254
0	1215
0	1243
0	6
18	0
36	0
25	0
0	0
0	974
0	278
0	949
0	294
0	972
3	255
11	1012
0	179
42	179
149	0
19	0
1	3
44	3
1	0
70	23
0	23
17	13
6	13
59	0
55	63
4	0
0	63
4	0
8	0
6	4
2	122
19	197
8	197
0	130
2	130
2	0
0	0
0	32
0	180
0	189
0	194
0	185
0	66
0	57
47	0
1	0
70	0
5	0
35	0
0	4
5	0
2	2
128	0
21	5
16	0
1	2
1	1
0	4
76	0
1	0
4	0
14	0
4	0
1	0
8	0
0	0
3	0
0	0
0	0
274	1354
47	1354
1	0
4	0
2	2
53	0
0	1
0	1
75	1
47	0
300	0
277	0
0	0
0	3
4	2
9	2
1	0
0	1
0	3
10	7
2	3
0	1
1	7
0	6
8	4
3	1
0	1
2	3
9	175
0	961
0	802
0	594
0	898
0	533
2	73
0	712
1	742
2	865
0	591
0	381
0	805
1	7
0	132
0	530
18	0
8	0
7	0
2608	339
0	2
17	339
18	0
3	41
2	41
99	0
7	270
6	37
0	348
5	410
29	79
1	0
2	2
13	0
8	51
75	52
1	1
1	0
10	29
2	1
5	29
3	25
9	26
5	2
5	25
14	46
1	13
5	0
16	0
0	198
0	201
0	200
0	182
0	47
0	48
0	216
0	217
0	226
0	155
0	217
0	146
0	0
15	0
0	9
49	9
5	0
122	479
5	119
5	1107
0	565
11	1104
0	564
0	1122
65	103
0	569
4	103
0	568
3	360
0	0
1	1
21	1
2	0
9	0
1	0
2	38
0	188
0	178
0	72
11	178
12	178
0	0
24	104
29	110
1	9
4	0
0	0
1	0
1	0
0	0
0	0
40	0
0	10
0	18
0	18
0	0
34	1
0	0
30	5
0	5
105	0
219	0
6	15
2	0
2	1
0	173
4	9
0	148
0	134
0	165
4	9
2	117
2	23
21	51
0	139
1	154
0	176
0	147
0	109
9	3
8	3
4	0
13	0
3	25
2	26
4	22
0	0
1	0
38	0
20	10
69	0
48	0
2	3
328	3
88	3
0	703
20	360
0	711
0	666
0	659
0	703
0	710
0	36
0	305
241	305
5	19
4	19
4	0
18	0
931	0
0	33
73	33
568	0
393	3
0	3
0	3
10	123
0	188
0	127
0	160
0	99
5	42
6	247
25	458
21	389
84	69
0	0
0	33
0	597
0	743
42	1315
0	36
30	1297
1	12
21	698
0	743
0	36
2	541
19	0
5	0
9	0
15	0
5	1
2	0
31	0
92	196
7	196
53	1680
420	307
3	3430
6	2357
2	306
26	106
0	2
1	49
0	43
12	207
19	222
4	0
1	5
6	2
1	6
3	5
6	8
15	3
4	5
1	5
4	5
33	0
0	5
0	1
112	1
1	0
2	0
32	0
76	0
0	0
1	0
0	1
2	1
2	69
16	9
14	66
57	0
0	180
3	148
7	81
2	7
4	89
0	1
0	30
1	7
6	1868
26	1860
47	1868
147	1869
15	0
663	367
8	367
0	19
0	19
0	0
2	0
27	0
291	0
0	1
17	1
21	142
8	206
1	188
4	205
1	187
4	0
4	152
2	152
2	5
14	0
0	7
0	7
1	0
9	5
17	1
0	927
20	31
0	1613
12	104
0	1636
0	1663
0	1214
0	1617
6	28
0	1618
0	1664
2	170
0	1595
0	1641
0	1682
0	1631
0	1588
0	177
0	1659
3	1638
6	0
3	0
22	0
2	0
7	0
3	0
3	0
0	0
0	0
66	47
7	38
138	4
67	40
42	0
0	34
0	52
4	52
48	4
2	4
7	0
15	64
2	1
16	120
5	120
6	198
2	198
0	203
5	120
28	66
4	192
14	89
17	89
214	0
1	14
0	3
4	63
0	52
1175	57
0	57
15	0
0	0
133	0
1	0
1	0
39	0
673	63
1	63
153	0
256	92
7	92
78	464
201	5
10	464
35	1361
188	1345
203	169
10	1359
81	169
0	743
4	638
0	651
0	440
1	22
15	637
0	954
1	0
2	0
24	0
4	0
1	0
0	0
0	53
0	53
9	1
4	190
34	191
172	0
42	12
2	12
130	271
26	271
0	442
0	163
0	127
0	242
0	521
0	22
11	0
11	0
14	0
8	0
3	0
3	0
30	0
6	1
0	102
2	11
29	4
1	231
7	0
0	325
35	268
3	381
1	0
86	1443
101	1425
35	1316
3	0
1	1
0	9
0	8
0	9
0	11
3	32
0	32
0	2
5	29
0	121
0	109
0	128
0	116
5	29
0	2
7	6
5	12
0	1
5	1
0	0
3	6
9	12
11	2
6	4
0	2
12	15
1	2
0	13
15	0
2	4
0	0
2	2
5	0
16	0
92	2
0	2
61	7
7	10
11	13
66	4
56	0
1	3
1	2
0	4
1	4
11	4
32	2
3	1
8	0
3	0
1	0
6	1
13	2
1	0
0	0
4	0
0	34
0	1
48	0
7	35
15	1
53	2
12	0
0	1
0	0
5	0
17	0
3	0
14	0
1	0
3	0
1	0
0	0
0	13
13	13
62	259
0	259
0	5
46	5
24	0
13	0
151	0
0	222
0	240
0	130
1	8
0	161
1	152
0	115
0	271
0	253
0	351
0	337
1	65
0	346
0	342
118	19
0	19
71	0
0	0
0	280
0	273
21	301
0	606
0	599
649	0
0	15
0	16
0	10
0	17
0	7
1	2
0	13
0	9
0	7
0	5
0	5
0	4
4	2
3	2
12	0
2	0
1	0
4	0
75	0
40	1
508	99
7	85
0	105
0	58
0	57
1	58
0	57
2	0
5	1
7	2
8	1
1	0
1	19
0	4
3	8
10	21
1	27
7	31
0	31
6	18
4	2
2	2
2	0
0	105
0	90
0	240
8	128
5	19
77	0
0	94
0	225
1	19
7	109
21	145
0	231
0	229
2	0
3	0
16	0
6	6
15	4
0	4
6	641
9	641
0	3
0	3
100	7
0	0
0	7
2	61
13	226
18	226
10	748
83	748
112	0
53	0
0	57
0	54
0	52
3	107
0	9
10	136
30	208
0	72
0	13
0	13
14	130
13	130
0	28
25	28
2	0
10	465
25	744
19	744
0	88
0	78
0	78
0	71
0	71
0	81
0	5
0	68
0	81
3	0
1	0
1	0
37	0
69	0
4	0
1	0
0	0
1	0
88	0
0	2
34	970
6	931
0	1053
4	8
7	971
6	0
14	2
0	2
0	28
0	2165
0	1619
0	1017
5	734
0	815
0	2024
0	1056
0	1963
4	168
0	1558
0	1760
0	876
0	418
5	0
3	138
2	0
6	0
9	0
1	0
13	0
0	17
2	17
67	0
150	0
2	77
11	77
0	116
1769	116
3	87
0	111
0	101
0	83
0	116
45	6
7	8
43	8
0	73
5	97
14	317
27	327
55	105
2	327
0	48
7	12
1	11
3	0
5	0
3	0
4	0
12	7
0	7
102	119
0	65
0	1102
14	890
0	1197
0	1190
0	247
15	1077
13	69
0	402
10	1
3	0
8	1
4	20
0	15
3	18
23	114
277	115
8	97
6	218
81	280
18	216
0	0
2	0
54	34
2	34
0	0
1	0
220	0
62	0
39	0
14	14
104	16
0	5
4	21
1	1
2	1
0	31
21	33
3179	0
1	0
7	0
4	0
1	0
2	0
1	0
0	9
4	9
0	1
865	84
0	85
10	70
0	89
0	1
0	28
0	927
0	154
0	950
0	669
0	644
0	925
37	404
0	4
0	952
0	156
6	0
5	0
3	0
5	0
1	0
25	0
0	1
4	2
5	10
2	7
5	4
1	4
0	26
33	686
0	726
0	783
3	505
0	754
0	755
9	127
6	23
0	132
16	135
8	259
1	160
138	1
5	109
174	109
2	221
0	272
80	267
3	452
0	284
0	353
0	365
4	276
0	443
5	4
6	0
2	8
7	8
3	40
20	25
1	40
1	0
1	0
0	297
0	3
11	167
0	188
0	191
1	6
0	340
0	137
3	130
0	148
2	3
2	0
0	2
1	3
8	0
0	2
1	1
401	0
20	129
2	127
15	2
10	0
72	1520
0	766
110	1521
8	1
0	765
1827	9
21	9
4	692
1	858
2	170
2	0
10	0
6	0
0	0
1315	8
0	8
4	0
12	0
53	0
1	31
0	180
2	320
0	4
0	658
0	340
0	590
0	589
0	821
0	1071
0	822
0	1069
0	342
1	387
3	143
10	346
45	175
0	76
1	23
21	76
0	55
0	75
0	600
0	781
0	741
0	640
7	207
0	273
0	487
0	932
0	424
0	132
0	527
0	99
0	76
0	892
25	0
14	3
5	0
12	0
1	0
1	0
6	0
2	0
19	23
2	23
128	1
57	1
29	4
5	3
76	0
0	137
0	200
4	127
0	127
333	200
9	6
0	64
5	45
48	84
16	100
19	100
2	1
7	0
49	0
7	0
380	342
0	342
4	36
2	25
220	36
0	19
48	44
0	4
1	25
0	39
0	232
0	118
0	153
0	367
0	108
0	453
0	231
0	828
0	442
2	96
0	577
0	820
3	135
3	1
0	585
0	467
0	475
0	699
0	450
0	490
0	238
1	680
311	0
120	0
0	1
8	439
1	311
17	104
11	288
3	105
14	440
1	299
2	1319
22	26
1668	1367
0	6766
5743	6090
487	0
72	0
656	0
52	62
0	1563
0	25
406	323
0	1602
10	51
0	1563
0	1602
25	90
8	0
5	0
13	0
0	0
11	0
144	0
5	189
1	189
0	156
465	0
0	67
1033	67
0	1
8	25
2	1
0	295
0	295
548	634
5	2
5	330
2	339
4	2
0	4
83	0
7	0
3	0
0	0
2	0
17	0
0	164
126	164
12	0
8	1008
0	1191
1	568
0	1192
0	1101
3	268
0	1217
0	1218
112	0
0	47
9	64
0	184
4	11
0	180
27	74
0	14
0	502
0	38
0	1
0	187
0	183
0	392
0	498
0	501
68	18
0	18
12	0
5	0
7	0
3	0
4	0
5	0
57	0
12	0
11	0
7	0
735	1
2	7
0	1123
0	1123
0	1123
42	10
0	1123
0	77
9	1
0	1123
6	139
0	1
47	2
109	0
1959	0
482	0
0	0
3	0
3	0
7	19
97	19
42	8
24	8
4	7
5	7
0	30
6	30
107	0
2491	670
1	670
1	82
29	623
8	623
50	537
28	537
4	16
1	1
3	8
4	11
110	28
1	30
8	0
92	0
0	0
5	0
2	0
98	2
5	0
0	0
4	1
0	1
13	0
122	287
20	287
0	301
0	332
0	322
0	291
1	3
0	328
0	318
1	16
0	60
7	0
7	0
0	0
5	2
5	12
2	12
8	24
10	24
4	473
0	10
1	10
0	521
17	529
6	4
0	182
14	1
4	2
2	10
8	34
0	4
46	50
8	10
49	7
0	6
2	44
0	127
20	44
3	134
1	481
2	0
4	0
3	0
18	0
1	4
11	4
19	6
0	24
13	24
4	0
1	151
3	16
2	21
3	126
1	46
1	71
1	99
30	99
155	9
1	9
1	41
3	17
0	39
3	220
1	218
288	0
0	77
84	77
0	183
0	339
0	163
10	140
0	338
0	140
0	362
0	159
0	315
0	139
1	11
1	89
452	89
15	3
0	3
1	1
4	0
10	0
23	0
1	0
72	9
0	9
52	0
54	0
225	0
200	1
0	94
128	91
4	30
4	0
85	34
3	25
0	9
7	55
2	2
1	32
13	60
0	5
0	0
14	47
0	253
382	255
30	6
108	884
14	765
37	924
0	2
36	0
45	0
89	0
5	0
12	5
2	5
187	0
0	69
48	69
0	7
92	7
87	77
0	76
273	1
76	68
0	68
385	0
137	246
6	122
8	124
0	353
4	1604
799	1604
65	1
3	947
11	963
2	550
14	962
17	0
4	0
20	0
13	0
3	0
14	0
9	0
1	28
10	76
0	1015
2	0
0	1001
0	989
0	975
0	2764
0	2931
0	2934
0	3001
45	284
0	2934
0	34
0	2954
1	75
0	2930
0	2744
4	0
4	52
0	52
261	0
31	0
266	0
0	3366
0	3324
0	3947
0	4033
0	3434
0	3280
8	3914
2	1123
0	3520
7	1739
0	3238
28	420
7	0
2	0
199	1157
0	1307
0	1516
105	1457
5	96
42	13
43	0
0	13
1065	0
3	30
158	28
0	292
22	283
3	89
0	2
746	337
3	0
7	0
12	0
11	0
31	2
0	103
0	117
0	340
0	354
0	21
0	21
737	104
0	104
35	17
0	5
15	0
35	1219
29	42
88	1294
28	1095
1	17
17	5
20	0
17	0
7	0
4	0
8	0
3	0
1	0
2	1
0	1
0	2724
0	976
12	863
3	305
3	2757
0	2
0	2793
0	2836
0	15
0	2670
0	2636
1	16
0	2748
0	2582
0	2705
3	0
1	65
0	65
208	0
0	18
4	0
0	0
0	2
3	2
204	13
2	14
20	109
154	109
3	0
2	1
0	6
1	2
24	6
3	4
31	4
0	2
0	0
2311	202
6	0
4	88
13	171
0	57
0	0
4	0
16	0
11	0
6	8
7	11
5	0
23	0
6	102
1	121
0	49
9	121
0	33
60	0
9	171
10	171
1	603
13	7398
0	5372
24	2892
0	7552
7	7366
0	4962
0	3
0	3
0	3
5128	0
0	3
19	0
9	0
1	0
0	44
0	24
1	82
8	75
0	44
7	63
0	44
0	22
1	0
2	12
53	12
6	18
0	209
0	171
0	201
0	179
13	1
1	1
0	436
141	436
70	0
11	0
4	0
9	0
4	16
3	16
8	0
95	0
2	52
20	52
96	4
2	7
0	7
0	3
7	7
4	0
0	8
1	0
153	8
27	772
0	26
9	133
25	154
15	772
0	114
1	0
10	35
3	0
30	0
1	0
3	9
1	9
34	0
0	867
0	772
0	1014
0	1109
0	862
0	1104
1	107
2	0
0	3
0	3
1	0
32	29
0	6
6	34
1	12
2	6
6	33
0	3
132	0
50	1
3632	0
35	23
0	388
0	385
0	1576
0	1045
0	2275
0	2269
0	1087
0	1082
0	74
0	2302
0	2242
0	2238
0	1049
0	2265
0	1054
1	46
0	1603
2	0
17	0
17	0
5	0
0	1
19	189
225	190
0	202
0	221
142	98
0	244
0	263
3	2
0	38
5	2
2	1
5	5
0	7
9	7
0	6
1	22
3	0
3	7
0	12
91	9
3	21
0	5
1	2
17	24
1	22
87	13
1	16
0	14
4	35
2	4
0	8
0	8
1	8
2	15
3	23
0	8
9	3
9	1
4	6
6	1
67	0
0	0
1	4
1	0
38	0
4	34
3	34
38	2
24	0
1	2
2	3
15	5
0	1
2	95
81	95
2	1
13	53
3	0
2	50
15	29
6	51
6	53
10	7
15	25
3	0
12	1
0	3
0	4
5	3
0	3
1	3
14	2
2	1
9	177
0	1186
0	42
15	99
3	1043
2	154
4	1135
3	0
116	0
6	8
19	8
81	0
12	0
13	10
3	10
32	0
0	0
47	0
2	27
0	0
4	27
8	3
152	23
262	3
1	23
4	27
65	27
677	244
40	120
19	119
0	8
0	5
2	0
0	0
1448	3
3	3
135	696
28	401
30	2
662	406
10	750
79	887
2	72
9	0
2	0
1	0
21	0
20	470
13	441
0	203
0	196
0	191
1	2
21	87
3	32
16	2192
73	481
68	2193
3	1
2	0
12	217
1	218
0	236
332	0
4	0
61	0
0	3
13	19
0	19
46	1
85	0
8	264
11	264
14	15
0	0
7	15
4	0
0	5
1	167
3	202
20	478
2	240
1	202
80	491
30	119
0	119
95	399
0	400
7	303
12	365
0	1
48	0
4	0
7	0
0	0
7	0
1	0
2	8
1	8
7	0
23	0
157	0
7	248
44	248
0	4
107	4
54	0
2	219
0	25
0	550
0	1352
1	162
0	537
0	115
0	175
0	386
0	546
0	1489
0	559
0	1409
0	1516
0	110
0	9
0	184
0	523
2	943
0	1525
0	119
0	106
39	0
1	1
0	13
1	16
19	1950
3	296
102	390
123	1020
1	2
4	92
0	2134
20	2027
38	0
3	0
11	0
2	0
3	0
0	0
2	0
108	15
0	15
59	0
0	6
0	141
0	141
8	0
2	142
2	152
10	301
2	148
5	273
4	11
0	434
0	872
0	1354
0	1309
0	435
0	1293
0	1370
0	888
0	1325
0	876
0	1309
0	954
0	446
0	447
0	7
0	61
0	78
0	61
0	78
0	7
0	7
0	8
0	9
0	7
6	44
1	35
0	74
12	0
3	0
15	0
0	8
2	8
507	0
1	49
12	178
706	227
764	0
2	39
4	104
0	176
0	193
0	215
0	198
6	202
0	39
0	39
440	0
0	298
0	285
6	655
0	258
2	26
18	371
29	18
4	373
0	652
6	270
1	69
0	665
1	34
0	256
0	3
0	2261
3	1182
3	2120
2	2174
139	0
9	0
2	0
32	2
12	2
3	1
7	3
9	2
7	114
2	9
4	29
2	24
6	18
0	21
2	47
0	21
10	120
0	28
2	61
200	27
29	0
2	0
9	2
0	2
0	928
0	1164
0	912
0	1052
0	1111
0	855
0	923
0	1080
0	1028
0	871
0	1159
0	1142
0	1044
0	1150
0	19
0	863
0	1031
0	1039
0	876
0	904
0	1155
0	860
0	1140
0	1043
0	1120
0	919
0	914
0	1001
0	1104
0	790
0	654
0	376
0	334
0	618
0	378
0	788
0	633
0	809
0	6
0	811
0	397
0	90
0	418
15	0
4	0
6	0
0	0
2	0
5	2
0	2
9	0
0	8
2	8
9	0
27	0
14	1
1	27
1	26
0	29
0	32
1	35
2	0
0	1
5	0
2	0
0	0
3	4
0	13
0	0
1	5
10	11
0	5
0	61
8	1
5	1
17	4
2	58
1	0
2	0
1	0
4	0
0	651
0	635
0	255
0	204
2	0
18	0
8	204
22	204
147	272
2	270
1	2
3	171
0	6
0	171
205	0
2	3
9	0
43	31
0	29
0	225
25	2
11	231
0	420
0	285
0	124
0	286
0	243
0	419
23	583
32	449
6	0
4	0
15	0
20	0
275	1
2	375
5	373
6	253
8	253
0	810
0	444
0	812
0	816
0	818
0	438
2	0
3	0
6	0
3	0
4	0
7	0
6	8
0	7
23	4
3	0
9	0
1	0
2	0
93	0
2	0
4	0
13	0
3	0
14	0
3	0
4	0
7	0
1	0
2	0
3	0
3	0
4	0
3	0
0	0
9	0
0	0
12	0
35	0
0	0
2	0
8	0
0	0
7	0
3	0
3	0
1	0
4	0
1	0
2	0
9	0
2	0
2	0
3	0
2	0
7	0
0	0
0	0
23	0
40	0
2	0
2	0
2	0
2	1
1	1
3	0
9	0
9	0
0	0
6	0
86	0
3	0
3	0
2	0
2	0
6	0
1	0
4	0
6	0
1	0
0	0
1	0
1	0
4	0
9	0
12	0
3	0
6	0
14	0
10	0
2	0
1	9
2	9
7	0
3	0
8	0
3	1
1	0
3	0
4	0
1	0
3	0
2	0
1	0
4	0
32	0
0	0
1	0
2	0
0	0
1	0
3	0
2	0
0	0
3	0
5	0
1	0
0	0
6	0
5	0
3	0
3	0
2	1
7	0
3	0
6	0
2	0
5	0
1	0
1	0
2	0
2	0
3	0
1	0
3	0
7	0
4	0
3	0
2	0
1	0
1	0
1	0
6	0
3	0
5	0
3	0
0	0
1	0
0	0
2	0
3	0
10	0
3	0
6	0
4	0
2	0
2	0
6	0
4	0
2	0
2	0
2	0
2	0
1	0
2	0
4	0
2	0
1	0
3	0
12	0
3	0
5	1
3	0
3	0
1	0
3	0
0	0
0	0
1	0
1	0
2	0
3	0
5	0
3	0
0	0
1	0
5	0
5	0
3	0
7	0
1	0
5	0
2	0
2	0
6	1
25	2
14	0
2	0
13	0
5	0
5	1
6	0
5	0
20	0
10	0
1	0
11	0
3	0
6	0
1	0
2	0
1	0
0	0
3	0
15	0
5	0
3	0
1	0
1	0
1	0
3	16
28	16
7	0
0	0
5	0
15	0
6	8
7	0
9	0
4	0
4	0
1	0
0	0
1	0
1	0
3	0
3	0
2	0
13	0
2	0
3	0
6	0
0	0
3	0
6	0
2	0
4	0
0	0
6	0
1	0
0	0
2	0
1	4
2	4
0	0
0	28
0	13
14	28
20	0
5	0
2	0
1	0
94	0
4	0
3	0
6	26
1	26
4	0
1	0
8	0
1	0
0	0
1	0
1	47
5	47
5	0
3	0
1	0
8	0
10	0
8	0
2	0
3	0
10	3
3	0
26	0
2	0
1	0
2	0
2	0
0	0
5	0
2	0
3	0
9	0
2	0
1	0
5	0
1	0
2	0
6	4
3	0
1	0
1	0
5	0
3	0
4	0
3	0
2	0
3	0
2	0
12	2
0	0
0	0
3	0
3	4
68	4
6	0
3	0
9	0
7	2
2	0
5	0
0	5
2	5
4	0
2	0
0	0
3	0
3	0
10	0
3	0
2	0
2	0
1	0
5	0
2	0
4	0
3	0
1	0
3	0
0	0
2	0
8	1
3	0
3	0
2	0
7	0
1	0
1	0
11	0
4	0
4	0
2	0
4	0
1	0
5	0
2	0
6	0
4	0
4	0
3	0
2	0
2	0
14	0
4	0
3	0
2	0
1	0
2	0
6	0
4	0
3	0
7	0
9	0
0	0
0	0
0	1
2	1
0	13
2	13
7	0
3	6
2	6
1	0
10	0
6	0
0	0
1	0
1	0
6	0
1	0
8	0
2	0
22	0
40	0
0	0
1	0
1	13
12	13
4	127
0	127
6	0
0	0
14	0
14	3
0	5
17	0
6	0
4	0
31	0
5	0
24	18
0	18
0	4
2	4
2	0
7	0
0	0
0	0
9	0
3	0
5	0
0	24
7	24
16	0
4	0
3	0
0	0
3	0
0	187
2	169
0	150
5	0
69	0
4	0
4	0
8	1
0	1
3	0
22	0
5	0
5	0
5	0
3	0
1	8
0	3
7	0
5	3
0	3
11	1
13	0
301	0
6	0
3	0
4	0
1	695
25	628
43	695
0	2
0	2
2	0
1	0
2	0
2	0
6	0
1	0
8	0
26	26
6	26
40	0
2	0
0	2
3	2
4	0
8	0
2	0
2	0
8	12
0	12
0	0
11	0
12	46
1	46
2	0
10	0
0	0
34	0
3	0
3	0
3	0
1	0
5	8
9	71
69	71
1	2
2	2
14	0
1	0
4	0
117	1
1	0
5	0
32	20
2	20
2	0
4	0
1	0
4	0
1	0
0	0
2	0
1	0
26	0
119	0
1	0
5	0
2	0
0	0
3	0
2	0
4	0
1	0
6	0
0	5
1	5
4	0
1	0
12	0
3	0
3	0
2	0
0	0
11	0
6	0
3	0
1	0
0	0
2	0
0	0
10	0
3	0
2	0
2	0
4	0
0	6
1	9
58	15
0	0
0	0
2	26
7	26
3	0
1	0
13	0
5	0
4	0
1	0
6	0
6	0
2	9
3	9
8	0
5	0
3	0
5	0
2	0
2	0
7	0
3	0
3	0
1	0
3	0
2	0
0	0
2	0
7	0
2	0
1	0
3	0
3	0
4	0
12	1
0	0
4	0
4	0
7	0
27	0
1	0
1	0
3	20
0	20
7	0
1	0
1	0
208	0
5	0
8	0
1	0
5	0
6	0
5	0
0	0
3	0
1	0
4	0
9	0
12	1
1	1
6	0
8	0
4	0
4	0
3	0
2	0
3	0
5	1
5	0
4	0
6	0
2	0
6	0
0	4
0	1
0	2
9	0
0	19
2	19
0	0
2	0
4	0
1	0
2	0
1	0
7	0
1	0
4	0
3	0
0	0
1	0
1	0
4	0
3	0
1	0
5	0
6	0
4	0
3	0
2	0
2	0
5	0
0	0
0	0
3	0
4	0
2	1
5	0
3	0
1	0
3	0
1	0
0	0
3	0
2	0
4	0
1	0
5	0
1	0
2	1
3	0
7	0
2	0
1	0
2	0
2	0
3	0
1	0
2	0
1	0
1	0
0	0
6	0
9	0
0	1
0	1
0	0
1	0
1	0
2	0
6	0
1	0
1	0
0	0
0	0
3	0
1	0
2	0
4	0
6	0
4	0
0	0
0	0
3	0
1	0
26	0
1	0
1	0
4	0
2	0
3	0
3	0
0	0
22	0
1	0
4	0
2	0
0	0
2	0
5	0
1	0
6	0
5	0
10	0
2	0
7	0
4	0
3	0
6	0
0	0
1	0
0	2
0	2
19	0
32	0
8	0
4	0
0	0
7	0
0	0
15	0
7	0
6	0
5	0
2	0
7	0
2	0
1	0
2	0
1	0
2	0
1	0
2	3
0	3
7	0
2	0
8	0
5	5
10	5
5	0
0	0
2	0
4	0
1	10
0	10
8	0
0	0
0	0
0	4
1	1
0	1
8	2
3	2
3	0
4	0
0	1
2	1
7	0
4	0
9	0
8	0
5	0
2	0
1	0
0	6
7	6
6	0
19	0
0	7
2	7
0	1
0	1
0	0
0	0
8	0
5	0
4	0
10	0
4	3
0	3
6	43
0	43
0	30
44	30
5	0
8	0
2	0
1	0
0	0
16	1
0	0
23	0
5	0
2	0
2	0
2	0
4	0
3	0
2	0
1	0
2	0
4	0
6	0
1	0
0	0
0	0
1	0
12159	7
3	0
2	0
18	0
4	0
5	0
1	0
2	0
3	0
0	20
9	22
0	18
0	2
0	2
38	0
34	0
1	0
10	0
10	0
4	0
1	0
1	0
0	0
121	0
5	0
0	0
1	3
4	3
1	0
250	0
1	0
2	0
4	0
0	0
4	0
3	0
0	0
9	0
1	0
3	0
2	0
0	0
2	0
0	0
0	0
2	0
5	0
0	0
7	0
3	0
1	0
23	0
4	4
3	7
3	0
3	0
0	0
4	0
6	0
7	0
12	14
1	6
1	13
3	0
2	0
4	0
4	0
1	0
0	0
16	0
2	0
6	0
1	0
1	0
5	0
2	0
4	0
5	1
3	1
10	0
2	0
3	0
3	0
5	0
5	0
3	0
3	0
4	0
1	0
7	0
2	0
1	0
0	2
0	2
1	0
5	0
12	0
7	0
1	10
5	14
2	0
3	0
1	0
6	0
2	1
0	1
1	1
5	1
7	0
1	0
4	0
13	0
3	0
27	0
3	0
3	0
8	11
0	11
0	0
1	0
11	0
10	0
2	0
24	4
9	0
10	0
1	12
2	0
0	0
3	0
4	0
6	0
2	0
2	0
9	0
0	0
3	0
3	0
7	0
3	0
13	0
2	0
3	0
7	0
4	0
3	0
2	0
4	0
3	0
1	0
1	0
2	0
213	492
12	492
4	0
1	0
4	0
4	0
6	0
1	0
0	0
1	0
8	0
6	1
3	0
0	0
4	0
6	0
2	0
2	12
0	12
5	0
1	0
0	0
0	0
3	0
0	0
3	0
3	0
2	0
2	0
18	0
7	0
3	0
1	0
3	0
2	0
5	0
1	0
1	0
4	0
10	0
31	0
3	0
12	0
3	0
0	1
0	1
1	0
3	0
3	0
6	0
3	1
4	1
1	0
2	0
6	0
1	2
1	0
4	0
16	0
4	0
2	0
2	0
4	0
7	0
1	0
1	0
6	0
5	0
0	0
5	0
3	0
2	0
1	0
5	0
2	0
16	0
2	2
2	0
4	0
2	0
4	0
3	0
2	0
4	0
0	0
5	0
5	0
10	0
7	0
0	0
12	0
3	0
3	0
1	0
5	0
3	0
6	0
3	0
3	0
38	0
3	0
1	0
7	0
6	0
4	0
2	0
4	0
8	0
3	0
3	0
17	9
14	0
4	0
5	0
1	0
1	0
3	0
22	0
2	4
1	4
10	0
4	0
7	10
0	10
12	0
3	0
0	0
22	0
38	0
37	0
27	0
2	0
48	0
1	0
0	7
3	7
4	0
3	0
2	1
10	1
322	0
7	0
1	1
26	1
8	0
4	0
15	0
2	0
0	49
4	49
8	0
0	2
0	2
2	0
17	0
8	0
2	0
0	0
2	0
7	0
2	0
7	0
1	0
16	0
5	0
3	0
0	0
0	0
4	0
2	0
0	0
3	0
2	0
0	0
6	0
2	0
3	0
41	10
0	10
4	1
0	18
0	18
10	0
4	0
3	1
0	2
7	2
11	0
0	0
2	0
5	0
8	2
18	0
5	0
1	0
2	0
2	0
15	0
4	0
8	0
2	0
4	0
5	0
4	0
1	0
1	0
1	0
10	0
1	0
2	0
3	0
3	0
16	0
2	0
4	0
3	0
2	0
11	0
1	0
1	0
4	0
8	0
2	0
11	0
2	0
4	0
2	0
2	0
4	0
2	0
3	0
5	0
1	0
8	0
2	0
1	0
5	0
1	0
0	0
0	1
4	1
6	0
2	0
1	0
6	0
4	0
1	0
3	0
4	0
2	0
1	0
1	0
2	0
3	0
5	0
3	0
4	0
4	0
2	0
2	0
3	0
0	0
0	0
5	0
2	0
5	0
11	0
1	0
0	0
2	0
1	0
1	0
3	0
17	2
1	0
3	0
151	0
5	0
26	0
6	0
2	0
3	0
1	0
2	0
16	0
7	0
3	0
4	0
1	0
3	0
8	0
2	0
5	0
3	0
5	0
3	0
2	0
0	0
0	0
1	1
3	0
4	0
2	0
4	0
3	0
3	0
4	0
1	0
5	0
3	0
2	0
0	2
2	2
4	0
2	0
3	0
4	0
2	0
4	0
1	0
3	0
1	0
5	0
3	0
3	0
0	0
3	0
3	0
3	0
3	0
4	0
3	0
1	0
4	0
1	0
1	0
1	0
1	0
21	0
3	0
2	0
4	0
4	0
7	0
0	0
2	0
4	0
2	0
2	0
4	0
4	0
1	0
1	0
2	0
1	0
3	0
1	0
0	0
0	0
1	0
2	0
0	0
1	0
5	0
4	0
3	0
0	0
1	0
4	0
3	0
5	0
0	0
1	0
4	0
4	0
4	0
3	0
3	1
1	0
1	0
3	0
4	0
5	0
1	0
1	0
1	0
0	0
3	0
2	0
2	0
2	0
0	0
2	0
2	0
4	0
1	0
4	0
1	0
2	0
1	0
5	0
3	0
0	0
2	0
3	0
3	0
3	0
2	0
1	0
0	0
5	0
2	0
3	0
0	0
0	0
2	0
0	0
1	5
3	0
0	0
0	0
4	0
4	0
1	0
3	0
0	0
0	0
0	0
2	0
2	0
1	0
1	0
6	0
0	3
0	2
2	0
0	0
1	0
0	0
3	0
3	0
1	0
1	0
1	0
3	0
0	0
3	0
3	0
2	0
2	0
2	0
0	0
0	0
4	0
2	0
3	0
0	0
2	0
3	0
1	0
1	0
1	0
1	0
4	0
2	0
0	0
1	0
4	0
8	0
6	0
4	0
1	0
1	0
2	0
1	0
1	0
1	2
7	0
4	0
0	0
0	0
2	0
4	0
10	0
1	0
1	3
0	3
2	0
4	0
6	0
12	0
3	0
1	0
2	0
2	0
3	0
1	0
3	0
1	0
1	0
6	0
4	0
6	0
0	0
2	0
6	0
4	0
4	0
3	0
1	0
22	0
4	0
17	0
2	0
3	0
1	0
10	2
0	2
3	0
2	0
0	0
2	0
27	0
2	0
3	0
2	0
3	0
0	1
3	1
0	0
0	0
5	0
1	0
3	0
0	3
26	3
2	0
3	0
2	0
0	0
5	0
0	0
1	0
0	0
7	0
3	0
21	0
13	0
8	0
6	0
33	31
0	31
3	0
2	0
1	0
0	9
1	9
0	0
6	0
1	0
0	0
5	0
0	13
1	13
4	0
107	0
0	0
6	0
1	0
2	0
5	0
3	0
2	0
3	0
4	70
35	83
0	106
1	0
2	0
0	0
0	0
0	0
4	0
4	0
4	0
4	0
3	0
5	0
4	0
0	0
3	0
1	0
18	0
0	1
4	1
1	0
3	0
3	0
3	0
4	0
5	0
2	0
2	0
2	0
1	0
4	0
0	0
2	0
2	0
6	0
1	0
0	0
2	4
0	4
1	0
1	0
3	0
18	0
7	0
13	0
1	0
3	0
2	11
0	11
0	0
14	0
5	0
2	0
1	0
1	0
6	0
10	0
3	7
2	7
2	0
8	0
4	0
6	15
0	15
3	0
2	0
2	0
5	0
1	2
0	2
0	0
19	0
8	0
2	10
2	10
7	0
1	0
26	0
1	0
2	0
10	0
2	12
0	12
4	0
3	0
1	0
15	0
1	0
0	0
2	0
2	0
6	0
1	0
1	0
5	0
0	1
0	1
4	0
4	0
9	0
4	0
2	0
6	0
1	0
2	0
0	0
1	0
0	0
5	0
3	0
3	0
0	0
3	1
1	0
1	0
3	0
3	0
2	0
1	0
2	0
2	0
1	0
4	0
4	0
1	0
0	0
1	0
3	0
3	0
2	0
3	0
0	0
5	0
1	0
12	0
2	0
5	0
4	0
2	0
2	0
1	0
2	0
0	0
1	0
5	0
2	0
2	0
1	0
4	0
8	0
13	0
4	1
1	0
0	0
3	0
3	0
2	0
0	0
2	0
1	0
0	0
2	0
1	0
2	0
0	0
1	0
3	0
4	0
3	0
2	0
1	0
4	0
0	0
5	0
2	0
4	0
1	0
1	0
2	0
2	0
0	0
1	0
1	0
2	0
5	0
0	0
3	0
2	0
1	0
0	0
1	0
6	0
2	0
1	0
2	0
3	0
2	2
4	0
2	0
2	0
1	0
3	0
7	0
1	0
3	0
1	8
238	93
1	85
0	142
1	125
0	93
3	9
3	0
0	0
0	0
2	0
5	55
0	4
12	59
0	121
0	154
0	120
1771	0
0	0
0	0
41	0
1	26
2	26
1	27
34	31
15	38
2	0
7	0
2	0
5	0
5	0
1	1
2	2
6	5
7	4
0	1
151	0
1	1
70	0
0	0
0	0
2	41
238	41
14	0
4	189
22	203
41	15
1	54
3	54
144	138
17	138
2	0
96	830
94	830
1	27
2	3
2	3
2	5
62	50
1	50
622	0
54	0
23	2
0	0
0	2
15	0
27	0
1	0
1	5
2	2
22	67
16	67
0	1
11	172
0	172
154	1
2	12
0	147
0	113
0	139
0	240
0	232
1	3
8	0
8	157
3	1
8	156
13	156
39	20
0	20
45	0
29	0
459	0
4	61
2	61
16	0
1	1
2	1
4	0
14	346
2	86
0	353
1	0
4	0
2	70
46	164
68	234
4	0
3	15
0	13
6	15
114	112
145	112
3	59
37	81
6	41
1	2
5	9
1	4
0	4
105	0
7	0
18	0
257	1
0	23
38	150
6	78
0	79
2	1
12	78
2	0
249	25
3	25
20	0
1	0
12	0
9	32
12	37
11	38
3	0
15	74
8	73
1	2
71	0
0	142
919	142
5	35
0	43
56	78
2	0
27	523
12	505
0	8
0	18
2	0
2	19
1	19
0	9
0	395
0	353
0	348
0	413
2	324
0	418
0	390
2	0
5	2
52	63
19	63
408	0
5	256
18	256
4	330
1	0
11	330
0	317
0	291
0	267
0	293
8	0
15	0
0	21
59	334
5	282
1	73
24	0
92	0
141	0
0	126
9	126
0	2
0	10
2	10
2	189
7	189
20	0
0	0
0	476
0	477
0	469
0	180
0	468
0	188
0	14
6	55
73	55
3	0
367	410
2	395
35	12
18	12
0	15
138	0
0	0
312	91
3	91
69	0
3	0
12	0
0	242
0	196
0	254
0	184
28	279
19	279
5	0
11	0
7	0
76	0
7	159
22	148
15	11
5	0
0	82
45	82
2	0
5	2461
1591	11204
101	3262
139	11208
49	4141
0	1
0	10
8	10
8	0
2	0
0	79
0	79
0	81
0	49
0	81
0	49
145	137
23	137
241	1
154	0
13	327
14	327
389	0
1	0
2	1
1	1
0	0
1069	0
313	0
1	0
9	2
63	75
1	75
2	0
521	5
156	0
3	0
1	0
402	6
4	6
1	15
1	15
0	2
3	2
16	25
16	25
22	0
15	0
13	0
5	56
3	56
104	0
29	1
0	0
2	0
5	1
2	1
1	0
47	2
0	2
4	0
8	27
14	27
25	153
9	91
35	231
0	13
3	0
1	0
5	0
1	0
2	0
2	0
0	0
0	0
8	0
2	0
9	0
8	7
0	7
1	0
4	0
2	15
2	15
3	0
4	0
3	0
10	0
5	0
1	0
8	7
0	0
0	7
3	0
10	22
0	22
7	0
3	0
34	0
6	0
4	0
17	2
7	0
1	0
0	0
7	0
13	0
5	0
0	0
5	0
2	0
5	0
2	0
3	0
0	65
29	78
0	13
11	0
10	0
0	7
5	7
3	0
3	0
0	5
38	5
11	0
5	0
0	10
3	10
7	0
7	0
4	0
5	0
11	0
53	0
2	0
2	0
2	0
0	0
4	0
0	0
8	0
2	0
35	34
3	34
5	0
8	0
3	0
3	1
1	1
6	0
6	0
0	0
1	0
14	0
14	0
1	0
6	0
1	1
123	0
2	0
2	0
3	0
5	0
2	0
1	0
5	7
0	7
0	0
0	0
0	0
3	0
1	0
1	0
2	4
2	4
36	0
464	0
10	0
25	0
1	140
13	141
1	36
5	0
5	0
5	0
5	0
3	0
2	0
5	0
2	35
15	35
9	0
3	0
7	0
1	0
11	0
122	0
2	0
5	0
2	0
16	0
10	0
1	0
9	42
0	42
8	0
29	0
1	3
0	0
7	0
6	0
5	0
39	0
4	0
2	0
1	0
4	0
1	0
0	1
1	0
3	0
5	0
1	0
1	0
2	0
3	0
3	0
4	0
2	0
0	0
2	0
0	0
0	4
4	1
29	0
0	134
1	134
4	0
3	0
1	0
6	0
5	0
4	0
1	0
1	0
4	0
3	0
10	0
5	0
0	0
3	0
6	0
3	0
2	0
1	0
0	1555
0	316
0	652
0	1219
0	328
0	1504
0	1168
6	0
9	0
0	0
6	0
8	0
4	0
5	0
91	0
6	394
3	394
4	426
20	1385
0	275
5	1714
83	537
1	113
1	658
557	1872
4	1718
5	0
0	1
281	608
3	608
4	0
19	0
0	5
19	5
1	0
4	0
2	2
0	2
0	0
5	2
31	0
52	9
0	9
0	5
99	0
307	0
1	70
2	103
0	43
194	108
21	130
0	133
7	114
3	194
1	86
12	193
0	139
0	136
0	142
0	145
2	74
1	97
2	425
1	1158
56	185
169	1159
12	89
2	18
4	0
0	67
3	0
1	0
46	3
1	0
11	0
3	1
11	0
13	4
1	1
68	2
3	0
9	881
21	881
373	7
1	7
28	412
6	710
14	705
28	998
1	66
3	5
5	1
6	0
57	8
0	8
190	0
2	1
2	1
4	1
2	9
4	9
0	2
134	0
0	1
20	1
42	1
6	253
0	421
0	272
1	279
0	321
0	135
0	33
0	144
0	48
0	303
0	120
4	2
0	290
0	127
0	452
0	87
0	901
0	1021
15	837
0	1073
0	833
0	951
0	896
0	1019
0	846
0	213
1	5
0	783
0	1075
0	953
0	18
0	898
0	835
10	0
5	0
9	0
0	2
131	17
1	0
0	17
0	0
6	0
1	0
0	124
21	1
1	7
1	399
0	572
6	545
27	949
0	290
1	287
9	100
21	100
0	7
10	0
21	1
156	157
2	156
0	15
3	15
7	0
15	0
4	0
4	0
3	0
0	0
66	0
24	153
2	119
0	34
0	1
2	0
3	0
3	27
19	27
9	4
0	4
57	0
0	691
0	732
0	768
0	727
2	150
21	150
21	627
20	627
6	0
8	0
2	0
2	0
0	0
2	0
0	0
1	0
0	0
5	4
3	5
8	5
3	6
79	2
1	6
0	250
0	288
0	241
0	241
0	288
0	315
16	187
4	184
0	287
0	301
0	302
0	236
0	255
2	187
0	301
2	0
0	15
3	2
126	0
4	2
4	3
1	44
11	228
18	72
0	276
0	273
1	269
2	2
5	2
18	0
1	81
0	98
0	27
0	12
1	62
1	93
0	45
0	1
0	37
11	38
1	0
6	0
5	0
1	0
0	1595
0	1596
0	1774
6	1505
0	1773
0	7
118	3
70	44
0	44
0	0
6	0
0	0
6	0
112	6
0	1
4	1
444	0
0	2
0	549
0	549
34	2
22	2
0	2
0	136
0	136
9	0
36	0
113	0
55	0
0	183
19	183
0	107
223	14
1	0
10	14
1728	0
2	61
0	8
10	61
747	8
11	0
25	0
14	0
4	0
6	0
0	0
72	0
2	0
0	0
4	0
3	0
45	0
13	96
1	96
20	1
45	5
14	18
36	3
14	27
144	0
3	3
9	0
1	3
494	1
0	13
100	301
8	301
49	0
12	161
0	161
1	182
1	182
1	182
8	23
1	0
19	6
0	30
11	395
12	356
1	395
34	0
149	0
0	188
320	188
64	3
0	3
59	0
14	75
1	75
2	20
100	25
337	0
0	2157
4	1092
0	2266
0	2533
0	2326
0	2217
0	2424
9	0
0	29
0	29
0	29
4	0
2	0
9	0
0	453
3	429
15	339
21	569
2	105
2	374
0	0
8	352
45	569
14	1359
290	1359
639	0
313	0
17	0
3	254
9	254
67	0
0	51
10	0
2	0
4	0
20	0
8	44
7	107
24	11
16	17
13	63
0	9
2	0
29	824
80	824
19	1
3	27
4	5
1	5
226	0
48	45
9	91
0	91
0	2
1	0
34	2
41	0
40	377
4	377
127	1
9	0
158	6
54	36
49	37
23	31
0	2
3	25
3	26
0	1
0	1
54	13
0	24
26	37
4	36
12	0
4	1
27	0
39	1
5	0
0	0
2	0
3	0
2	0
1	5
1	2
1	3
30	0
3	0
1	4
0	4
3	1
7	19
9	72
4	0
0	134
28	170
1	120
3	170
11	61
8	20
4	20
3	91
33	128
51	128
1	85
1	2
28	2
6	0
3	0
9	0
1	0
3	0
4	0
0	58
778	58
0	1
6	1
4	0
7	138
12	137
363	1
10	0
0	1045
0	776
0	480
0	783
0	776
0	1052
0	783
0	81
6	81
10	0
39	36
0	36
0	153
0	196
9	197
0	216
0	133
0	23
48	173
332	1431
10	1431
232	1063
30	890
4	586
131	0
0	55
334	55
379	0
30	0
16	0
21	0
1	0
32	0
0	15
1	15
207	0
1	11
148	11
0	681
0	648
0	599
0	627
0	660
0	566
6	0
3	0
28	116
5	116
3	116
12	1
21	36
32	37
1	25
72	387
19	416
0	4
23	11
1	0
3	0
2	0
10	0
21	1
6	0
0	0
61	943
1	934
1	443
4	943
0	0
11	0
0	6
0	0
13	6
12	86
2	86
1	2
1	2
0	2
59	0
0	44
20	44
0	243
9	220
2	193
45	176
85	168
9	168
22	15
3	15
342	73
2	105
43	105
2	73
0	3
31	5
2	79
42	79
73	2
0	2
244	3
6	116
3	116
3	21
0	21
11	8
3	3
36	0
133	34
20	423
4	59
2	445
65	0
138	0
37	0
20	0
6	0
9	0
3	0
11	0
120	0
224	0
21	0
21	0
0	95
0	374
0	123
0	287
0	281
0	402
0	408
0	380
91	10
0	10
14	85
103	465
7	465
0	0
198	12
2	12
381	169
2	4
171	4
211	0
0	166
464	0
0	44
4	570
1	343
0	271
3	137
5	0
13	0
3	0
2	0
57	0
6	34
2	34
131	0
80	0
0	8
8	8
3	118
124	118
0	154
2	136
0	200
17	26
1	0
17	38
7	38
33	14
6	14
438	0
0	423
15	398
265	392
2	0
4	488
5	0
13	372
40	471
3	0
76	0
54	0
2	0
46	3
28	0
0	189
0	194
0	183
2	23
0	203
3	176
0	197
0	9
1	97
0	116
0	108
3	9
10	87
3	6
3	84
0	76
0	303
0	183
0	284
0	289
0	169
0	270
3	13
2	18
6	1
0	0
15	14
1	15
11	73
0	7
0	4
1	73
4	2
7	7
5	0
1	0
1	0
11	0
5	0
8	0
4	0
16	1
2	0
2	0
4	1
8	2
7	10
21	11
3	9
2	9
6	8
0	9
0	0
0	7
0	64
0	133
1	9
20	3
4	5
1	1
0	6
2	4
1	136
6	0
1	0
0	22
20	52
0	185
0	20
0	175
0	2
5	6
8	6
2	0
0	392
0	400
0	399
0	391
0	197
171	1229
616	1229
0	327
11	265
6	327
3	157
1	0
4	1
0	0
0	1
0	1
2	110
3	101
0	101
0	203
7	463
2	463
0	9
0	763
0	871
4	11
165	12
0	935
0	948
0	686
0	858
208	0
52	0
272	0
1	0
2	885
2	3705
20	1077
69	3333
2	137
3	138
0	137
2	138
0	137
186	0
94	210
40	209
0	1108
0	1147
0	1132
0	1171
8	0
0	7
13	7
5	14
0	14
2	64
0	64
4	18
0	18
1	3
17	3
0	60
0	23
113	83
231	347
7	347
2	82
6	0
0	2324
1	362
69	24
46	2297
0	2
0	16
18	9
2	188
2	2
9	67
0	1396
37	258
0	1514
0	1639
0	1521
188	0
127	0
136	0
9	524
19	485
92	490
230	0
39	575
6	189
1	568
2	8
19	3
1502	3
0	13
48	13
79	0
5	0
2	0
2	6
73	0
8	0
11	0
764	0
0	8
1	12
195	216
19	210
21	426
3	51
2	52
11	9
3	4
254	52
5	1
334	0
2	2
7	3
1	4
0	0
4	2
1	90
12	90
11	29
3	29
3	1
5	0
3	0
7	0
0	0
201	5
0	5
3	0
2	10
187	10
5	35
0	7
3	7
3	35
26	267
26	267
2	0
0	0
0	206
7	206
236	0
0	0
6	0
0	15
0	4
2	1
28	13
0	45
0	3
0	0
44	42
0	41
1	20
0	11
5	1
0	0
2	5
0	0
3	10
1	2
0	0
2	2
2	644
269	650
2	6
0	452
0	446
0	348
0	489
0	189
0	457
5	382
2	0
132	0
2	0
125	0
242	0
17	0
25	0
38	0
228	0
0	70
28	437
14	437
0	514
0	517
0	509
0	581
0	688
0	680
0	752
0	573
0	744
0	406
2	0
2	0
0	0
4	0
1	0
0	1
14	1
6	41
0	292
45	292
7	41
0	41
14	0
0	40
18	550
22	153
491	743
2	0
0	0
0	40
9	40
12	0
14	4
2	80
0	306
0	465
8	250
8	155
0	94
0	699
0	433
0	772
12	359
0	402
0	329
1	0
5	0
1	0
14	264
43	264
205	0
0	0
30	398
8	398
82	0
0	336
535	457
0	124
0	142
155	914
49	914
0	123
1	124
0	142
0	123
7	791
6	1008
326	945
0	151
5	0
200	0
153	0
0	815
0	774
0	246
0	765
0	806
0	255
78	0
0	384
0	376
2	384
0	376
0	1
71	0
0	476
1	603
22	576
5	21
74	1057
0	21
34	191
2	0
161	259
10	259
2	946
8	946
4	0
50	0
1	0
1	0
5	0
0	58
14	285
6	299
0	74
0	68
0	84
0	289
62	0
2	0
6	0
4	84
0	37
0	44
5	103
0	111
0	91
0	81
0	9
0	9
0	8
51	0
16	0
9	248
29	248
0	47
23	336
85	336
204	0
4	88
8	503
0	389
4	486
20	0
1	0
1	0
1	0
11	0
6	2
0	1
12	0
0	5
0	2
32	12
3	2
0	7
2	15
18	232
0	12
0	302
0	170
6	19
9	5
3	2
11	16
0	303
0	169
0	557
0	536
0	578
0	557
4	192
2	513
1	147
0	17
8	0
20	0
1	0
6	0
7	0
3	0
8	0
44	0
118	0
141	0
207	0
17	334
2	640
0	639
0	339
0	102
0	346
12	308
0	115
9	294
0	327
260	0
2	0
3	0
0	0
110	0
11	0
414	12
47	804
8	804
0	103
0	154
0	101
2	8
0	66
14	5
0	156
29	5
105	0
676	0
4	0
69	121
20	119
0	1
119	1
0	1
0	2
5	1
0	0
6	0
4	0
1353	0
0	28
44	28
34	30
0	30
40	554
23	554
0	422
0	417
0	421
0	354
0	350
0	351
0	355
0	418
19	0
1	38
0	5
182	5
248	8
12	8
10	121
3	113
0	121
2	6
0	0
1	0
2	0
31	0
0	89
0	89
5	0
7	0
1	0
8	0
28	323
26	323
14	114
5	114
14	38
1	1
0	1
65	1
6	144
6	144
96	1
0	1
0	1
0	0
0	371
0	734
49	787
5	62
0	1107
2	277
1	477
0	1206
0	1206
0	1107
0	846
3	691
0	1191
0	1187
9	0
1	0
2	0
0	213
49	213
5	0
784	0
407	0
0	298
23	725
2	226
3	629
0	322
0	376
0	574
0	0
43	555
0	383
1	169
0	4112
0	3400
0	4267
0	3555
11	0
10	0
35	0
11	0
2	0
21	0
2	1
3	0
750	0
76	0
0	388
0	402
0	195
2	6
0	396
0	410
0	181
56	18
1	18
15	34
6	34
47	0
26	9
348	9
0	66
409	71
0	24
0	631
0	647
0	428
0	412
0	389
0	355
2	17
183	338
25	281
9	717
2	258
9	615
0	17
0	79
0	0
0	186
2	186
91	1
51	2
0	3096
0	1887
0	1868
0	3115
98	824
0	40
0	40
18	0
2	1
1	0
3	0
5	0
1	0
5	0
0	0
158	0
0	0
0	184
0	159
0	184
0	184
0	159
0	159
0	172
0	53
0	221
2	221
0	28
0	53
349	0
2	151
4	105
2	22
1	154
6	0
128	11
6	0
223	11
0	11
18	0
47	0
3	0
2	0
157	9
0	9
4	33
9	33
299	0
23	38
5	583
2	38
36	833
174	1416
514	1
8	126
3	309
0	175
1	106
58	293
0	169
2	4
239	4
184	4
474	0
0	0
0	381
3	127
0	370
0	373
0	364
0	380
0	367
0	214
0	376
0	361
0	215
0	371
0	223
0	379
0	372
0	388
121	3
237	187
2	9
1	27
4	125
2	160
5	66
5	0
2	0
192	2
0	2
152	280
4	280
5	0
0	38
342	70
0	32
0	32
0	32
71	11
0	32
2	11
4	0
1	0
2	0
2	0
95	0
0	95
21	182
5	194
0	100
56	0
2	1
7	0
13	369
2	369
0	6
2	4
5	4
3	68
34	68
85	112
4	241
11	246
0	5
6	0
26	0
103	105
6	2
20	0
86	0
1051	348
2	348
12	0
58	0
1	0
1	0
0	0
7	0
3	0
4	0
0	0
1	0
1	0
12	629
36	629
1	2097
0	1187
6	2067
0	2083
0	1848
0	2126
0	1349
14	1989
2	478
0	2010
3	0
4	0
0	0
6	9
0	7
1	2
2	1
1	71
9	378
20	378
0	2
0	6
2	28
0	136
21	0
0	14
3	6
0	277
2	0
0	612
0	442
12	13
0	12
2	2
0	556
7	9
0	504
0	4
2	47
0	380
0	15
1	9
44	0
0	498
0	188
0	244
4	228
0	4
0	262
0	390
0	11
1	2
0	0
1	0
3	0
1	0
4	0
58	0
1	19
2	19
4	9
1	13
0	12
17	0
46	21
0	21
3	19
1	19
0	91
27	91
7	31
159	31
9	566
22	578
2	580
175	0
0	17
2	17
386	0
122	0
23	0
0	262
0	764
0	28
0	209
24	40
1	519
0	711
4	395
0	273
5	0
34	0
3	0
0	0
3	0
12	0
0	30
1	16
1	30
0	1
16	1
20	3
1	11
9	31
573	42
8	292
13	292
0	2
184	2
0	182
24	182
18	13
25	29
2	73
5	29
6	0
6	0
2	3
7	3
0	0
3	0
226	0
0	114
127	114
0	104
291	104
3	27
0	27
6	308
27	308
107	0
0	722
6	771
68	814
11	813
15	1
7	658
22	145
3	38
10	658
0	0
0	0
1	0
11	139
101	139
0	11
2	21
6	21
15	2
5	17
1	17
0	16
3	2
35	0
2	686
305	741
0	744
425	0
65	0
0	3
5	13
2	11
11	2
9	1
0	1
0	3
1	0
2	2
1	2
0	14
0	10
6	1
5	1
3	7
1	0
1	0
5	0
14	0
431	0
21	0
61	0
1	0
1	0
301	0
0	93
0	93
1	744
0	93
5	512
0	761
0	76
5	0
293	9
28	9
9	236
1	236
78	0
0	0
0	8
6	24
1	24
3	0
0	60
9	60
0	0
1	0
7	15
0	4
3	16
4	1
32	9
3	1
14	30
1	9
2	30
0	5
23	3
4	19
2	2
113	0
209	0
2	270
0	268
1	251
0	253
0	112
0	126
6	207
0	350
0	364
45	17
6	17
5	0
0	0
9	0
0	0
26	1
17	22
60	30
3	75
0	36
10	102
7	0
9	46
2	46
94	0
33	0
1	9
1	9
118	0
44	0
2	2
22	1
104	2
12	4
11	0
0	354
2	153
0	513
0	337
0	496
4	0
51	333
2	11
18	4
0	708
3	699
0	337
0	26
4	65
24	10
71	65
4	151
0	188
37	0
4	0
79	30
11	0
2	30
0	46
1	52
0	46
0	46
2	0
2	0
2	0
2	0
0	210
0	476
0	462
6	195
5	1
6	100
0	441
0	497
30	0
5	0
0	0
3	0
15	0
3	0
12	0
10	283
0	852
0	718
1	192
2	194
4	194
0	192
1	191
0	15
0	398
0	756
0	426
0	815
0	548
0	489
4	963
0	2167
0	2191
0	2246
40	702
0	2112
0	1
0	4
8	94
0	321
0	165
65	92
0	355
0	369
0	129
1	2
0	199
0	187
0	163
0	335
0	173
5	3
5	0
6	0
4	0
2	0
1	0
0	1
3	1
1	2
2	2
1	2
3	0
7	0
477	0
9	4
0	2
0	9
6	0
4	0
0	0
13	109
14	73
80	93
0	0
0	3
18	91
0	57
5	0
0	37
13	1
3	0
0	0
8	1
7	0
2	0
1	0
36	0
5	0
4	11
4	11
410	357
20	167
3	167
2	458
5	3
1	6
1	6
3	63
0	63
0	43
25	43
2	134
3	177
15	220
233	16
54	547
4	547
0	208
0	461
0	461
0	208
0	171
0	197
17	125
0	123
0	149
259	44
2	45
2	1
0	0
6	2
1	0
0	0
5	0
4	0
10	0
0	0
4	78
0	43
0	66
7	0
0	46
0	77
0	389
0	51
0	377
0	58
0	74
0	43
0	386
0	386
0	382
0	394
4	0
1	0
3	0
3	0
6	0
3	0
24	0
4	0
9	0
7	0
7	0
2	0
3	0
0	0
10	0
7	0
0	0
1	0
1	0
2	0
4	0
2	0
4	0
0	0
2	3
3	0
6	0
9	1
0	0
4	0
8	0
2	0
2	0
9	0
5	0
1	0
2	0
1	0
0	0
2	0
2	0
3	0
11	0
3	0
80	0
1	0
5	0
1	0
2	0
1	0
2	0
3	0
1	0
2	0
6	0
1	0
1	0
0	0
2	0
3	0
3	0
4	0
3	0
7	0
3	0
4	0
7	0
0	0
2	0
3	4
6	0
3	0
6	0
6	0
5	0
4	0
7	0
8	0
4	0
1	0
2	0
2	0
2	0
4	0
6	0
4	0
3	0
3	0
1	0
10	0
1	0
1	0
3	0
10	0
2	0
9	0
11	0
5	0
2	0
1	1
4	0
5	0
3	0
3	0
4	0
23	24
0	24
6	0
13	0
0	0
8	4
0	4
2	0
4	1
2	0
5	0
3	0
4	0
0	0
6	0
27	0
0	35
0	35
5	0
2	0
1	0
0	0
3	0
2	0
8	0
7	0
2	0
1	0
0	77
58	77
4	0
6	0
5	0
4	0
3	0
2	0
3	0
4	0
1	0
2	0
4	0
3	0
1	0
3	0
1	0
2	0
3	0
0	0
0	0
14	0
3	0
3	0
11	0
0	0
2	0
1	0
1	0
2	0
0	0
107	0
6	0
0	3
1	3
3	0
231	0
3	0
6	0
22	0
0	0
4	0
3	0
1	0
4	0
1	0
2	0
4	0
3	0
2	15
0	15
2	0
0	0
0	0
0	0
32	0
4	1
3	0
1	0
10	0
0	15
51	15
1	0
2	0
17	0
3	0
2	0
15	0
5	0
2	0
1	0
2	0
2	0
7	36
0	36
1	0
27	0
5	0
4	0
10	0
4	0
1	0
4	0
4	0
10	0
2	0
4	0
2	0
2	0
6	0
3	0
4	0
4	0
7	0
0	0
0	0
1	0
4	0
3	0
5	0
7416	5
4	0
4	0
1	0
7	0
32	0
3	0
1	0
0	0
21	0
2	0
2	0
5	0
8	0
3	0
16	0
16	0
2	0
1	0
4	0
8	0
1	0
3	5
3	5
2	0
9	6
3	0
5	0
4	0
2	0
5	0
29	0
3	1
0	1
2	0
23	0
4	0
42	0
2	0
20	0
34	555
119	555
19	1
0	1099
0	919
0	1225
0	851
0	1293
11	904
46	207
0	1167
2	1
162	0
834	8
1	8
4	283
199	283
0	16
37	882
6	881
51	882
0	9
2	0
0	1448
0	1449
0	1125
21	2
0	1496
0	2
0	1078
16	58
0	1401
32	0
132	0
18	0
87	3701
3987	3701
1	0
5	1
1	1
5	56
7	6
5	143
0	18
1	30
5	12
2	9
1	13
0	20
6	153
1	18
3	1
23	14
3	1
1	0
7	0
11	0
2	0
5	1
100	0
22	0
46	0
8	0
129	685
47	1304
9	636
103	1989
1	206
0	103
18	1396
229	2159
1	1488
6	2159
3	463
269	1396
7	6
63	69
6	0
6	0
5	0
1	0
2	0
63	0
531	201
3	201
140	0
1172	0
21	188
1	10
0	188
203	0
2	17
36	17
78	1227
4	1227
0	0
22	1116
62	1080
0	1247
0	1264
0	206
43	1
5	0
5	0
2	0
6	0
5	0
6	0
0	22
129	26
2	2
138	2
0	346
3	326
0	340
0	313
10	1
0	373
0	160
5	336
0	193
596	0
4	0
1	0
6	0
7	0
2	99
36	99
0	12
0	372
0	337
0	393
0	414
0	351
0	379
0	556
4	197
0	615
0	416
0	318
1	266
0	713
6	445
1	266
2	43
0	259
1	24
12	244
10	1660
231	1660
1253	0
0	44
0	33
0	33
0	27
239	24
0	39
9	0
16	0
9	0
2	0
7	0
0	0
2	0
15	0
1	12
2	12
0	114
51	116
1	2
68	0
3	0
1	0
2	1065
12	7
9	1102
0	971
0	167
0	1
18	0
10	0
5	0
2	0
3	0
5	0
1	0
0	0
3	0
10	0
6	0
10	177
11	177
0	0
3	43
30	66
0	23
301	257
2	257
73	172
0	182
4	179
1	84
33	87
47	903
116	903
0	0
2	62
309	1302
4	1033
3	983
76	2054
136	25
0	268
0	271
0	271
0	268
0	25
0	0
29	0
2	0
0	3
0	3
0	8
3	8
25	0
7	6
0	1
0	5
0	1595
0	1900
0	1888
0	1919
0	1576
0	1919
0	1888
0	1593
0	1900
0	1564
0	1917
0	1917
15	0
2	0
5	0
3	0
1	0
1	2
0	2
13	1
14	0
13	0
10	1
8	0
7	0
7	0
10	49
1	33
149	83
0	1
11	10
0	10
10	1
14	3
1	0
5	0
11	0
2	0
1	5
18	66
44	66
5	0
0	0
58	2
34	3
112	2
2	53
8	53
1	0
55	71
5	71
11	46
0	46
24	255
5	251
2	4
3	6
0	6
39	0
0	474
0	473
0	513
0	434
314	0
19	0
212	2
19	0
3	0
2	1
1	0
3	0
1	0
10	0
1	0
68	0
5	0
2	8
2	7
14	0
0	1
0	1
0	0
1	0
1	0
0	0
1	5
63	24
13	5
1	22
0	17
26	17
9	17
0	11
1	12
54	12
2	0
0	4
0	0
1	1
11	0
1	13
0	21
3	3
7	26
0	6
1	21
2	76
5	17
0	9
4	55
0	82
0	82
0	524
0	652
0	433
0	594
19	2179
0	341
0	366
0	634
0	388
23	3030
0	537
0	626
0	408
0	459
0	208
0	507
0	574
0	447
0	566
584	4312
0	300
0	400
0	537
0	354
0	390
9	3610
1	2746
0	572
0	599
0	416
0	560
0	632
7	1
24	1
1	0
2	0
12	0
1	0
0	1
0	1
0	4
13	4
140	0
4	208
3	208
1	104
41	32
0	32
0	801
0	800
3	802
0	504
0	398
10	487
0	415
32	24
621	25
1	1
226	0
7	0
433	0
3	0
4	1
23	0
1	0
8	0
2	0
0	0
8	0
2	0
89	1352
54	1352
14	760
8	0
1	0
7	0
2	0
0	0
1	0
2	0
0	13
18	13
45	1
10	1
2	1
0	47
99	47
19	43
9	43
0	30
0	60
24	59
41	412
1	13
22	412
127	0
2	7
51	7
1	76
0	272
0	276
3	289
0	285
1	1
21	428
11	354
0	428
3	16
4	119
98	134
1	113
835	113
4	0
22	321
0	6
3	280
15	160
0	300
1	301
10	173
5	173
1	0
3	0
3	0
3	0
1	0
10	17
0	17
9	0
3	1
0	1
22	0
1	7
5	10
278	72
8	62
2	2
7	274
60	520
29	207
0	557
1	7
0	43
3	43
0	15
5	19
3	15
83	2
13	8
1	8
0	3
5	1
18	0
9	870
185	870
9	451
4	341
0	11
127	792
16	3
11	1
6	0
2	0
15	12
2	12
2	0
2	48
3	48
261	0
146	0
8	0
127	28
2	28
14	71
0	71
1	17
2	26
133	26
0	39
0	174
21	22
0	156
0	172
0	154
13	635
221	643
32	0
5	0
4	0
0	265
0	260
0	259
0	261
0	278
0	233
0	272
0	186
0	135
0	216
0	165
60	0
2	12
27	217
1	205
73	0
0	2338
0	1794
0	2337
218	2073
0	1795
0	148
0	799
6	1450
0	517
0	503
0	994
0	784
3	13
4	22
0	1669
59	105
1	0
0	0
101	0
2	28
2	27
370	1
0	227
0	236
0	191
0	200
0	461
0	430
5	401
1	219
0	446
0	445
0	31
0	2399
0	2244
32	56
0	1576
0	2387
0	2256
0	1433
11	0
5	0
1	0
0	0
57	239
1	66
35	239
4	221
0	485
23	482
3	224
14	421
8	222
10	222
13	3
22	0
1	40
50	40
68	22
0	22
0	368
0	419
0	328
0	2
0	339
0	408
0	357
0	0
13	11
0	11
119	9
0	10
5	10
0	6
11	86
0	21
5	86
0	25
0	113
89	113
13	0
0	257
172	257
31	0
81	0
0	15
0	56
310	71
48	0
256	223
10	223
154	0
1	0
0	142
0	129
0	166
0	153
0	194
0	390
6	132
0	325
0	365
0	234
0	113
0	350
2	65
27	3
5	16
2	5
0	158
0	162
1	16
0	17
0	159
0	163
13	0
2	0
1	0
7	0
4	0
3	0
8	0
5	0
4	0
2	0
156	0
127	0
0	57
1521	57
0	0
5	0
0	0
0	0
152	0
36	0
101	0
0	0
1	411
0	14
31	411
2	0
2	0
5	144
0	48
0	38
4	164
171	34
1	34
14	15
59	15
7	0
28	0
22	0
0	64
8	48
0	59
0	64
0	7
4	12
3	19
1	2
5	6
0	17
0	3836
4	623
2	13
0	3319
0	3507
0	3648
11	570
25	13
0	13
8	0
0	91
78	91
0	1386
0	637
0	1120
0	1038
0	1550
0	2072
0	473
0	2236
0	2
0	2
0	2
10	0
4	0
0	0
0	0
8	1
0	1
7	0
0	915
0	921
1	975
2	13
1	245
0	981
2	0
28	948
69	948
0	9
36	768
8	0
1	0
8	0
1	0
0	0
0	1
0	613
0	373
0	296
0	601
0	306
0	596
0	604
0	610
0	327
0	316
0	328
0	320
0	371
0	298
0	606
0	326
42	264
2	0
0	608
0	599
0	323
0	611
0	601
0	603
0	0
5	0
4	125
0	126
2	335
0	120
1	329
0	44
0	38
15	0
0	22
29	22
0	85
75	85
5	0
2	5
7	5
3	1
0	1
5	1
30	2
7	8
1	8
0	129
134	129
78	43
0	43
1	5
308	5
6	110
0	106
181	3
2	0
5	238
180	164
35	237
0	3
0	6
261	9
0	139
51	274
52	273
0	383
80	294
1	306
319	162
20	301
74	0
3	581
20	581
2	0
12	3
1	0
2	0
4	11
1	0
3	1
6	1
76	57
4	57
2	183
10	183
1	3
0	75
0	66
0	87
0	54
1	35
19	4
0	12
13	2
1	39
0	0
0	379
4	370
16	346
0	0
68	636
65	636
96	0
47	0
0	241
16	241
76	0
14	0
0	0
2	0
4	0
2	0
27	0
22	0
1	103
8	103
623	0
8	0
2	0
62	134
0	128
0	6
2	4
112	4
4	117
291	120
1	0
2	0
23	0
0	9
39	9
0	8
5	8
3	32
0	32
0	5
50	192
58	374
7	183
170	25
0	25
2	1383
0	133
9	1533
4	234
2	34
0	283
17	1084
0	11
33	0
0	0
162	8
0	8
0	11
5	45
0	45
0	516
0	436
5	327
0	537
0	368
0	401
0	267
0	502
0	415
3	158
0	158
4	281
8	281
181	0
11	0
17	0
13	0
12	0
4	0
15	0
5	0
7	0
6	0
13	0
0	5
0	5
0	0
2	5
14	140
14	48
2	1
2	60
34	194
9	53
34	77
5	3
27	196
0	60
0	0
3	0
1	60
1	65
1	1
1	1
36	0
0	0
6	0
4	0
2	0
1	0
0	238
0	250
0	1420
0	1408
0	0
5	5
2	6
6	6
1	6
8	10
2	2
0	17
16	5
12	28
3	10
20	53
3	43
51	40
20	16
10	6
20	15
3	2
0	18
0	18
2	3
4	1782
70	72
0	1040
0	3293
0	0
2	1339
1	3261
0	122
8	2077
0	125
96	0
27	0
1	0
5	0
0	0
0	11
12	11
136	6
13	6
4	0
0	672
19	18
0	798
16	647
0	773
23	0
0	401
0	816
0	426
0	841
0	403
1	124
4	0
210	446
2	446
0	2
2	2
0	1
6	1
0	8
217	7
10	512
31	512
0	540
5	381
0	531
0	979
0	957
0	988
0	966
2	523
4	872
39	0
13	347
0	83
10	0
23	0
55	273
6	199
14	74
36	151
4	38
12	203
117	203
0	0
0	1
9	1
49	0
1547	0
1	13
0	13
1	10
19	3
0	10
2	57
0	45
0	16
0	38
0	43
0	23
0	31
1	0
0	7
0	38
8	1
10	0
1	0
20	5
0	98
1	6
0	104
1	49
8	44
6	9
0	1
60	0
12	3
41	0
0	1
3	0
3	71
0	200
0	73
0	398
0	565
0	559
107	1
0	408
3	37
0	0
0	11
3	11
1	0
1	0
1	1
1	1
2	138
1	138
1	136
635	0
19	547
57	448
83	547
2	34
0	263
0	247
1	83
0	268
0	252
120	29
2	29
3	22
0	291
0	344
4	271
0	434
0	487
47	23
15	31
215	0
541	0
3	0
33	0
27	0
2	0
0	168
0	55
0	58
0	176
0	90
0	171
0	173
0	87
0	78
33	1
11	0
18	0
0	752
0	718
0	524
0	490
0	345
1	177
0	10
0	10
2	0
1	0
6	0
8	0
0	0
17	0
170	5
0	5
235	0
80	30
19	30
0	175
0	43
1	182
0	50
0	3
13	1
0	1641
63	19
0	1460
0	1756
0	1575
293	0
0	1097
0	805
0	216
0	508
1	43
0	44
0	44
0	44
31	0
14	0
5	0
1	0
1	0
1	0
4	1181
0	324
0	323
4	1180
63	0
4	75
9	75
0	430
8	1012
0	450
15	1012
11	74
2	74
39	42
294	0
140	0
270	0
265	0
0	504
0	391
0	10
0	686
3	771
0	799
2	22
0	10
0	5
0	5
20	218
3	87
0	219
0	209
0	0
139	0
12	0
155	4
6	0
23	0
0	0
0	0
10	0
8	0
1	0
125	22
27	0
0	165
2	44
0	151
1	69
1	124
1	29
4	569
95	569
39	4
191	97
2	97
148	434
2	434
11	0
0	0
23	6
6	6
273	2
3	47
0	11
4	3
0	1
0	38
1	0
100	0
1	0
1	0
5	0
3	0
22	13
37	12
5	1
0	0
1	0
0	7
0	8
0	13
0	12
41	557
0	557
9	648
62	641
6	486
22	137
2	114
7	612
0	600
20	432
2	357
12	0
2	0
5	0
1	0
0	36
20	36
56	0
1	0
7	146
425	146
33	559
12	562
3	349
6	157
2	29
12	1445
18	1500
4	781
4	1060
10	1757
135	1757
53	0
30	0
2	0
63	0
73	0
111	0
7	0
3	0
3	0
4	0
57	0
6	7
0	6
1	6
0	7
6	7
113	110
31	118
24	0
34	0
229	0
1	35
4	568
0	15
12	568
427	0
0	486
0	564
0	320
2	119
0	475
0	331
0	553
0	215
3	215
1	1
4	16
92	1859
116	1942
2	428
2	429
31	0
28	0
13	0
1	0
31	0
9	0
22	0
1	0
3	0
1	0
131	0
15	158
1	158
111	0
0	24
59	73
0	49
36	0
32	0
52	0
6	32
0	32
3	114
15	663
3	9
0	695
1	663
105	663
0	1
0	123
0	94
0	4
0	16
0	82
0	135
0	57
0	29
4	29
0	4
212	63
0	264
0	117
2	62
120	266
12	5
66	0
6	0
2	0
0	0
2	0
7	0
1	155
1	155
0	64
37	64
18	464
5	464
24	0
0	0
11	0
0	48
19	0
2	48
24	0
306	0
145	0
4	76
0	339
1	757
4	1664
74	1740
2	833
0	1338
0	1338
1	5
0	319
26	319
4	0
3	0
3	0
379	0
102	0
117	0
0	0
2	0
6	0
12	0
0	350
14	577
1	70
17	70
20	577
15	0
1	0
1154	0
0	0
2	36
3	35
0	0
7	1
0	2
1	541
3	527
0	0
2	537
1	523
86	0
2	880
23	880
0	2
1	0
0	0
2	2
0	2
0	304
0	326
0	236
0	258
0	68
0	523
0	524
0	166
0	521
0	164
0	522
18	0
0	4
1	4
0	4
6	0
0	0
1	0
2	0
9	133
20	217
234	350
180	1310
4	725
18	1309
0	3
0	3
125	0
3	0
0	327
3	327
282	0
84	0
0	303
35	147
0	338
0	434
2	280
0	415
0	85
0	35
16	135
0	85
376	0
378	0
50	0
0	10
3	10
0	13
5	14
1	0
3	224
5	204
5	20
3	0
34	261
282	270
0	9
5	0
13	0
14	0
6	0
5	0
8	3
5	0
1	0
5	0
1	0
1	910
6	800
1	221
0	414
38	1362
7	895
2	160
7	429
0	0
101	0
0	238
0	316
0	250
0	314
0	132
0	314
0	198
0	200
0	3
0	315
1	14
8	11
2	314
0	314
0	125
0	125
0	134
0	314
14	0
0	248
0	238
1	202
16	444
1	531
1	22
3	229
2	323
0	11
20	0
56	5
6	0
0	5
5	1479
24	940
3	1709
4	3123
195	3353
53	246
194	235
5	0
0	205
2	0
9	0
23	0
18	0
4	0
2	0
0	0
1	0
2	17
0	17
23	3
2	3
0	269
0	270
0	312
0	311
28	237
7	237
226	0
551	0
9	389
2	64
541	325
0	285
0	7
0	785
0	572
0	772
0	945
0	958
177	0
0	77
0	77
1	77
0	77
1	80
2	80
35	0
2	0
7	0
2	0
2	0
5	0
0	1
10	1
105	3
4	3
10	3
1	4
0	3
4	10
0	6
0	0
0	0
32	0
7	109
20	109
33	0
2	57
5	57
2	253
7	171
142	98
28	311
5	58
0	62
19	886
12	886
1	759
0	650
0	604
0	599
2	118
0	354
0	261
0	195
0	288
27	0
63	0
10	0
11	0
3	0
5	0
12	0
0	13
0	10
0	14
0	11
7	1
0	20
0	16
0	19
0	21
0	23
3	1
3	2
0	14
5	12
0	24
0	17
1	1
0	19
0	22
0	11
6	0
0	14
0	10
5	12
0	15
0	2
2	0
95	0
10	3
3	0
6	0
8	0
64	0
0	978
0	939
0	931
0	945
0	964
0	906
0	544
0	961
0	291
0	994
0	324
0	591
0	558
0	519
0	607
0	574
404	412
0	412
173	0
300	0
130	0
102	0
7	0
3	0
5	0
3	0
213	194
10	194
0	18
0	3370
3	992
48	961
0	3297
24	3376
2	538
129	0
4	3
7	3
5	0
3	0
0	0
2	1
0	1
0	5
0	0
6	6
1	6
9	10
17	944
1	2
0	1523
19	451
2	932
0	436
14	260
27	0
0	403
0	404
5	147
0	399
0	0
0	403
0	0
13	0
0	0
8	0
0	0
0	81
0	76
0	62
0	60
0	67
0	55
0	5
22	18
21	0
5	0
101	0
2	667
8	22
7	387
0	1310
9	1167
0	1
1	1025
124	1676
4	1309
14	367
5	1170
0	0
11	0
0	0
158	0
17	0
136	2
0	2
0	401
0	12
0	477
0	477
0	481
0	480
0	477
0	477
0	480
0	480
0	478
0	480
26	313
0	51
12	364
45	42
0	3
8	162
46	162
74	273
79	273
5	91
0	12
0	16
0	463
18	89
0	484
0	378
0	357
0	474
0	367
0	495
4	6
0	18
0	75
0	18
1	2
0	22
38	182
0	23
6	52
0	80
7	49
0	47
0	79
57	158
3	1
1	20
0	18
0	0
0	406
0	405
5	255
0	386
0	387
75	1266
1	915
2	1265
30	0
8	0
3	0
18	0
2	0
6	0
1	0
13	0
4	132
56	132
10	72
0	72
1	0
47284	10
77	0
470	0
17	265
0	1248
4	1242
0	1124
6	25
1	1249
1	9
0	1125
0	171
0	57
4	0
1	0
1	5
0	5
157	0
940	0
1	503
0	1690
6	11
0	2032
0	2324
0	2351
0	1485
0	3632
8	742
0	956
0	1248
0	2556
0	2766
18	364
25	364
1	0
2	0
1	0
0	0
8	0
0	0
6	251
33	251
0	0
0	77
0	76
0	8
0	7
0	0
0	36
6	209
0	209
1	0
6	0
6	8
0	8
23	14
3	14
3	328
0	0
10	291
0	117
0	322
0	380
0	148
0	157
0	90
5	170
0	291
20	22
0	188
0	349
91	0
4	403
0	26
1	0
0	36
0	436
0	426
0	23
6	15
0	13
0	55
0	55
2	0
15	0
11	0
2	0
7	0
3	0
10	0
1	0
10	77
7	76
55	17
0	17
468	0
2	166
33	208
15	207
307	0
328	379
10	379
0	20
0	562
8	98
0	368
3	739
0	840
0	393
0	39
0	537
5	705
331	464
0	20
312	0
9	0
12	0
2	0
13	0
4	0
7	0
2	0
1	0
0	0
6	0
0	0
5	0
7	0
4	0
5	0
32	0
2	0
3	0
0	0
0	0
0	0
2	10
0	10
3	0
8	0
79	0
2	0
7	0
3	0
2	0
1	0
10	0
9	0
3	0
0	0
2	0
3	0
8	0
1	0
2	0
1	0
1	1
1	1
3	0
3	0
3	0
4	0
4	2
5	0
2	0
2	0
0	0
0	0
3	0
8	0
9	0
3	0
4	3
0	0
1	3
9	0
3	0
6	0
2	0
5	0
2	0
1	0
1	0
2	0
13	0
0	3
2	0
1	3
0	0
3	0
5	0
1	0
13	0
7	0
7	0
1	0
2	0
0	0
2	0
2	0
10	0
1	0
8	0
8	0
6	0
3	0
12	0
5	0
0	0
1	0
336	0
6	0
8	0
4	0
4	0
0	0
1	0
1	0
1	0
2	0
1	0
1	0
3	0
6	0
1	0
4	0
1	0
0	0
2	0
0	0
1	0
0	0
3	0
1	0
0	0
0	0
1	0
2	0
3	0
0	0
4	0
5	0
3	0
1	0
1573	2
0	1
2	0
2	13
1	22
1	0
13	35
3	13
2	8
2	0
90	25
1	21
0	24
1	1
0	63
8	63
88	25
1	0
1	25
6	0
0	278
0	1036
0	284
0	1042
3	16
47	16
131	0
1403	57
0	32
2	57
0	3
0	96
0	224
0	274
35	191
0	46
4	37
656	37
84	0
21	0
2	0
23	1
4	0
0	289
0	274
0	21
1	246
2	196
0	0
2	8
5	276
0	90
0	83
3	19
6	0
4	0
10	0
64	0
11	26
0	0
0	26
91	0
108	0
68	1
45	0
21	262
24	262
0	685
0	779
0	204
0	298
148	315
215	315
1	0
0	131
0	116
0	1
0	160
0	175
143	0
10	0
22	0
207	0
21	0
39	1
1	0
3	0
14	0
2	26
4	26
3	20
4	52
4	223
10	214
4	173
307	0
6	15
2	12
0	16
0	183
0	314
0	134
0	164
0	112
10	125
0	161
0	333
1	15
7	103
7	0
0	36
3	44
0	52
6	15
0	15
30	16
31	948
35	948
3	82
5	82
3	0
6	0
6	0
2	0
341	0
0	0
265	0
0	4
2	3
9	24
10	3
2	4
4	23
2	5
1	0
2	6
3	6
18	3
4	73
163	313
0	8
2	305
18	6
91	143
99	143
11	11
20	14
2	0
1	0
0	0
0	0
0	55
3	56
0	7
1	7
3	0
3	0
0	0
2	3
0	3
82	0
14	0
118	0
2	0
0	0
1	103
6	103
15	1
0	474
312	750
10	309
34	750
200	2
217	0
0	0
0	2
47	676
4	270
306	406
97	2
45	162
2	2
2	159
0	1
9	0
19	0
2	0
4	1
33	0
15	0
0	15
1	15
0	27
3	27
99	1
0	1
0	388
0	405
1	415
4	212
0	398
0	739
0	798
17	269
0	989
0	875
0	694
0	885
0	636
0	945
0	57
7	71
1	59
1608	71
12	930
520	930
7	3
3	34
16	64
0	68
60	29
1	29
50	5
152	12
8	0
7	0
4	0
0	0
3	1
25	200
25	54
4	0
1	202
4	55
0	31
0	30
0	0
6	0
1	0
49	211
2	211
0	567
0	577
0	578
0	568
0	577
0	185
0	565
0	567
0	575
0	569
0	570
2	26
0	173
0	575
0	569
0	566
0	557
0	565
0	558
0	557
0	183
0	576
95	0
228	0
349	0
93	0
96	0
66	0
1	0
16	0
2	420
367	420
3	8
0	8
3	0
3	379
0	558
0	602
0	552
0	596
0	3
1	0
2	0
0	2
1	1
0	3
1	4
4	0
7	0
9	31
2	7
108	0
10	0
5	0
71	0
44	338
2	338
24	411
3	411
191	0
2	36
17	36
0	118
0	81
0	654
0	619
0	656
0	621
0	44
0	615
0	691
0	656
0	84
1	0
0	3
367	0
64	0
363	4
0	2010
0	1898
0	1988
0	1919
0	1896
0	1989
0	1987
0	1897
7	0
5	0
10	0
2	0
0	17
1	17
0	40
0	42
1	42
0	19
12	19
69	0
6	20
0	86
0	73
1	21
0	90
0	69
226	0
41	0
0	5
0	84
179	89
0	21
0	576
0	296
10	255
0	155
16	96
15	117
0	435
1	153
4	13
0	48
0	20
0	53
0	25
0	51
0	152
0	153
0	34
0	42
0	135
2	161
0	136
0	115
0	332
0	335
0	315
0	404
0	312
0	421
0	424
0	401
0	295
0	206
0	186
0	112
0	275
21	3
0	2
2	26
6	0
1	26
1	2
40	0
11	0
3	0
11	0
3	0
2	0
6	0
4	0
0	391
32	379
0	150
1	0
5	0
3	130
27	130
0	3
0	172
6	0
4	242
0	237
49	414
3	160
4	0
2	0
367	453
4	445
16	438
2	8
4	0
43	0
1	0
1	1
9	0
73	0
1	2
0	2
26	2
15	178
5	86
10	178
0	2
6	2
9	40
8	39
4	2
1	33
23	40
57	0
1	951
12	2588
1	1
0	642
0	2955
3	1
4	2231
0	1
2	37
1	256
180	272
2	276
1	12
3	1
7	0
7	0
9	0
7	0
0	0
12	11
0	11
2	5
26	5
42	6
0	6
187	0
0	123
0	123
146	90
16	90
1	138
2	138
32	276
4	276
0	1
262	0
60	0
1	175
15	175
19	3
0	3
22	0
0	123
13	131
19	254
0	0
20	21
14	21
5	1646
66	1790
7	1602
1	1746
0	22
13	77
44	77
8	124
227	124
4	0
54	0
93	0
36	2
316	0
204	1
134	923
575	4217
432	912
216	2732
332	2734
58	2
117	0
102	3
168	1697
115	926
20	0
40	0
0	50
0	50
251	0
1	0
2	0
254	0
285	0
9	2
0	2
179	0
371	0
4	3
10	3
238	0
50	101
0	114
6	81
0	3
0	236
0	237
0	59
0	60
0	244
7	41
0	33
0	8
0	41
248	1
0	465
0	358
2	138
0	1
269	2
0	2
120	178
0	178
21	426
7	92
6	334
32	0
20	0
2	0
0	5
0	5
7	0
0	3
4	3
33	0
113	1
2	1
88	0
85	1
299	0
1	1
12	60
10	60
2	21
8	22
25	0
0	5
4	0
16	0
1	0
5	0
3	0
30	2
1	0
0	0
9	0
1	0
5	120
149	184
0	184
9	740
24	740
1	11
0	11
75	0
36	14
1	0
0	14
764	0
48	0
362	317
1	324
0	0
9	193
5	97
5	0
10	0
7	0
5	0
90	0
94	5276
21	5253
11	5155
0	5925
44	0
2	0
5	0
108	164
176	164
202	0
107	276
6	276
5	0
1	0
26	0
15	0
0	15
40	19
0	4
31	0
4	3
0	3
0	0
91	0
0	0
19	6
58	13
0	7
0	8
0	3
21	49
0	49
92	1
239	0
252	0
2	20
1	1
0	15
440	21
6	15
929	5
150	0
2	0
1	0
1	0
262	7
281	136
5	136
0	7
3	0
15	2
91	476
6	476
2	6
302	74
14	74
17	0
8	4
14	2
2	65
12	65
169	0
0	1
5	1
26	0
0	293
0	287
0	163
0	157
0	481
2	459
0	270
32	403
0	220
0	466
0	205
2	0
2	0
4	0
1	0
0	0
26	0
3	1
1	66
2	65
34	0
0	129
0	476
0	306
0	501
0	331
0	1164
6	1117
1	146
1	1085
1	0
20	1
1	14
6	279
33	287
0	6
8	1652
295	1657
63	61
5	75
0	16
7	5
0	33
2	0
2	794
3	14
1	753
1	898
0	829
0	928
2	19
2	660
104	0
158	33
0	32
116	0
281	0
2	8
2	8
0	0
12	0
4	92
0	64
57	117
62	89
121	12
0	12
126	0
61	0
17	378
4	373
4	208
3	27
0	127
1	6
1	168
0	194
1	0
4	0
10	0
2	0
60	0
45	196
115	355
16	195
0	501
2	402
31	0
2	0
0	595
0	290
0	496
3	804
0	498
36	682
157	743
0	597
0	592
3	0
0	7
0	4
4	5
6	7
1	4
1	2
1	1
11	2
2	6
1	4
1	0
162	38
4	730
243	725
0	4
2	227
9	842
48	787
2	319
4	804
0	4
0	3
0	3
0	219
12	8
1	1
9	9
0	6
15	5
11	9
5	1
1	0
5	7
0	2
1	1
96	0
8	0
35	172
80	3729
7	2795
0	172
0	1082
51	0
6	0
10	608
0	525
13	608
4	598
3	304
57	304
0	0
14	0
48	122
32	122
321	0
0	274
0	309
0	305
4	163
0	270
31	0
6	3327
74	857
58	3331
33	2769
7	0
14	0
1	270
76	225
10	0
66	248
1	80
2	1
0	288
0	143
2	59
8	266
6	264
0	207
1099	207
38	0
0	0
0	0
0	6
29	6
0	1
36	3
17	0
328	4
3	0
5	0
17	0
2	1
0	1
2	0
27	0
8	11
0	11
7	0
30	0
142	0
158	0
63	133
0	133
0	1
0	153
2	2
0	126
0	290
0	59
1	296
1	45
3	67
3	251
0	140
0	169
0	206
5	92
0	151
0	153
0	152
0	152
0	152
1	152
0	152
12	0
2	0
8	3
0	144
86	527
13	5
0	383
1034	455
6	455
7	137
0	155
0	479
0	14
0	13
0	336
0	157
4	1
0	0
5	0
8	1
0	8253
88	110
0	8263
44	5208
0	8252
0	8264
8	5209
1	0
0	0
6	136
45	136
1	205
5	316
0	235
149	52
80	316
50	0
66	0
2	0
0	776
0	738
0	625
0	604
0	741
0	703
4	0
0	0
7	0
414	0
1	5
10	5
14	1586
159	1586
4	0
3	0
1	0
30	1122
3	1122
4	527
25	0
5	0
9	0
0	0
131	75
0	75
1	72
1	7
1	76
0	92
0	79
0	104
1	91
0	1377
0	452
0	387
0	1331
0	406
0	433
4	0
2	710
32	710
2	0
18	209
8	209
31	0
2	0
0	0
6	176
1089	176
17	69
5	6
4	6
281	6185
27	3062
104	6197
57	5632
0	6760
23	411
2	411
122	13
6	2
0	26
63	0
9	0
1	0
0	217
4	217
8	696
12	687
63	0
0	5
9	8
0	3
13	0
2	34
1	34
22	0
170	0
119	0
5	201
6	201
85	0
128	0
281	0
0	12
40	138
0	39
20	275
24	153
74	0
1	2
41	49
51	3
0	47
0	3
21	262
64	262
66	262
20	262
147	1
11	977
113	977
10	1
51	0
5	0
7	0
5	0
11	0
19	0
15	0
37	0
0	0
18	1
11	0
2	0
4	0
18	0
0	1
2	1
11	4
1	19
5	11
3	13
2	19
7	23
13	27
2	178
65	329
0	23
58	181
13	135
1	5
4	0
1	9
0	28
2	10
0	24
0	26
0	22
0	1
2	1
136	25
1	21
2	0
0	22
0	22
0	0
0	116
29	117
4	4
0	110
43	3
0	113
0	64
0	67
0	106
0	117
0	63
0	62
0	119
2	3
0	112
0	69
0	1125
0	1211
0	988
0	1070
0	1074
0	1123
2	332
0	1209
1	321
1	0
9	0
0	915
0	416
0	904
0	427
3	54
136	54
9	0
0	134
0	1
0	23
0	2
0	136
0	150
0	126
0	158
0	3
2	8
1	138
4	134
0	0
921	0
5	0
5	0
0	0
32	162
16	162
187	0
1	1
1	0
153	40
0	1
8	41
0	24
49	24
452	0
1	0
12	0
0	1
4	12
2	12
201	0
1	87
15	87
516	0
1	239
5	128
0	338
1	191
3	176
0	2
5	0
4	100
1	2
14	98
2	92
1	40
0	135
0	389
0	201
0	300
0	136
0	224
33	48
1	529
3	349
4	360
0	369
0	138
0	70
8	34
1	461
10	0
247	954
2	954
0	2
5	2
1	89
0	392
1	393
2	101
0	334
0	416
0	310
2	0
70	660
0	299
0	253
2	364
1	84
2	222
4	349
1	238
6	0
0	0
5	0
0	242
0	255
0	293
0	230
0	487
0	252
0	265
0	503
0	214
0	205
0	488
0	243
0	509
0	459
0	496
0	220
0	553
0	280
0	474
0	566
0	192
0	538
0	502
0	227
0	537
0	524
0	525
0	516
0	531
0	64
3	14
0	59
0	64
0	55
0	68
0	73
0	30
11	2
1	0
2	0
0	0
82	0
80	1
2	22
5	22
20	0
47	0
237	9
5	65
3	60
3	5
150	74
76	0
2	0
1	74
0	0
187	5
15	0
145	0
1596	21
0	7
0	14
2	255
9	114
0	268
77	0
5	830
0	847
0	839
0	839
0	831
0	827
0	0
16	0
3	0
18	0
19	0
1	0
4	0
0	0
25	0
2	0
0	0
5	0
4	0
5	0
2	0
0	0
0	0
0	0
11	0
1	0
0	0
6	0
6	0
3	0
4	0
0	0
4	0
2	0
3	0
0	0
2	0
2	0
2	0
2	0
6	0
13	0
6	0
1	0
1	0
9	0
5	0
14	0
5	0
5	0
8	0
0	0
3	0
2	0
1	0
7	0
4	0
0	0
3	0
2	0
5	0
8	0
5	0
2	0
1	0
1	0
6	0
4	0
5	0
6	0
14	0
3	0
1	0
1	0
1	0
2	0
4	0
8	0
5	0
2	0
7	0
9	0
2	0
1	0
2	0
7	0
3	0
4	0
3	0
3	0
11	0
9	0
0	1
6	1
1	0
2	0
6	0
0	0
2	0
0	0
1	0
3	0
1	0
0	0
13	0
3	0
14	0
2	0
3	0
4	0
12	0
1	0
3	0
11	0
11	0
3	0
9	2
5	0
4	0
3	0
1	0
2	0
1	0
4	0
8	0
8	0
1	0
3	0
5	0
3	0
0	1
2	1
5	0
3	0
4	0
2	0
5	0
9	0
4	0
3	0
5	0
9	1
4	0
0	0
2	0
9	0
4	2
4	0
5	0
0	2
9	3
4	0
4	0
6	0
23	4
1	0
17	0
3	0
5	0
13	0
6	0
15	0
2	0
2	0
2	0
0	2
0	2
2	0
5	0
4	0
1	0
2	0
10	0
4	0
4	4
4	0
9	0
2	0
5	0
0	0
9	0
14	0
2	0
1	0
0	0
22	0
4	0
5	0
4	0
2	0
3	0
6	0
0	0
3	0
4	0
12	1
2	0
10	0
3	0
3	0
24	2
8	0
4	0
1	0
4	0
4	0
1	0
7	0
18	1
5	0
4	0
15	0
2	0
1	0
4	0
2	0
2	0
2	0
2	0
3	0
0	0
5	0
1	0
1	0
3	0
2	0
5	0
5	0
28	0
4	0
1	0
1	0
3	0
2	0
2	0
5	0
1	0
0	0
4	0
4	0
0	0
2	0
2	0
1	0
3	0
3	0
2	0
0	0
3	0
6	0
1	0
1	0
0	0
5	0
4	0
1	0
0	0
4	3
0	3
20	0
1	0
3	0
1	0
8	0
5	0
2	0
0	0
7	0
1	0
5	0
5	1
2	0
2	0
1	0
2	0
3	0
3	0
2	0
7	0
2	0
4	0
2	0
0	0
3	7
5	0
1	0
4	0
7	0
2	0
0	1
5	1
3	0
3	0
2	0
3	0
3	0
10	0
0	0
1	0
2	0
3	0
1	0
4	0
1	0
2	0
4	0
2	0
2	0
6	0
4	0
4	0
8	0
4	1
2	1
45	0
0	24
291	24
327	0
112	0
2	0
1	0
437	549
13	309
2	240
3	0
14	0
5	0
2	0
0	3
25	3
0	10
0	12
13	5
7	4
2	3
6	0
5	1
11	0
13	0
12	1
0	105
171	16
2	89
3	71
3	42
175	0
7	0
40	0
151	0
38	0
0	52
175	52
3	0
60	681
256	681
7	0
9	0
0	0
4	0
24	0
187	0
54	0
1	158
0	159
0	77
0	78
4	18
36	18
87	0
95	0
4	87
3	119
10	82
1	187
4	210
2	210
0	28
1	160
1	12
0	285
0	176
4	191
5	60
0	31
3	31
7	21
0	21
22	0
0	2
74	8
240	6
0	6
2	3
0	2
4	5
0	88
0	30
0	29
0	87
539	0
69	706
579	706
169	0
9	476
11	476
0	265
3	31
16	66
43	76
86	10
0	234
1	236
3	173
1	175
4	62
0	19
7	0
34	0
22	2
17	0
3	0
28	0
9	0
17	0
6	0
2	0
1	1
2	1
26	0
26	3
115	3
2	0
35	52
63	52
2	465
0	486
4	491
0	520
0	504
0	7
10	0
154	0
155	0
0	0
0	148
0	167
0	126
0	145
1	509
5	497
3	536
9	0
4	6
21	6
8	5
0	9
0	17
0	12
0	14
6	4
4	1
34	177
7	87
0	93
0	90
7	0
0	19
1	31
0	190
0	176
0	188
0	174
0	32
0	20
2	534
0	532
0	339
0	324
0	547
4	0
114	0
1271	0
526	0
1	0
3	0
0	3
0	8
5	4
0	2
4	3
1	1
0	5
2	1
9	0
0	3
2	0
3	0
0	4
367	3
3	51
391	51
346	0
238	0
3	0
3	6
3	6
101	0
0	41
10	50
0	48
0	0
18	0
3	4
2	4
154	0
0	25
195	25
292	255
120	0
0	255
3	0
233	0
265	3
0	3
10	239
20	306
0	364
1	223
5	102
152	164
0	62
2	46
2	216
2	145
110	216
0	2
31	0
4	0
18	0
46	0
57	0
1	0
12	0
1	0
1	0
104	1
0	48
0	48
104	0
68	1238
1	2244
0	1023
18	688
0	1363
0	142
2	847
49	1150
2	1
21	0
0	2
14	2
9	2
2	69
11	69
7	0
534	0
520	0
39	0
2	94
1	94
220	0
154	0
1	82
8	82
0	271
287	271
6	1
1	1
2	0
4	1
1	1
19	0
2	52
5	52
9	1
0	4
8	0
72	4
10	1
0	1
108	1
270	0
1	0
11	0
5	0
66	0
0	35
0	35
0	3
1	3
2	0
187	0
6	109
93	240
182	240
38	0
0	0
37	150
5	150
2	2
0	29
11	369
1	30
0	377
4	13
96	272
0	131
0	141
50	26
0	26
10	0
2	3
17	2
0	330
3	10
0	344
22	864
3	72
18	141
0	1148
13	1139
5	0
0	3
0	2
7	1
5	0
170	0
1	4
3	4
66	0
184	2
6	0
0	9
64	9
12	0
1	59
293	0
0	486
0	644
0	983
0	726
0	955
0	884
0	1014
0	1113
0	825
40	261
94	261
9	0
0	0
2	0
9	0
2	0
15	0
6	0
5	0
195	0
0	109
0	221
0	358
0	382
0	85
26	0
0	39
71	0
162	39
1	0
3	0
1	5
3	5
0	0
6	0
4	1
16	1
8	1
0	0
110	0
306	0
12	10
0	10
2	43
8	406
0	174
2	406
1766	2
4	2
0	5
0	5
1	2
1	2
550	1276
2	1276
35	270
324	705
0	436
36	0
3	0
0	2
0	2
3	0
3	0
3	0
5	0
6	0
71	492
12	492
3	0
41	7
0	6
74	0
11	10
0	10
0	23
0	24
106	0
52	9
0	9
0	360
0	253
0	121
0	132
0	258
0	5
0	175
20	56
0	68
0	306
5	138
0	73
0	78
617	5
1	5
3	0
27	161
10	161
14	7
0	7
0	21
26	351
9	444
21	853
40	484
0	523
262	0
134	0
18	0
1	0
4	0
3	0
4	0
4	0
6	0
57	0
3	104
1	67
0	81
0	111
0	77
0	101
0	115
96	2
5	0
1	0
0	0
1	1
0	1
0	5
319	5
18	0
0	0
1	0
8	517
5	557
32	557
2	0
3	0
3	0
4	531
7	581
4	614
0	0
9	0
5	0
2	1
2	1
0	126
0	31
24	142
17	246
113	0
61	0
6	110
6	110
0	71
9	71
2	0
747	0
0	12
2	12
468	0
3	266
23	266
790	0
0	4
705	4
0	107
328	107
0	195
89	246
7	18
3	51
1	0
0	0
3	0
0	189
53	189
192	207
2	195
213	0
3	375
0	202
5	469
0	529
1	4
4	0
7	0
3	0
3	322
7	952
10	283
96	952
1	30
93	1
0	0
11	0
1	10
0	10
6	57
36	57
0	2
199	10
2	8
43	2
3	1
266	5
25	0
48	717
10	717
7	343
26	0
0	5
2	0
12	0
10	0
6	0
5	0
1042	325
7	539
18	539
158	0
98	0
12	0
294	823
86	931
384	184
3	4
0	38
39	276
3	10
18	276
32	269
5	269
3	5
13	9
4	1
8	3
1	7
2	1
6	119
4	159
5	155
4	0
0	0
639	0
3	0
0	247
0	301
0	284
0	230
0	0
2	475
24	458
11	429
4	25
20	19
1	12
11	27
5	2
1	26
8	2
0	8
3	2
4	6
1	1
9	1
3	0
1	1
44	0
16	3
16	0
6	0
154	0
0	81
6	48
1	61
11	234
15	234
1	565
4	565
0	567
1	567
0	567
3	567
0	454
0	1095
0	455
0	391
0	265
0	152
0	905
0	1474
0	216
0	812
0	81
0	215
0	1041
0	1235
0	379
0	573
2	2
144	3
24	17
0	18
46	3
0	3
0	0
0	0
0	0
33	163
5	30
16	163
154	0
4	0
0	0
277	3
35	0
81	0
2	0
5	0
2	0
1	0
354	0
45	73
4	73
122	0
97	0
431	0
0	360
0	353
1	390
0	69
0	323
11	43
0	31
6	0
9	0
5	0
395	899
10	719
14	180
28	0
3	0
72	1115
4	1115
0	1
0	49
0	63
0	72
0	1
0	43
1	89
143	49
0	28
2	44
0	46
1	3
2	0
4	3
0	3
0	362
0	434
0	361
0	3
0	372
229	441
0	351
43	0
11	0
0	0
44	15
2	15
0	1126
1	245
0	2
4	369
0	1127
3	0
4	0
1	35
59	35
25	0
100	0
19	100
0	592
0	212
0	713
0	829
2	173
0	338
0	327
0	186
9	399
0	93
124	199
41	199
3	19
0	282
0	280
0	0
1	117
8	45
0	103
0	0
6	31
4	189
7	189
1	189
18	189
330	344
0	344
0	7
45	35
0	28
6	0
14	13
86	332
16	337
0	8
12	0
22	2
125	13
0	13
67	0
18	0
2	22
169	22
26	4
0	4
248	41
0	41
0	451
0	651
0	490
3	269
8	10
0	612
7	0
13	1
1597	0
2	0
46	33
2	44
13	222
95	232
0	238
0	222
0	249
0	233
3	78
0	171
4	156
5	75
1	0
3	0
8	0
169	0
0	66
2	66
0	0
59	99
4	0
0	226
0	221
0	0
1	8
28	0
63	8
0	3
661	3
5	0
14	3
1	3
189	0
31	0
0	96
0	123
2	7
128	7
0	577
0	579
0	332
0	604
0	359
2	215
0	552
0	6
1	6
1	3
0	666
38	786
4	133
4	604
2	666
17	0
102	0
62	278
11	259
21	19
3	0
0	1279
0	1279
0	1142
0	1142
4	0
669	2
2	2
12	905
0	2
64	905
4	0
2	0
16	7
678	0
23	9
0	9
19	0
75	0
467	91
0	91
115	0
48	392
17	392
0	2
264	0
3	121
4	157
124	278
4	159
32	159
86	0
141	0
13	643
48	643
7	0
5	0
339	2
3	0
251	0
2	2
0	338
0	357
6	216
0	129
0	43
0	38
0	115
0	352
0	263
0	134
2	85
0	6
2	4
0	4
4	0
2	0
7	0
47	56
0	56
45	34
1	27
261	165
3	165
0	11
9	11
26	0
5	10
5	11
0	11
38	477
52	477
0	69
0	453
48	2
0	484
0	563
0	594
6	0
2	2
176	0
2	4
0	420
0	224
2	337
3	302
40	1440
2808	1441
70	0
5	0
17	0
5	0
2	0
3	0
109	1680
97	1680
0	225
0	211
0	220
0	223
0	216
0	232
0	217
0	216
0	223
0	213
3	0
2	0
3	0
7	69
41	69
76	0
1	190
0	190
0	0
33	0
1	3
0	8
0	8
6	53
37	53
2	41
0	101
0	142
0	232
0	139
0	270
0	87
32	0
17	124
0	90
0	273
11	109
3	0
2	0
6	1
7	0
12	0
12	336
0	406
53	406
7	0
1	0
5	0
0	18
12	19
5	87
7	221
4	221
1	0
7	0
1	0
1	0
10	16
2	1
8	44
6	44
21	0
73	0
14	0
4	0
278	37
9	37
139	22
7	22
0	0
11	252
1	252
0	0
1	0
279	1
282	1
1	0
215	111
4	111
57	0
850	1
2	0
1	372
0	354
1	384
0	366
10	108
6	21
2	11
19	108
0	572
0	356
0	607
11	522
3	1
0	1
69	561
1	561
135	0
10	1116
2	1244
147	1238
9	5
1	0
0	0
17	0
5	0
2	0
2	0
3	0
175	62
10	0
0	0
9	0
0	0
2	0
14	0
10	0
2	0
0	0
5	0
5	0
1	0
1	0
0	0
3	0
2	1
0	1
4	0
6	0
4	0
1	0
3	0
4	0
0	4
4	4
2	4
0	4
6	0
36	0
3	0
3	7
1	0
8	0
0	18
12	18
2	0
1	0
4	0
1	0
0	0
7	0
1	0
5	0
30	0
2	0
0	0
3	0
3	10
0	10
4	0
0	0
5	0
5	0
5	0
3	0
2	0
6	0
10	0
8	0
5	0
4	0
1	0
4	0
4	0
1	0
1	0
5	0
2	0
2	0
4	0
2	0
2	0
1	0
0	0
2	0
3	0
3	0
0	0
11	0
1	0
1	0
0	3
0	3
3	3
3	0
1	0
3	0
7	0
3	0
5	0
5	0
1	0
0	0
6	0
4	0
0	0
1	0
3	0
1	0
3	0
2	0
13	0
0	0
1	0
2	0
3	0
3	0
2	0
11	0
35	0
3	0
3	0
9	0
4	0
3	0
2	0
12	0
9	0
4	0
1	0
3	0
4	0
8	0
11	1
3	0
1	0
14	0
1	0
1	0
20	0
3	0
4	0
0	4
0	4
7	0
1	0
2	0
3	0
4	0
0	0
4	0
1	0
2	0
2	0
4	0
2	0
0	0
2	0
3	0
13	0
6	0
5	0
0	0
3	0
5	0
4	0
6	0
2	0
2	0
11	0
0	3
1	3
6	0
4	1
1	0
2	0
3	0
2	0
3	0
0	0
5	0
3	0
4	0
17	0
35	0
24	0
10	0
2	0
1	0
5	0
2	0
3	0
35	0
21	0
9	0
3	0
5	0
3	0
5	0
4	0
4	0
2	0
1	0
3	0
1	0
0	0
4	0
3	0
2	0
2	0
2	0
5	0
5	0
9	0
4	0
14	0
5	0
4	0
4	0
3	0
109	0
8	0
2	0
3	0
1	0
3	0
7	0
4	0
0	0
3	0
8	0
7	0
10	0
25	0
4	5
4	5
4	0
1	0
5	0
2	0
4	0
1	0
15	0
28	0
1	0
1	0
2	0
0	0
11	0
3	0
0	0
3	0
2	0
65	0
2	0
0	0
34	0
11	4
0	4
3	0
8	0
3	0
1	4
2	4
4	0
5	0
3	0
2	0
3	0
6	0
2	0
1	0
2	0
164	0
6	0
68	0
3	0
6	0
7	0
3	0
1	0
2	0
6	0
2	0
5	0
8	0
7	0
5	0
2	0
3	0
54	0
3	0
9	0
3	0
3	0
1	0
11	0
1	0
4	0
2	0
11	0
3	0
1	0
1	0
2	0
1	0
6	0
3	1
6	0
4	0
7	0
3	4
4	0
0	0
16	0
3	0
4	0
1	0
1	0
9	0
9	0
3	0
7	0
7	0
2	0
9	0
4	0
3	0
17	0
2	0
1	0
9	0
3	0
8	0
4	0
5	1
1	0
1	0
2	0
0	0
0	0
6	0
1	0
11	0
11	0
3	0
2	0
2	0
5	0
6	0
0	0
4	0
3	0
1	0
12	0
7	0
2	0
1	1
4	0
5	0
3	0
1	0
37	0
4	0
3	0
6	0
6	0
4	0
5	0
5	0
27	0
100	0
0	0
3	0
2	0
6	0
8	0
3	0
10	0
9	0
1	0
5	0
5	0
4	0
2	0
1	4
0	4
8	0
7	0
24	0
4	0
0	0
13	1
1	0
0	11
1	11
15	0
2	0
3	0
8	0
33	0
4	0
15	0
2	0
4	0
35	0
5	0
5	0
19	0
1	0
3	0
6	0
4	0
1	0
4	0
14	0
0	1
2	1
8	0
3	0
9	0
2	0
2	0
2	0
4	0
1	0
15	0
16	0
8	0
4	0
3	0
15	0
15	0
4	0
3	0
28	0
7	0
4	0
2	0
4	0
1	0
11	0
4	0
1	0
4	0
5	0
0	13
36	13
11	0
7	0
2	0
2	0
6	0
4	0
2	0
2	0
3	0
2	0
2	0
3	0
2	0
0	8
0	8
3	0
0	0
5	0
1	0
0	0
4	0
5	0
4	0
2	0
0	0
0	0
9	0
7	0
9	0
3	0
50	0
36	0
7	0
6	0
0	0
8	0
2	0
0	0
6	0
3	0
4	0
8	0
1	0
7	0
10	38
0	38
14	0
6	0
5	0
127	100
0	100
0	0
3	0
2	0
6	0
6	0
10	0
10	0
2	2
1	2
6	0
1	0
2	0
27	0
3	0
1	4
1	0
7	0
33	0
13	0
9	0
1	0
1	0
1	0
0	0
0	0
0	0
8	0
8	1
8	0
10	0
2	58
22	58
0	0
2	0
4	0
8	1
0	5
3	5
12	0
25	0
2	0
2	0
6	0
0	15
0	23
0	23
4	0
8	0
0	4
5	4
4	0
2	0
4	0
2	0
2	0
1	0
6	0
3	0
2	0
1	0
0	0
6	0
3	0
4	0
4	0
2	1
1	0
0	0
3	1
3	0
0	0
3	0
1	0
4	0
0	0
2	0
5	0
5	0
2	0
3	0
1	0
6	0
1	0
1	0
2	0
3	0
4	0
1	0
2	0
3	0
4	0
3	0
7	0
2	0
1	0
0	0
2	0
0	0
2	0
2	0
4	0
1	0
1	0
2	0
4	0
4	0
2	0
4	0
2	0
2	0
0	0
0	0
3	0
2	0
3	0
0	0
2	0
2	0
5	0
1	0
1	0
3	0
1	0
5	0
0	0
2	0
3	0
1	0
3	0
1	0
2	0
1	0
4	0
4	0
8	0
3	0
5	0
1	0
1	0
2	0
1	0
0	0
0	0
2	0
1	0
2	0
4	0
3	0
0	2
0	2
1	0
4	0
4	0
4	0
7	0
2	1
2	1
17	0
3	3
3	3
3	0
12	0
1	0
173	0
1	0
3	0
1	0
8	0
4	0
0	0
9	0
2	0
2	1
4	0
1	38
9	38
11	0
34	0
2	0
56	8
0	8
0	7
4	7
2	0
0	0
3	0
11	0
0	0
6	0
2	6
3	6
0	46
34	46
0	2
0	2
1	0
0	0
5	0
3	1
4	0
2	0
3	0
4	0
2	0
5	0
2	0
0	0
0	0
0	0
0	0
0	0
3	0
17	132
22	132
35	0
5	0
8	0
7	0
2	6
0	6
37	21
0	21
150	0
17	31
2	31
14	0
6	0
8	0
3	0
2	0
2	0
0	0
45	0
57	0
3	8
0	8
1	0
488	1
12	0
302	0
0	0
49	0
2	0
3	0
1	0
0	0
5	0
2	0
1	0
1	0
2	0
0	0
11	0
0	0
0	0
40	0
8	0
3	0
4	0
1	0
3	0
2	0
8	0
0	183
63	183
4	0
4	0
10	0
1	0
0	0
6	0
7	0
18	0
5	3
0	0
3	4
0	4
33	0
3	0
1	6
3	6
3	0
2	0
10	0
4	3
5	5
1	0
4	11
2	11
2	0
2	0
2	0
2	0
2	0
1	0
8	28
1	28
1	0
2	0
7	0
9	0
2	0
2	0
146	2
2	0
0	0
0	5
10	5
18	5
4	0
1	0
331	0
6	0
5	0
2	0
5	0
5	0
3	0
0	0
1	0
7	0
4	0
2	0
2	0
0	0
6	0
4	0
1	0
4	0
1	0
7	2
4	20
4	0
1	0
2	0
0	0
3	0
6	0
4	0
2	0
0	0
1	0
4	0
4	0
4	0
0	0
10	0
0	0
7	0
10	0
8	0
6	0
0	0
0	0
6	0
1	2
0	2
7	1
4	0
3	0
0	0
1	2
1	2
3	0
3	0
8	0
5	0
2	0
0	1
17	0
18	0
5	0
1	3
0	3
12	0
8	0
9	0
0	0
14	0
3	0
8	0
3	5
34	5
0	0
5	0
6	12
0	12
23	0
3	0
1	1
1	1
2	8
0	8
2	0
8	36
5	34
7	27
14	0
117	0
3	0
0	0
9	0
0	0
4	0
2	0
2	0
377	0
5	0
3	0
6	0
0	1
0	1
24	0
0	0
3	0
3	0
0	0
10	0
10	0
2	0
1	0
0	4
57	4
5	0
7	0
6	0
2	0
42	0
1	0
7	0
3	0
3	0
0	0
6	0
3	0
3	0
0	0
1	0
3	0
5	0
0	3
2	3
3	0
10	0
0	9
3	9
1	1
2	1
2	0
0	0
0	0
0	0
1	0
5	0
0	0
1	0
5	0
0	0
3	0
3	0
1	0
1	0
1	0
3	0
2	0
6	0
4	0
2	0
4	0
1	0
1	0
0	0
3	0
2	0
1	0
5	0
11	0
1	0
4	17
3	0
1	0
2	0
6	0
2	0
1	0
7	0
11	0
1	0
2	0
0	0
9	0
2	0
1	0
0	0
15	0
3	3
0	0
5	38
0	38
1	0
5	45
5	45
4	0
1	0
0	0
1	0
3	0
3	0
1	0
3	0
2	0
0	0
7	0
3	0
10	0
3	0
5	0
4	0
0	0
3	0
3	0
2	0
0	0
0	0
2	0
2	0
3	0
4	2
7	0
0	0
3	0
0	0
3	0
6	0
0	0
3	0
16	0
2	0
10	2
0	2
3	59
8	59
8	0
3	0
3	0
5	0
0	0
0	0
6	0
3	0
8	0
72	0
64	0
29	0
11	0
3	0
3	8
47	8
2	0
3	0
1	0
18	0
0	0
2	0
4	0
30	0
0	5
3	3
0	2
2	0
0	0
0	0
1	0
4	0
20	0
17	0
5	0
5	0
8	0
13	0
0	0
0	1
74	26
1	26
0	15
8	15
7	0
2	0
4	0
2	0
10	0
16	0
0	0
7	0
11	0
0	452
0	452
5	0
5	0
3	0
0	0
0	0
53	0
9	0
5	0
3	147
30	147
5	0
0	0
3	0
3	0
6	0
49	0
7	0
20	0
3	0
0	0
5	0
3	0
2	0
1	0
13	1
7	0
9	0
1	0
7	1
1	1
0	0
4	0
3	0
1	0
3	0
3	0
2	0
0	0
5	0
4	0
17	0
1	0
17	0
5	0
10	0
3	0
0	0
50	0
5	0
5	0
9	0
1	3
0	3
2	0
1	0
3	0
1	0
3	0
0	0
2	0
7	0
3	0
3	1
0	1
4	0
42	5
0	3
3	3
4	0
7	2
1	0
2	0
4	0
3	0
0	1
0	2
3	0
6	0
0	0
5	0
4	0
6	0
2	0
8	0
8	0
1	4
0	4
7	0
7	0
11	0
1	0
0	0
1	0
6	0
2	0
3	0
11	7
0	7
0	0
0	0
2	0
1	0
11	0
1	0
8	0
3	0
5	0
4	0
6	0
1	0
4	0
7	0
5	0
0	0
2	0
7	0
2	0
6	0
4	0
0	1
3	1
4	0
5	0
6	0
0	0
1	0
2	0
2	0
1	0
5	0
8	0
2	0
5	0
9	0
3	1
1	0
6	0
0	0
34	0
7	0
2	0
1	0
4	0
1	0
3	0
3	0
18	0
3	0
0	0
2	0
1	0
7	5
8	0
2	0
5	0
9	0
3	0
10	0
3	0
4	0
1	0
2	0
10	0
3	0
135	15
1	15
1	0
6	0
6	0
0	0
0	0
4	0
26	0
2	0
4	0
2	0
11	0
6	0
3	0
2	0
2	0
1	0
0	0
6	0
1	0
4	0
7	0
1	0
3	0
2	0
2	0
265	0
4	0
7	0
0	0
1	0
2	0
4	0
2	0
0	0
0	0
7	0
1	0
3	0
6	0
2	0
1	0
1	0
3	0
0	0
4	0
2	0
5	0
2	0
4	0
5	0
3	0
2	0
4	0
4	0
3	0
2	0
1	0
7	0
2	0
3	0
7	0
2	0
2	0
4	0
6	0
1	0
1	0
4	0
1	0
3	0
4	0
5	0
3	0
5	0
2	0
4	0
1	2
2	2
11	0
3	0
3	0
2	3
1	0
2	0
4	0
3	0
3	0
4	0
0	0
0	0
2	0
4	0
4	0
3	0
3	0
4	0
3	0
2	0
2	0
4	0
2	0
0	0
0	0
4	0
7	0
0	0
5	0
2	0
5	0
0	0
3	0
2	0
3	0
2	0
2	0
1	0
4	0
2	0
1	0
5	0
2	0
3	0
0	0
2	0
4	0
4	0
2	0
3	0
1	0
3	0
3	0
4	0
3	0
59	0
3	37
121	37
138	253
8	253
2	0
213	17
0	17
12	0
12	132
19	52
17	80
2	235
155	608
65	608
0	10
2	0
19	0
22	0
34	0
38	0
17	1
0	1
16	0
135	0
59	615
2	615
0	263
327	0
22	0
35	0
5	0
40	0
2	377
108	377
50	0
4	0
1	0
192	1
167	0
1	0
13	21
339	1
0	1
10	21
63	0
4	0
26	0
161	0
0	3
86	0
20	9
5	6
2	0
256	0
296	0
336	20
4	20
11	0
31	4
2	0
0	5
231	7
17	0
90	0
364	0
23	115
11	115
21	148
134	148
3	1
1	6
2	0
0	2
0	5
0	1
16	0
3	1
0	4
2	4
5	0
1	3
12	3
6	1
4	1
1	32
3	32
0	2
21	2
4	12
78	12
9	33
0	33
17	2
22	1
0	2
5	0
3	0
1	82
6	82
1	71
9	0
8	0
7	0
2	0
1	96
14	96
9	2
1	2
85	40
0	40
385	0
55	0
3	2
0	2
0	1
100	1
26	1
19	0
5	1
0	1
62	0
3	4
0	2
2	4
105	85
1	85
5	3
1	0
3	2
0	90
5	90
0	51
0	5
0	5
10	5
2	0
2	0
5	0
3	0
16	0
28	0
6	76
12	76
2	0
5	77
70	77
0	9
7	70
14	181
2	83
102	105
3	0
0	4
0	3
0	2
0	4
0	4
0	2
191	259
0	6
3	262
138	0
0	39
0	35
46	1
0	34
0	40
17	38
0	38
55	0
11	2751
26	1728
2	528
41	1823
15	163
3	7
18	0
7	0
0	382
0	382
3	382
6	0
1	59
41	59
0	59
18	5
3	5
26	0
3	0
14	41
2	41
1	0
3	32
7	32
58	0
40	0
132	149
1	149
6	0
3	0
152	0
97	878
3	870
6	878
0	3
64	0
5	3
3	17
0	17
2	0
10	0
2	48
183	48
1	13
2	2
2	1
1	1
6	0
15	0
2	2
2	5
0	5
16	0
1	0
4	0
4	0
21	14
0	14
19	25
3	25
1	1
1	0
1148	0
46	137
0	137
0	0
0	0
0	0
0	0
0	0
16	4
2	4
8	0
3	0
7	0
0	16
0	16
6	0
2	62
175	62
0	30
57	30
7	0
5	5
71	12
2	12
0	283
22	586
10	586
3	17
20	0
5	0
0	0
8	0
4	0
63	0
7	0
1	11
1	11
0	11
87	0
4	36
0	36
0	0
53	0
1	106
2	66
1	106
1	26
246	0
104	12
0	12
141	41
0	41
0	0
1	0
6	0
2	0
8	0
6	0
2	0
6	0
2	0
7	0
9	0
5	0
3	1
3	1
2	0
12	0
12	0
2	0
1	0
3	0
2	0
12	3
7	0
3	0
4	0
4	0
4	0
1	0
0	0
5	0
4	0
1	0
3	0
2	0
1	0
6	0
10	0
6	0
2	0
3	0
2	0
1	0
1	0
3	0
1	0
1	0
7	0
2	0
13	11
1	0
1	0
2	0
4	0
2	0
2	0
1	0
3	0
4	0
14	6
3	0
40	0
3	0
3	0
3	0
0	0
5	0
9	0
8	0
5	0
0	0
1	0
13	0
4	0
2	0
7	0
3	0
1	0
3	0
3	0
4	0
5	0
9	0
14	0
7	0
0	0
6	0
4	0
6	0
13	0
0	0
1	0
1	0
22	0
0	0
0	0
2	0
2	0
2	0
20	0
8	0
177	0
1	0
2	0
4	0
1	0
6	0
3	0
2	0
3	0
3	0
2	0
8	0
3	0
3	0
3	0
3	0
4	0
3	0
9	0
1	0
8	0
10	0
72	0
0	0
3	0
7517	5
1	0
2	0
3	0
5	0
6	0
3	0
5	0
3	0
0	0
44	0
26	0
7	0
1	0
12	0
5	0
1	0
4	0
0	0
0	0
14	0
3	0
5	0
3	0
1	3
0	3
3	0
77	0
57	0
8	0
2	0
14	0
6	0
7	0
3	0
2	28
23	29
16	1
0	1
5	0
1	0
3	0
0	0
30	0
6	0
4	0
1	0
4	0
5	0
4	0
3	0
12	0
7	0
3	0
4	0
3	0
6	0
8	0
5	0
6	0
5	1
2	0
4	0
2	0
9	0
1	0
1	0
2	0
0	0
4	0
2	6
0	6
3	0
5	0
2	0
1	0
9	0
5	0
4	0
10	0
19	0
2	0
3	0
67	2
4	0
2	0
4	0
5	0
0	0
1	0
7	0
0	0
4	0
4	0
2	0
3	0
1	0
1	0
7	0
5	0
4	0
4	0
5	0
6	0
7	0
1	0
0	0
8	0
0	0
2	0
9	0
1	0
7	0
5	0
3	0
2	0
6	0
0	0
4	0
4	0
9	1
5	0
2	0
1	0
1	0
3	0
3	0
5	0
0	0
14	0
0	0
0	0
7	0
3	0
5	0
1	0
0	0
4	0
4	0
3	0
0	0
1	0
2	0
2	0
3	0
4	0
3	0
2	0
9	0
2	0
3	0
2	0
2	0
3	0
6	0
4	0
1	0
1	0
2	0
6	0
2	0
6	0
1	0
1	0
0	0
2	0
4	0
7	0
2	0
3	0
5	0
0	1
2	0
1	0
0	2
2	2
2	0
1	0
2	0
7	0
1	0
4	0
2	0
2	0
5	0
1	0
2	0
2	5
3	0
3	0
1	0
1	0
0	0
3	0
6	0
4	1
0	1
2	1
4	2
3	0
0	0
1	0
3	22
121	22
2	0
3	0
1	0
4	0
2	0
3	0
2	0
0	0
5	0
2	0
5	0
3	0
0	8
0	8
3	0
0	1
2	0
2	0
6	0
7	0
3	0
4	0
10	0
1	0
4	0
3	0
5	2
2	0
4	0
1	0
8	2
2	0
3	0
0	0
0	0
6	0
1	0
2	0
0	1
1	1
0	0
14	0
2	0
6	0
1	0
4	0
8	0
3	0
7	0
10	0
1	0
11	0
5	0
2	0
0	0
5	0
4	0
6	0
3	1
4	0
10	0
0	0
1	0
10	0
23	0
4	0
12	0
8	0
1	0
2	0
2	0
6	34
0	34
7	0
0	0
1	0
2	0
2	0
4	0
1	0
38	0
3	0
0	0
2	0
3	0
4	0
3	0
10	0
29	0
4	0
7	0
0	0
2	0
3	0
3	0
4	0
4	0
14	0
3	0
8	0
0	0
1	0
6	0
1	0
13	0
2	0
7	0
0	0
5	0
2	0
1	0
6	0
5	0
3	0
26	0
0	0
8	0
0	0
3	0
1	0
3	0
8	0
3	1
3	0
1	4
3	4
20	0
6	0
8	0
9	0
3	0
5	0
2	0
1	0
1	0
2	10
3	10
3	0
9	0
3	0
7	0
2	0
3	0
11	0
0	1
1	0
0	0
11	1
0	0
1	0
2	0
0	0
8	0
6	0
4	0
1	0
6	0
1	0
1	0
0	0
3	0
3	0
3	0
4	0
3	0
2	0
1	0
1	0
2	0
9	0
0	0
0	0
1	1
0	1
3	0
3	0
13	0
5	0
5	0
11	0
2	0
3	0
1	0
15	0
1	0
3	0
3	0
12	0
4	0
0	0
5	0
1	0
9	0
2	0
1	0
2	0
2	0
1	0
2	0
1	0
2	0
1	0
14	0
6	0
10	0
4	0
3	0
3	0
6	0
4	0
7	1
1	0
13	0
2	0
4	0
0	0
4	0
8	8
0	8
3	0
4	0
0	0
2	0
3	0
1	0
4	0
1	0
4	0
12	0
1	0
6	0
17	2
0	0
3	0
2	0
4	0
3	0
3	0
8	0
4	0
2	0
10	0
2	0
2	0
10	0
3	0
1	0
7	0
6	0
5	0
4	0
1	0
0	0
0	0
3	0
1	0
2	0
2	0
2	0
2	0
2	0
2	0
0	0
6	0
1	0
6	0
1	0
3	0
5	0
5	0
3	0
3	0
2	0
4	0
7	0
12	0
3	0
3	0
4	0
8	0
3	0
1	0
5	0
7	0
6	0
2	0
0	0
3	0
1	0
1	0
3	0
0	0
3	0
4	0
5	0
1	0
2	0
10	0
14	0
2	0
2	0
5	0
1	0
2	0
8	0
3	0
21	0
6	0
5	0
2	0
30	0
4	0
2	0
1	0
2	0
0	0
4	0
3	0
3	0
7	0
2	0
1	0
1	0
1	0
1	0
0	0
3	0
0	0
3	0
4	0
6	0
3	3
4	0
4	0
3	0
0	0
7	0
2	0
2	3
2	0
3	0
1	0
1	0
2	0
5	0
3	0
0	0
1	0
0	0
0	0
2	0
2	0
4	0
2	0
4	0
4	0
2	0
0	0
3	0
4	0
8	0
2	0
3	0
7	0
2	0
2	1
2	0
2	0
1	0
8	0
1	0
1	0
2	0
1	0
0	1
1	1
7	0
5	0
7	0
2	0
5	0
2	0
5	3
4	0
2	0
1	0
1	0
1	0
1	0
3	0
3	0
3	0
3	0
3	0
0	0
1	0
1	0
4	0
1	0
5	0
0	0
0	0
0	0
2	0
2	0
4	0
0	0
3	0
3	0
0	0
1	0
2	0
3	0
2	0
5	0
4	0
3	0
6	0
3	0
3	0
4	0
1	0
1	0
6	0
1	0
4	0
2	0
2	0
2	0
1	0
19	0
4	0
2	0
8	0
4	0
6	0
0	0
0	0
1	0
2	0
3	0
7	0
2	0
2	0
0	0
2	0
3	0
3	0
5	0
8	0
5	0
1	0
3	0
4	0
3	0
4	0
3	0
2	0
4	0
2	0
5	0
1	0
2	0
3	0
5	0
4	0
0	1
2	1
1	0
0	0
6	0
0	0
1	0
2	0
10	0
13	0
68	30
0	18
0	12
16	0
5	0
6	0
0	1
0	1
3	0
1	0
3	0
7	0
27	0
21	0
5	0
4	0
2	0
8	0
1	0
2	0
5	0
1	0
4	0
12	0
2	0
1	0
3	0
4	0
4	0
1	0
4	0
1	0
3	0
4	0
4	0
2	0
4	0
6	0
13	0
3	0
5	0
4	0
0	0
1	0
3	0
9	0
1	0
1	0
16	0
1	0
7	0
4	2
2	2
0	0
11	0
0	0
2	0
5	0
1	0
2	0
7	4
0	2
7	2
5	0
2	0
4	0
3	0
8	0
2	0
7	0
8	4
1	0
0	0
1	0
3	0
3	0
2	0
4	0
1	0
1	0
0	0
1	0
0	0
1	0
33	0
4	1
0	1
1	0
3	1
2	0
0	0
1	0
5	0
3	0
1	0
0	0
0	2
1	4
0	0
3	0
7	0
3	0
4	0
1	0
6	0
5	3
1	3
2	0
2	0
5	0
12	0
4	0
3	12
72	12
1	0
1	0
2	0
13	0
20	0
6	0
56	0
4	0
0	0
0	10
1	10
2	0
0	0
1	0
0	0
43	0
313	45
4	43
31	75
3	448
246	447
173	0
54	0
490	0
118	0
0	128
6	363
7	367
1	194
361	0
410	0
4	0
5	27
23	27
0	3
6	3
0	498
1	531
0	18
119	575
0	711
0	168
0	314
0	293
0	690
0	191
1	352
2	0
1	0
2	0
4	0
0	8
0	8
0	140
48	140
0	10
196	0
78	0
1338	0
10	0
1267	0
0	168
0	146
0	136
0	178
11	172
4	172
1	0
7	0
4	0
11	1033
76	1033
2	0
19	0
2	13
176	13
60	1
5	272
5	272
23	87
9	74
11	87
8	71
37	2
3	2
0	104
895	104
0	17
0	17
2	14
11	14
2	2
1	2
20	0
19	0
0	23
4	26
11	168
33	78
33	99
1	74
30	52
0	52
7	202
15	202
9	158
4	216
65	374
7	160
0	0
3	0
1	4
455	0
61	7
0	1
0	89
6	89
7	0
5	0
11	0
33	0
4	0
3	0
32	0
7	0
3	0
9	0
0	0
0	14
12	75
5	75
13	0
2	0
6	0
11	0
27	67
74	231
7	164
10	5
0	121
17	5
2	6
12	9
4	9
1	0
48	0
8	1
0	7
0	6
1	7
513	7
28	127
1	127
20	8
1	2
2	17
100	15
1	7
5	0
16	0
5	0
2	0
0	67
6	67
89	0
155	0
6	0
1	0
0	0
3	0
0	0
10	0
0	1
0	14
7	5
0	58
10	46
0	1
0	1
0	43
0	43
0	1
0	87
0	14
0	18
0	62
86	4
0	0
0	0
0	0
3	0
582	0
0	0
1	0
8	4
0	4
1	0
2	1
15	0
9	0
5	216
0	127
0	204
0	246
0	85
238	0
160	0
2	0
7	0
92	0
159	0
7	0
0	3
0	0
3	4
2	3
8	2
284	1890
14	1890
0	28
790	29
1	1
1	0
11	165
2	165
0	24
8	24
2	20
23	0
1	0
6	0
4	1
3	0
0	0
0	0
0	42
0	23
5	4
0	176
0	169
0	150
0	47
1	159
2	155
0	137
0	143
0	56
0	166
0	144
0	162
1	5
0	1
0	0
14	0
17	0
15	0
13	0
32	0
2	0
0	0
1	1
3	2
1	2
70	14
0	5
3	5
8	111
30	114
407	13
0	13
0	250
206	250
39	0
4	0
9	0
0	0
133	120
2	120
1	143
282	143
3	5
0	617
0	620
0	620
0	612
0	628
0	609
0	617
0	625
3	27
16	827
8	808
2	895
22	289
0	289
73	0
1	22
34	419
8	479
0	158
0	201
0	415
2	768
0	725
11	0
0	214
0	203
0	203
0	90
0	102
0	91
26	121
2	0
80	0
1	0
23	54
0	54
13	41
9	0
4	658
471	658
0	8
2	8
2	1
4	292
2	16
15	303
0	85
22	61
2	10
1	10
0	725
0	1000
0	1074
0	1037
0	651
6	1020
0	688
9	91
67	0
6	180
15	188
4	136
1	75
54	70
2	0
3	0
0	485
128	485
3	348
110	0
7	0
15	0
5	0
14	0
350	0
375	0
4	0
144	0
273	183
0	183
17	446
69	446
0	88
0	694
0	1083
0	1006
4	99
0	617
0	88
0	79
0	81
10	13
0	88
0	90
3	81
397	81
17	0
111	0
42	0
0	12
0	176
147	176
265	385
36	390
65	378
0	14
8	1267
1	602
3	875
3	1831
33	2261
45	0
4	52
4	52
18	0
0	397
0	245
0	506
0	493
0	470
0	268
0	480
0	482
0	255
0	257
0	281
0	470
0	519
0	232
0	245
0	294
3	0
5	0
43	0
6	64
1	64
117	35
0	0
3	135
41	135
38	389
11	389
0	16
0	881
20	507
0	855
0	861
0	875
20	0
3	0
0	0
1	3
3	3
18	0
0	359
801	359
26	0
5	0
1	0
3	1
0	1
0	973
0	1003
0	993
0	953
0	985
0	1043
0	1025
0	30
0	1013
12	0
1	0
0	251
0	251
97	0
0	513
2	90
0	109
1	10
1	613
0	687
0	236
0	640
0	560
13	0
2	28
41	391
25	391
0	28
3	0
0	543
0	193
9	308
0	193
0	221
0	221
0	543
2	0
3	0
7	0
28	0
0	306
0	258
0	260
0	293
0	295
0	271
0	256
0	291
3	9
5	135
19	135
4	247
3	248
1	1
0	0
0	0
2	383
0	491
56	491
0	8
0	40
12	3191
2	3263
626	3195
52	2722
0	8
0	5
44	4
66	0
0	5
0	7
45	177
316	177
3	0
19	137
2	137
0	5
0	5
0	17
0	16
0	17
0	23
0	16
0	23
102	0
1	0
0	0
4	0
2	0
0	0
0	0
0	0
1	2
0	1
0	4
0	3
0	4
13	3
75	30
1	13
172	43
9	0
0	0
5	0
489	1
2	0
1	0
0	133
41	133
1	0
0	0
249	0
18	304
0	304
5	20
2	20
6	4
1	4
13	16
0	16
4	68
5	234
62	234
65	0
190	0
5	0
24	1
1	1
1	0
3	0
0	0
0	744
0	757
0	774
0	742
0	712
0	711
0	679
0	776
0	678
0	691
0	742
0	755
0	680
0	692
0	710
0	755
0	774
0	693
289	0
0	26
0	26
0	26
0	600
0	523
0	597
0	565
0	526
0	488
3	55
0	562
0	491
4	6
1	6
1	0
3	0
11	0
524	3
0	3
148	44
24	44
8	0
8	0
0	581
0	518
0	559
0	492
0	547
2	0
0	555
0	484
0	496
0	6
6	6
23	368
2	65
26	368
0	484
2	102
0	346
0	223
0	505
0	117
3	6
25	0
4	0
1	0
1215	3
0	576
5	541
0	574
52	362
22	362
2	308
14	7
0	493
0	177
0	423
0	409
5	20
0	163
0	247
5	163
37	0
0	0
16	419
0	419
13	0
60	0
13	0
2	261
1	312
0	251
5	302
2	2
1	0
787	1900
78	1900
6	0
3	0
484	0
0	56
14	86
1007	142
1	0
209	7
2	7
0	0
259	0
0	3104
11	2229
0	2225
0	3531
0	2652
12	0
3	1
17	3
1	3
0	1
7	1
2	1
0	15
0	15
349	15
19	0
13	14
0	14
0	12
3	12
22	0
55	0
0	72
0	69
60	141
2	261
181	261
163	0
246	0
132	0
0	3
8	487
513	487
9	1
0	4
28	1210
2	1203
0	5
0	199
14	19
7	19
12	0
5	0
2	3
35	4
4	32
3	52
9	305
0	275
0	310
1	306
4	22
23	306
7	0
4	0
2	6
2	5
0	12
5	14
2	4
6	1
8	4
1	825
28	823
1	255
1	0
4	44
194	44
403	0
160	1
0	2
5	2
4	2
4	2
8	0
0	5
0	2
27	7
1	48
0	1242
0	748
21	543
23	1140
4	537
0	0
3	0
1	0
75	0
0	347
0	466
3	369
3	125
0	180
0	190
0	40
10	1067
7	156
21	403
6	1087
0	7
10	10
15	3
13	0
16	0
16	71
36	70
2	67
34	896
7	896
253	0
21	0
13	0
0	1014
0	982
0	1012
0	984
0	0
43	0
107	0
0	0
37	0
5	173
2	342
21	342
0	40
1	40
0	391
0	27
0	407
18	329
0	364
0	436
0	380
0	420
1	0
8	0
84	1428
65	1428
0	3
4	0
82	211
2	195
1	206
0	11
2	8
3	8
0	4
4	64
27	119
5	55
71	1
1	1
2	30
89	30
4	1
16	1
1	0
7	0
67	6
164	6
2	14
245	142
4	128
2	0
13	0
1	41
3	522
62	522
87	0
101	0
5	0
240	13
1	15
8	0
92	4
4	4
84	201
17	201
2	6
75	6
4	0
33	0
67	0
38	1
1	0
8	0
2	0
27	0
0	0
3	0
1	0
3	4
0	4
0	4
2	6
0	6
163	0
2	0
1	0
28	0
0	0
22	0
24	0
160	0
9	0
73	0
201	0
160	0
0	1
4	1
0	2
1	1
4	5
2	5
2	0
1	1
9	1
0	7
8	7
6	0
4	0
4	108
25	108
63	0
0	0
219	153
13	153
9	0
15	0
2	0
1	0
1	0
7	0
29	271
12	271
85	0
0	98
26	98
4	1
0	8
4	8
49	0
109	0
7	18
4	18
0	27
0	27
51	104
0	354
0	364
0	332
0	299
0	467
0	309
0	412
0	219
32	1
1	1
2	6
14	6
6	0
2	98
0	95
0	2
0	2
8	0
42	0
107	19
14	19
45	31
2	31
1	27
191	27
2	4
6	4
3	0
4	0
4	0
33	189
16	189
3	55
17	0
0	0
1	0
5	0
43	2
17	0
72	0
3	0
1	0
0	0
1	0
203	0
104	0
83	547
0	327
2	220
0	173
0	173
11	0
1	0
134	0
0	0
747	59
2	59
437	20
3	20
5	4
2	4
0	4
42	0
2	0
84	0
96	0
26	0
0	86
10	98
9	89
4	98
8	4
0	2
2	2
10	0
193	0
2	14
2	2
17	121
4	121
276	11
0	11
0	48
0	48
0	48
0	8
9	8
11	0
1	0
1	0
0	0
0	0
3	0
29	0
2	2
5	2
21	0
47	0
59	0
2	0
0	0
10	0
11	0
6	0
2	184
753	184
75	78
9	74
0	4
1	0
2	22
0	22
13	14
2	14
53	0
1	0
27	4
0	49
200	49
18	0
248	0
64	0
42	0
74	77
24	0
0	77
2	0
1	64
8	64
59	0
2	0
0	33
95	33
290	0
9	146
22	146
198	0
69	0
1	0
8	0
0	10
7	10
0	0
0	0
0	0
0	0
43	1
0	2
6	0
6	36
3	36
124	0
0	0
7	0
8	24
12	24
5	0
7	0
31	0
1	0
6	0
196	0
4	8
3	28
0	28
64	0
5	0
3	0
0	7
8	7
0	5
0	5
4	0
2	7191
0	7191
2	0
9	11
1	11
55	64
249	1
0	64
3	1
266	0
7	109
10	98
2	99
3	75
9	198
14	198
16	0
12	0
4	5
0	5
2	83
0	336
268	419
2	0
455	0
0	27
0	33
19	34
2	28
71	6
2	6
91	0
11	0
18	86
10	86
14	15
1	15
13	1
0	0
13	0
4	0
303	0
58	0
3	0
4	13
7	15
0	15
3	0
491	0
0	0
1	146
690	3089
20	3089
4	38
2	38
2	31
399	0
11	34
3	36
2	31
27	0
26	0
4	664
116	428
0	1354
35	433
422	2176
3	1708
374	99
17	16
1	894
0	1735
0	2
70	2
7	151
25	236
0	85
8	201
17	201
10	0
57	0
0	0
0	732
0	749
0	819
0	764
0	782
0	763
0	833
0	781
0	801
0	731
0	4
0	851
0	750
128	0
736	0
15	0
7	0
0	0
28	0
34	34
0	34
299	551
2	444
0	91
3	2
0	78
0	2
11	460
35	0
9	1
216	1
1	0
16	0
34	0
0	8
1019	8
229	0
0	564
0	166
0	552
6	8
0	0
0	841
0	346
0	829
0	81
0	334
0	23
0	230
79	0
8	0
375	31
0	31
0	123
8	204
98	327
0	67
0	71
0	215
0	100
0	244
17	7
0	31
3	78
0	390
0	408
0	471
0	124
0	480
0	489
0	123
0	42
0	462
3	874
30	874
54	0
0	16
0	16
1	0
4	0
1	0
3	0
5	0
7	0
15	0
20	0
9	70
0	70
7	0
65	1152
3	1474
166	1683
1	179
1	220
0	208
0	191
0	1
0	635
33	1098
7	828
2	772
3	564
0	1379
1	0
4	0
15	0
239	0
0	228
0	230
0	105
0	217
1	0
0	215
0	221
5	115
0	223
0	236
0	235
0	244
2	11
0	114
4	191
10	0
0	739
0	776
0	776
0	0
0	569
0	739
0	532
0	286
0	353
0	190
0	123
4	0
44	0
3	8
196	118
0	18
2	9
0	9
27	17
1	6
3	109
333	0
20	5
44	13
0	70
0	70
1	0
44	66
5	0
24	510
29	93
120	1626
2	196
124	1607
13	266
0	1612
8	1
0	2
0	2
160	0
16	0
5	36
7	56
2	56
0	527
0	365
0	246
0	269
0	408
46	0
210	0
49	0
3	108
46	189
27	0
0	81
7	393
185	138
8	393
16	0
57	0
1	0
1	0
0	0
4	0
597	0
0	322
12	322
878	0
0	122
29	122
3	4
13	3
2	896
1	211
2	683
0	687
5	119
0	45
30	0
0	0
0	1
26	0
2	31
0	31
0	5
2	5
0	2
4	3
12	0
5	0
2	1
1	1
41	0
17	0
2	0
10	0
171	0
2	187
12	1008
146	1289
9	281
353	30
1	1
392	3
350	4
4	4
3	4
6	3
176	0
2	0
19	0
50	0
143	1
6	0
1	0
2	0
2	0
7	80
612	80
2	0
21	0
3	3
9	54
0	3
1	51
2	0
0	0
2	83
24	84
1	1
0	153
0	376
0	110
0	150
0	336
0	379
0	160
361	160
0	332
19	319
0	536
0	263
0	605
66	0
0	23
0	14
0	12
0	21
17	0
3	0
25	744
18	744
5	156
7	1
102	0
4	0
3	1
7	0
3	0
15	0
1	0
1	0
2	0
2	0
6	0
1	0
3	0
4597	0
16	0
8	3
21	13
26	6
113	31
80	52
5	289
9	43
1	253
0	292
3	1
11	4
1	2
1	19
3	27
5	0
32	0
19	0
4	99
44	82
109	99
109	166
0	166
9	0
0	0
399	109
1	3
4	0
27	499
18	511
103	3
0	4
8	0
5	0
1	0
21	0
7	379
0	201
20	228
46	379
1	334
7	128
0	387
0	79
0	101
1	158
0	94
0	83
0	35
2	17
0	46
2	0
0	0
3	3
32	0
0	0
3	0
12	0
1	117
90	122
2	5
1	5
8	0
1	26
6	8
3	6
2	10
1	23
76	0
0	27
0	12
1	0
0	1
1	248
0	5
8	176
3	0
47	287
11	316
36	1254
15	774
27	840
105	1252
3	3
11	0
4	0
2	0
12	25
3	25
3	2
0	2
2	51
9	0
88	53
3	161
8	161
0	413
0	352
0	273
0	410
0	270
13	26
0	127
0	251
1	4
6	225
0	267
0	59
0	224
14	73
2	77
2	94
3	568
0	599
3	194
0	315
3	38
0	312
0	230
0	227
2	0
3	0
2	0
2	0
1	0
5	0
72	17
41	17
45	1236
15	1043
69	1184
1	14
1	2
8	2
0	417
0	7
0	417
6	3
0	470
1	9
0	470
0	7
1	4
0	359
0	479
0	530
0	401
0	488
0	462
0	386
0	481
0	471
0	376
0	408
0	503
0	418
0	472
0	489
0	46
0	498
0	391
0	513
0	520
0	479
0	369
0	0
48	0
10	0
3	0
69	0
14	102
0	69
5	101
46	0
5	7
3	7
84	4
0	4
450	4
81	0
278	55
3	7
6	55
0	297
0	6
0	79
102	371
30	19
45	16
77	2
0	0
3	0
4	0
5	0
1	0
22	0
11	0
59	0
14	0
22	0
10	1
0	1
1	0
5	13
0	1
0	1
11	4
8	77
15	79
3	76
3	19
0	10
2	1
3	13
0	0
1	0
1	13
0	0
1	0
1	0
0	1538
7	1491
20	843
8	154
0	113
0	111
0	7
74	203
43	203
0	0
13	0
4	0
6	0
0	0
0	0
3	0
30	613
2	613
0	274
0	274
4	0
0	4
0	4
151	0
233	19
0	18
3	1
6	355
4	360
20	360
7	2966
4	1096
2	2235
4	3112
240	0
7	807
25	807
0	31
4	613
1	94
1	520
0	0
1	0
1	3
0	2
0	1
9	1
0	5
0	2
0	5
0	6
1	10
103	124
0	25
14	106
2	2
4	2
18	32
0	99
19	114
0	0
8	0
0	0
2	20
14	33
8	0
0	3
0	15
13	3
0	6
0	8
0	17
1	29
5	3
8	13
5	18
3	0
0	0
3	0
0	5
4	5
73	1
0	1
1	173
93	174
0	369
0	578
0	222
0	725
4	0
15	0
33	0
0	530
0	457
0	470
0	545
0	437
0	450
0	516
0	549
0	531
0	534
0	3
2	18
244	223
28	865
31	648
10	695
40	681
552	910
18	935
54	638
0	505
2	0
42	1
33	681
3	681
0	44
1	122
5	249
12	84
8	249
12	10
5	122
2	122
10	119
3	122
11	634
60	634
0	22
7	0
47	0
49	0
0	0
10	0
0	0
5	0
5	0
4	128
33	128
2	4
1	4
63	0
67	0
431	0
121	2
1	4
0	4
178	4
209	5
2	18
271	18
1	0
16	0
122	1
171	275
11	275
2	0
0	2
454	0
1	90
3	96
4	96
575	0
7	1066
62	471
4694	1162
31	0
17	0
0	0
1	2
4	0
0	314
12	314
6	64
0	64
3	223
36	287
3	12
0	1
9	834
83	834
217	183
0	2
24	180
120	1
0	39
1	127
0	47
0	135
0	4
26	4
2	0
9	0
226	217
65	217
114	2
0	2
9	256
3	256
1	0
0	68
5	69
0	42
28	42
0	584
0	490
0	374
0	345
0	452
6	33
0	461
0	625
0	508
0	530
2	302
0	468
0	509
0	467
1	145
17	0
3	0
1	2
0	2
604	338
7	334
0	516
0	500
0	333
0	184
0	317
0	200
6	297
0	778
0	626
0	444
0	35
0	699
0	236
0	289
0	851
1	45
0	492
0	439
0	571
0	518
0	772
0	705
0	523
63	62
4	18
8	2
1	2
0	2
0	2
4	2
10	18
0	90
6	258
0	20
0	13
59	319
1	12
0	12
31	0
3	0
18	0
1	0
10	0
7	0
0	11
1	11
65	0
73	31
3	31
62	0
3	83
4	86
11	0
21	0
2	86
89	0
1	96
9	96
1	70
2	604
11	259
3	642
1	510
4	548
3	247
46	269
228	12
16	12
18	244
6	245
1	1
1	83
3	78
85	27
0	28
0	26
2170	6
2	0
814	120
2	120
68	0
2	0
1	0
1	0
2	0
6	0
1	1
0	1
6	5
0	5
2	14
6	14
0	0
6	0
0	78
0	212
0	197
0	63
20	199
14	844
0	902
0	665
1	708
3	549
2	7
0	660
2	0
1	2
3	2
70	0
1	0
0	3
0	10
0	7
0	2
0	9
0	5
10	6
0	6
0	5
4	9
0	5
1	14
0	7
0	7
0	5
0	8
0	4
2	2
35	0
1	0
17	1
0	0
201	0
0	482
0	785
0	554
0	557
0	809
0	808
0	833
0	481
0	533
0	506
0	530
0	809
735	0
19	119
18	132
9	132
6	5
0	5
3	30
266	36
4	36
0	11
7	11
6	4
1	2
0	2
2	4
0	5
0	12
2	19
1	12
70	8
20	38
3	26
0	2
0	2
1	1
0	1
335	0
9	0
111	0
101	600
22	600
3	22
1	225
923	225
0	7
0	354
0	378
0	618
0	642
2	209
233	209
0	2
1	1
0	868
0	428
1	471
0	584
0	619
0	448
0	362
0	382
0	890
32	200
10	209
0	910
1	2
9	0
84	0
8	0
3	0
32	0
3	0
11	1
3	0
4	0
1	0
9	0
3	0
3	0
8	214
194	0
37	202
25	196
19	26
59	187
4	3
0	0
6	0
0	2
3	2
36	0
11	0
2	0
27	3
28	316
0	352
0	385
4	379
0	206
0	269
15	0
135	130
5	130
0	3
4	1
1	6
3	0
29	6
2	14
4	14
10	0
609	2
39	0
1	6
1	0
2	0
0	7
1	33
60	158
5	125
520	0
6	0
6	0
0	0
4	18
2	18
5	0
6	158
0	137
0	207
0	31
0	101
4	2
12	200
0	222
118	0
0	1455
0	1529
0	1739
4	1813
7	0
0	0
0	8
5	8
1	427
0	44
0	1617
0	1679
0	119
0	731
0	2296
1	42
0	2234
1	2217
0	1579
4	2389
0	0
104	143
1994	143
11	104
7	13
54	34
84	79
32	49
573	121
7	0
2	0
97	0
232	0
70	0
209	0
49	0
50	220
218	183
9	220
0	1
0	264
0	308
0	273
12	293
76	1
6	0
6	0
3	0
60	0
5	0
2	0
120	0
0	1
2	1
0	2
0	0
5	2
92	0
429	0
0	11
13	11
0	5
2	5
26	19
184	0
0	18
3	69
1	69
51	17
0	17
0	0
316	0
114	3
0	3
179	3
19	998
0	915
1	880
0	1000
0	862
12	464
0	989
30	895
0	934
0	31
0	981
1	0
233	0
114	0
7	0
22	0
125	0
19	27
11	27
2	0
0	1
10	0
10	1
0	380
0	0
18	4
2	347
0	7
4	7
1	1
3	1
0	186
0	8
0	0
18	24
1	9
1	24
3	13
0	9
0	14
0	5
5	10
15	11
4	0
2	0
6	0
4	0
0	0
118	0
17	363
3	363
1	0
56	0
23	25
0	25
331	0
824	276
1	276
0	513
2	165
0	498
0	483
0	498
2	3
0	4
11	743
28	940
17	1336
3	286
118	2078
0	699
0	699
0	708
0	708
0	756
0	756
48	0
173	0
2	0
5	0
15	1
0	1
4	0
19	0
313	0
22	0
351	0
284	6
0	6
132	0
0	60
32	60
58	0
5	3456
386	3453
0	437
20	430
41	1988
150	30
49	33
638	2394
0	437
0	437
0	107
2	250
8	250
0	437
21	0
61	0
9	0
128	82
0	82
29	75
536	0
17	0
0	1476
0	1424
0	1470
0	996
0	1049
0	1430
0	1055
0	1478
0	1422
0	1472
0	1428
0	990
39	43
2	7
38	427
2	420
2	4
3	0
0	440
1	0
2	469
0	6
2	0
2	9
5	17
0	461
2	483
12	480
0	476
0	15
4	2
7	32
5	32
64	0
18	0
4	226
463	226
0	18
336	527
35	470
3	459
20	0
21	0
2	0
0	0
107	0
10	144
34	181
4	43
15	97
4	97
92	0
277	0
0	17
0	29
0	14
63	0
10	0
12	8
20	122
2	111
6	69
44	134
1	41
142	316
2	284
0	77
1531	64
59	0
0	64
9	236
2	449
0	158
2	10
0	451
2481	0
24	0
4	0
2	0
0	1
12	1
0	1
3	0
0	0
1	0
0	10
0	10
4	0
0	0
0	180
27	195
1	104
1	18
0	30
4924	8
4	0
3	225
183	225
1	7
5	4
0	4
1	4
2	3
0	11
0	787
7	271
7	599
0	968
0	170
0	351
52	1
25	0
10	0
5	0
0	0
6	2
1	0
0	0
88	0
3	16
0	16
1	15
6	15
0	0
642	12
3	3
0	3
16	12
3	3
8	339
12	364
5	25
3	71
0	12
0	21
0	80
2	34
2	0
2	0
2	1
2	1
4	1
0	665
15	647
0	654
0	464
0	693
0	635
0	408
0	734
0	657
0	716
0	376
0	683
2	423
0	315
0	440
3	178
7	178
0	4
3	4
0	0
68	0
0	26
26	26
0	8
15	103
8	102
62	0
52	0
44	2
0	2
16	22
5	22
141	1
97	1
2	1
174	0
3	21
2	164
0	1
1	1
89	1013
3	39
12	886
17	767
14	0
0	19
11	19
352	0
9	63
12	63
0	1765
0	1768
0	1776
13	477
0	1779
0	1888
0	1877
0	1
3	2
1	0
1	305
1	41
0	41
85	1917
226	389
275	3268
43	3647
2	12
43	0
2	0
2	0
5	0
100	0
17	0
2	294
3	185
1	38
24	360
0	523
1	5
2	6
0	523
3	34
0	536
5	30
6	39
0	536
3	497
2	30
0	1
43	0
2	0
58	0
26	0
14	1
0	1614
0	1653
0	2200
0	2161
0	713
0	752
0	407
0	414
0	167
0	190
0	394
0	349
0	363
11	358
0	367
0	372
0	23
0	287
0	374
0	252
0	310
0	403
4	32
0	235
0	310
0	0
1	1
0	1
12	0
20	3
0	39
2	162
17	160
6	162
8	0
294	74
5	88
0	88
63	0
0	789
0	3202
0	3307
1	1916
0	4090
0	3588
0	3749
0	2837
3	1881
0	4251
0	1711
0	10
4	0
2	0
4	0
3	0
7	0
5	0
0	23
27	23
1	597
0	597
146	0
10	0
70	0
0	9
9	10
0	10
0	1
0	2
0	3
2	2
7	8
1	6
30	614
15	189
30	614
0	10
0	338
47	491
7	140
1	225
2	6
5	153
0	7
3	506
0	4
0	19
277	1
4	486
767	486
0	19
104	0
1	0
1	0
4	0
4	0
55	0
7	0
3	0
12	2
165	0
141	0
4	38
17	38
335	0
384	0
0	187
0	750
0	1182
0	1126
0	806
1	6
9	0
4	118
0	149
2	256
973	85
3	12
0	116
0	31
0	113
7	12
169	253
0	15
0	85
0	2
1	2
0	2
0	2
1	0
1	0
9	0
3	0
0	20
5	20
75	0
25	0
5	122
0	122
14	0
5	0
114	0
19	0
15	0
67	0
331	134
0	134
775	0
341	0
6	3
0	400
0	1889
4	88
0	1559
0	1725
0	871
0	1600
0	1480
0	1968
0	1769
0	1480
0	582
0	1769
0	1679
1	1521
0	192
0	1848
0	1600
0	1889
67	0
50	0
59	1
8	0
19	0
2	0
11	0
0	0
20	0
7	0
4	0
5	0
0	0
4	0
2	0
0	18
2	18
23	0
0	143
0	143
0	5
37	0
274	0
0	1
1	44
260	45
2	1
0	93
0	250
0	177
1	0
0	166
0	203
14	0
96	113
0	276
1	139
0	21
2	0
0	0
1	1
0	0
0	0
2	4
3	5
0	3
0	0
6	3
2	2
3	21
1647	0
24	0
43	0
1	6
0	3
1	1
0	4
0	5
0	10
1	11
0	7
1	1
29	36
2	9
3	5
0	30
0	7
10	18
1	7
0	6
0	1
9	3
0	2
1	6
5	6
0	15
12	26
0	11
0	26
0	0
3	0
5	461
0	243
7	830
0	1
0	918
0	620
0	31
0	144
0	117
0	151
0	145
0	0
3	0
2	15
0	3
0	12
102	12
42	1
139	0
6	0
2	0
2	0
0	26
2	194
8	192
0	194
0	901
0	901
6	353
0	864
0	864
3	0
1	0
0	0
1	0
1	1
1	107
9	107
0	6
3	6
19	12
0	12
0	4
484	4
21	129
0	129
40	31
6	31
1	226
26	52
1	220
26	215
0	226
0	48
6	0
0	20
0	0
0	215
5	0
3	0
5	0
8	0
10	0
5	0
5	0
1	0
1	0
88	0
0	0
21	0
0	0
1	1
4	0
2	0
0	0
0	106
5	147
152	148
1	1
1	3
0	26
3	41
0	36
0	56
0	66
2	34
1	68
29	54
121	6
69	1
1	5
5	0
0	39
0	39
27	39
124	0
3	105
34	286
6	198
6	62
2	84
1	17
137	2
0	2
18	323
0	0
5	233
58	323
15	1168
7	1989
206	2175
0	2344
0	2
11	0
15	0
2	0
13	527
50	527
0	61
1	330
2	276
0	115
0	581
0	471
0	430
2	555
6	224
0	622
3	1
34	6
3	1
0	457
0	420
0	183
0	432
0	394
0	141
0	208
0	171
8	215
0	382
0	412
0	221
0	387
0	216
8	5
0	345
0	220
0	427
0	183
0	209
0	390
0	179
0	246
0	178
0	349
0	375
0	294
17	52
0	649
0	589
0	9
0	316
2	246
0	570
0	31
0	627
2	14
0	1
16	29
10	0
3	0
0	0
5	0
160	3
35	229
3	229
4	50
3	50
229	0
0	0
143	114
0	114
157	0
53	2
2	2
15	143
159	143
4	0
2	0
2	0
0	4
2	4
0	10
7	6
0	11
2	13
1	2
9	1
2	8
59	4
0	8
0	4
1	2
514	551
24	551
4	1
11	13
18	30
6	27
0	2
0	56
2	30
4	52
1	44
2	38
8	44
15	1
0	1
0	1
1	1
8	0
0	5
30	136
641	136
2	0
4	51
43	51
60	0
2	1
31	1
2	30
0	882
0	224
0	838
0	922
0	308
0	966
0	54
0	345
77	344
0	0
94	0
46	0
0	0
5	18
0	18
22	12
12	0
25	268
593	268
5	2
1	7
7	6
1	6
17	15
4	15
95	4
2	4
30	1
1	337
0	317
19	299
8	336
9	140
34	0
13	0
4	0
7	0
2	0
1	0
46	0
0	207
0	247
0	224
0	232
0	192
0	316
0	71
0	256
1	247
0	310
0	322
0	254
0	315
2	0
5	0
56	14
0	14
989	0
0	26
263	14
0	52
0	41
0	37
0	0
54	172
1	56
0	2
2	25
0	189
1	96
0	80
183	1
29	319
0	1082
65	315
5	315
178	1096
50	299
19	547
192	0
0	0
24	534
3	534
0	500
0	491
0	497
19	189
0	488
346	1
1	80
0	81
2850	0
22	2766
7	19
39	1577
0	2766
245	2357
72	1951
17	0
4	0
2	0
3	0
3	0
5	0
1	0
9	0
28	21
19	340
13	321
0	321
4	289
1	4
22	120
0	14
2	6
4	129
1	1
1	0
11	145
1	0
0	154
4	0
29	28
22	50
1	23
7	0
6	1
10	0
0	3
6	3
47	0
12	0
0	151
2	148
1	148
0	67
0	151
2	59
2	540
64	463
0	541
43	6
0	32
530	32
2	6
0	0
4	0
2	1
17	1
8	4065
9	4044
464	4064
7	2
195	1
8	0
1	40
23	40
8	0
24	118
2	25
3	93
5	55
6	58
12	24
54	58
3	7
0	1
9	4
0	5
10	5
0	6
11	3
1	2
0	10
50	37
71	529
93	556
2	1
4	3
3	13
29	26
7	15
2	0
2	0
2	9
12	11
292	0
14	0
1	0
5	0
2	0
1	0
3	0
13	0
8	0
28	0
77	0
0	692
0	234
0	294
0	102
0	884
17	918
1	90
0	824
0	0
1	3
5	268
5	7
2	272
54	0
2	1
0	161
0	800
0	802
4	4
0	159
0	0
68	0
3	0
21	0
78	1
1	3
1	3
2	5
8	5
239	1
467	0
169	82
0	82
6	121
0	121
16	119
55	108
15	93
99	93
4	1
2	42
7	42
125	0
0	880
0	859
0	876
0	855
3	1
0	47
0	47
3	62
16	13
21	75
33	64
27	13
15	0
1	0
8	0
0	0
0	0
6	0
5	0
5	0
0	0
14	0
52	0
0	53
18	2
187	53
1	2
0	0
69	0
70	555
20	54
3	23
6	552
0	0
5	0
4	0
1	1
3	0
1	0
3	0
2	0
3	0
1	0
2	0
3	0
0	0
1	0
3	0
1	0
2	0
2	0
1	0
3	0
5	0
1	0
0	0
2	0
0	1
0	1
0	0
4	0
3	0
3	0
4	0
2	0
2	0
3	0
1	0
0	0
3	0
2	0
3	0
0	0
1	0
2	0
4	0
1	0
1	0
4	0
2	0
1	0
2	0
1	0
1	0
0	0
4	0
1	0
2	0
3	0
3	0
3	0
2	0
1	3
4	0
2	0
10	0
0	0
1	0
0	0
2	0
2	0
4	0
6	0
1	0
1	0
3	0
1	2
2	0
2	0
3	0
1	0
5	0
4	0
2	0
0	0
2	0
1	0
3	0
3	1
2	0
7	0
2	1
2	0
2	0
3	0
5	2
0	2
5	0
3	0
4	0
2	0
4	0
263	0
7	0
1	0
6	0
0	0
3	0
2	0
0	0
1	0
7	0
0	0
1	1
3	0
2	0
1	0
3	0
2	0
4	0
2	0
6	0
9	0
1	0
1	0
2	3
1	3
4	0
4	0
2	0
3	0
6	1
3	0
1	0
16	0
4	0
1	0
3	0
1	0
1	0
7	0
4	0
3	0
5	0
8	0
2	0
2	0
2	0
3	0
3	11
0	11
3	0
0	0
1	0
4	0
3	0
12	0
1	0
2	0
4	0
10	0
1	0
5	0
6	0
3	0
7	0
2	0
11	0
6	0
1	0
3	0
4	0
1	0
4	0
7	0
4	0
6	0
0	0
1	0
36	0
33	3
5	0
3	0
6	0
7	3
11	0
2	0
8	0
5	0
0	3
2	3
4	0
0	0
1	0
4	0
5	0
3	0
5	0
6	0
2	0
3	0
3	0
5	0
7	0
1	0
1	0
5	0
3	0
3	0
2	0
6	0
37	0
16	0
2	0
0	0
4	0
7	0
5	0
9	0
15	0
3	0
4	0
1	0
5	0
21	0
5	0
9	0
3	0
3	0
4	0
2	0
24	0
3	0
2	0
3	0
12	0
2	0
2	0
3	0
12	0
13	0
4	0
14	0
7	0
6	0
4	0
4	0
10	0
9	0
1	0
4	0
3	0
1	0
4	0
4	0
6	0
3	0
2	0
3	7
4	7
3	0
9	0
18	0
3	0
3	0
1	0
10	0
34	0
2	0
4	0
3	0
16	0
1	1
0	1
2	0
4	0
1	0
4	0
8	0
1	0
4	1
1	0
9	0
3	0
2	0
5	0
6	0
0	0
5	0
5	0
8	0
1	0
6	0
4	0
3	0
0	0
2	0
6	0
2	0
9	0
1	0
1	0
0	0
0	5
2	5
3	0
2	0
2	0
5	0
5	0
0	0
2	0
4	0
7	0
13	0
25	0
1	2
0	2
0	0
2	0
4	0
6	0
7	0
11	0
0	0
1	0
14	0
3	0
4	0
5	0
4	0
4	0
4	0
5	0
5	0
3	2
15	3
6	0
3	0
7	0
2	0
8	0
2	0
22	0
5	0
3	0
1	0
4	0
0	0
2	0
4	0
0	0
0	0
14	0
11	1
7	0
1	0
5	0
1	0
5	0
0	2
0	3
0	0
4	0
2	0
4	0
2	0
7	0
2	0
10	0
2	0
3	0
17	0
3	0
1	0
0	0
7	0
6	0
1	0
1	0
6	0
4	0
1	0
3	0
0	10
1	10
3	0
2	0
4	0
6	0
4	0
3	0
7	0
0	0
9	0
4	0
2	0
0	0
10	0
1	0
0	0
29	0
4	0
3	0
17	0
20	0
5	0
2	0
4	0
1	0
1	0
5	2
0	3
5	1
1	2
1	2
2	0
4	1
1	0
1	0
2	0
1	0
4	0
4	0
15	0
5	0
2	0
0	9
2	9
3	0
2	0
3	0
1	0
34	1
2	0
1	0
11	0
5	0
3	0
6	0
4	0
11	0
5	0
0	0
3	0
4	0
0	0
2	0
1	0
1	0
2	0
5	0
4	0
1	0
2	0
4	0
1	0
4	0
3	0
0	0
5	0
2	0
2	0
3	0
4	0
0	0
9	0
4	0
2	0
1	0
5	0
0	0
5	0
0	2
0	2
4	0
2	0
1	0
1	0
2	0
1	0
0	0
0	0
2	0
5	0
2	0
1	0
2	0
0	0
12	0
1	0
11	0
3	1
11	0
1	0
2	0
2	0
3	0
8	0
6	0
2	0
0	2
0	2
2	0
1	0
1	0
3	0
0	0
2	0
3	0
1	0
112	0
10	0
2	0
2	0
2	0
14	0
3	0
93	0
7	0
3	0
6	0
7	0
1	0
0	21819
0	21820
0	21820
0	21819
0	21820
0	21820
0	21820
0	21818
0	21819
0	21819
0	21818
0	21820
0	21820
0	21819
0	21820
0	21818
0	21818
0	21820
3	0
4	0
10	0
1	0
3	0
154	0
1	0
0	0
0	0
0	0
0	0
2	0
1	0
4	0
3	0
18	10
1	0
8	0
1	0
42	0
20	0
1	0
0	0
4	0
3	0
3	0
5	0
7	0
0	0
2	0
4	0
11	1
4	0
8	2
6676	9
3	0
2	0
1	0
8	0
1	0
2	0
2	0
5	0
84	0
4	0
5	0
111	0
5	1
2	0
1	0
3	0
1	0
7	0
2	0
0	3
9	3
3	0
0	0
2	0
3	0
4	0
2	0
5	0
12	0
1	0
3	0
8	0
2	0
11	0
2	0
2	0
3	0
4	0
7	0
17	0
9	0
0	0
4	0
4	0
5	0
15	0
1	0
3	0
2	0
4	0
8	0
4	0
10	0
3	0
7	0
0	0
5	0
2	0
6	0
0	0
5	0
5	0
13	0
2	0
6	0
0	0
2	0
0	0
5	0
4	0
1	0
9	0
2	0
2	0
0	0
5	0
2	0
2	0
10	0
1	0
15	0
2	0
3	0
2	0
1	0
206	0
1	0
4	0
2	0
7	0
4	0
3	0
3	0
4	0
2	0
1	0
3	0
4	0
1	0
4	0
6	0
1	0
2	0
2	0
2	0
6	0
4	0
0	0
5	7
24	0
12	0
4	0
2	0
13	0
1	0
2	0
3	0
4	2
3	0
4	0
3	0
2	0
2	0
0	0
2	0
4	0
2	30
7	30
4	0
8	0
6	0
3	0
4	0
1	0
1	0
3	0
6	0
1	0
6	0
5	0
2	0
6	0
8	0
0	23
2	23
5	1
0	2
1	2
0	1
3	1
8	0
3	0
1	0
1	0
2	0
4	0
1	0
7	0
6	0
1	0
0	0
0	0
3	0
1	0
5	43
11	43
2	0
5	0
39	0
3	0
1	0
4747	1
1	0
2	0
3	0
3	0
5	0
2	0
6	0
8	0
2	0
2	0
3	0
2	0
6	0
2	0
20	0
7	0
10	0
57	0
0	0
2	0
9	0
9	3
11	0
3	1
0	1
4	0
0	16
4	16
5	0
1	1
4	1
5	1
8	0
3	0
10	0
8	14
1	14
4	1
109	1
7	0
0	7
5	7
10	0
0	2
0	2
8	0
8	0
3	0
0	1
4	1
1	0
2	0
1	0
351	0
4	0
3	22
2	22
5	0
2	0
6	0
3	0
0	0
6	0
8	1
0	1
4	0
4	0
4	0
14	0
10	0
3	0
0	0
1	0
1	0
2	0
4	0
4	0
49	0
10	0
2	0
1	0
5	0
10	0
2	0
3	0
1	0
3	0
3	0
2	0
3	0
0	0
1	0
2	0
4	0
0	53
28	53
6	0
0	1
0	1
0	0
2	0
1	0
4	0
4	0
0	1
0	0
1	1
9	0
27	0
6	0
23	0
19	0
3	0
2	0
3	0
5	0
3	0
6	0
2	0
8	0
3	6
6	0
7	1731
2117	1731
5	0
0	1
2	1
6	0
8	0
3	0
0	0
2	0
5	0
2	0
3	1
4	0
4	0
5	25
2	25
2	0
2	0
2	0
54	0
2	0
0	1
4	0
2	0
0	0
11	0
1	0
1	3
0	3
12	0
4	0
0	1
5	1
2	0
2	0
2	0
3	0
14	0
269	0
3	0
5	0
0	0
3	0
0	0
0	0
12	0
2	0
3	0
4	0
4	0
7	0
2	0
4	0
4	0
1	0
1	0
8	1
2	0
3	0
2	0
4	0
2	0
1	0
4	0
3	0
6	0
3	0
7	0
3	0
4	0
1	0
2	0
4	0
2	0
10	0
4	0
5	0
2	0
9	0
6	0
9	0
2	0
1	0
8	0
5	0
4	0
1	0
0	0
1	2
2	0
5	0
4	0
4	0
18	0
3	0
2	0
3	0
2	0
5	0
0	1
4	1
5	0
3	0
3	6
0	4
4	0
7	0
5	0
3	0
0	0
10	0
1	0
1	0
15	0
1	0
1	0
5	0
0	0
2	0
4	0
5	0
2	0
2	0
3	0
9	0
4	0
3	0
3	0
6	0
0	0
15	0
4	0
1	0
2	0
3	0
4	0
0	0
4	0
0	37
0	37
2	0
2	0
13	0
4	2
3	0
2	0
11	0
0	0
1	0
5	0
24	0
2	0
1	0
3	0
4	0
20	0
1	0
5	0
3	0
0	0
7	0
285	0
9	0
6	0
7	0
2	0
3	0
18	242
16	242
2	0
2	0
3	0
3	0
2	0
0	1
2	1
2	0
1	0
11	3
2	0
4	0
23	0
32	2
2	0
3	0
21	0
2	0
1	0
2	0
1	0
3	0
0	0
0	3
5	3
1	14
0	14
11	0
2	0
0	341
1	318
12	316
2	0
6	57
0	43
1	39
3	14
4	0
7	0
17	0
5	140
10	140
46	421
0	144
2	277
0	50
158	71
3	21
2	0
0	35
0	24
1	80
1	15
35	115
0	14
33	147
26	147
10	63
22	187
0	175
0	117
0	88
1	141
0	69
14	94
0	141
0	103
3	0
5	0
96	0
332	0
2	0
0	395
88	584
4	548
260	602
13	714
4	714
17	0
1	0
2	9
2	13
17	12
1	10
0	10
2	0
3	0
1	0
10	28
0	11
6	28
0	11
4	0
0	963
0	1069
0	956
2	210
0	1076
2	0
10	5
18	1
4	5
4	1
31	0
141	0
0	144
8	144
205	0
246	0
259	0
314	0
6	5
2	6
3	4
2	97
113	108
1	2
3	11
11	0
2	0
57	0
16	0
6	0
1	11
0	15
1	20
2	26
7	0
213	0
2	0
0	23
11	23
3	2
3	2
0	27
2	27
0	21
6	0
4	2
15	2
25	0
0	0
2	0
11	586
231	586
16	171
1	0
1	0
9	0
55	0
0	193
0	255
0	345
2	51
0	103
18	7
0	1
1	0
4	2
0	2
1	3
1	1
0	3
62	156
2	156
3	0
270	0
2	122
3	179
0	88
9	179
0	12
0	12
0	477
736	489
64	18
0	18
385	89
2	89
0	89
2	4
3	4
10	344
0	344
0	81
0	39
0	39
0	39
3	13
8	13
0	12
15	12
19	1
7	0
12	0
549	33
4	33
4	316
220	376
35	60
11	0
7	0
1	0
2	0
14	1
9	0
5	19
0	19
1	0
137	0
108	0
43	378
10	332
0	427
46	0
9	0
0	251
1	0
5	614
0	685
4	72
1	2591
0	2591
1098	0
10	0
447	0
130	13
135	104
0	104
1	24
0	13
4	0
8	0
90	126
2	126
676	70
1	70
4	0
0	1
4	1
3	0
176	128
18	27
313	27
46	128
8	0
2	2
3	2
0	195
821	195
0	158
237	158
1	0
1	0
0	0
2	0
54	182
3	165
4	17
270	0
0	0
23	0
41	91
0	91
1	1
31	66
2	3
0	65
7	0
342	190
0	190
23	115
1	115
2	28
0	100
0	102
0	72
0	74
66	4
5	2
30	238
162	238
21	0
8	58
2	58
0	3
0	3
7	6
2	6
9	68
2	68
5	0
16	0
28	0
1	0
65	0
6	0
4	8
1	8
1	0
6	1
0	1
5	0
1	0
0	1
1	0
0	1
16	212
22	211
1	211
9	84
0	84
0	10
22	10
8	3
13	9
4	0
6	0
3	14
15	14
6	0
10	295
340	295
0	96
1	0
7	0
0	6
10	6
3	5
41	1
0	2
3	3
8	1
0	2
2	0
2	0
16	0
5	3
2	3
2	50
59	50
0	0
0	0
6	0
63	0
0	0
5	0
69	505
54	495
0	505
22	0
14	58
7	58
67	0
296	2
0	0
27	260
7	315
14	55
71	0
152	0
13	18
0	18
344	0
340	2
28	2
2	2
2	1
12	1
62	1
0	0
44	0
32	1
24	0
42	66
0	66
10	0
7	0
5	152
14	152
7	0
0	11
2	142
4	117
1	42
71	182
183	0
1	0
0	47
0	73
0	41
0	79
712	0
1	133
11	131
1	0
25	0
137	9
1	9
4	3
12	3
9	14
7	14
2	61
1	37
18	98
2	3
45	254
10	125
5	245
9	132
0	13
3	0
2	2
0	8
5	7
6	13
1	0
6	6
0	8
35	225
2	198
51	35
2	12
2	12
0	27
0	156
0	407
9	558
0	5
0	1
445	669
10	668
148	1
3	0
1	0
0	0
14	1026
0	1045
1	230
1	124
16	0
4	109
8	109
9	0
0	131
0	124
0	97
9	44
0	90
0	132
0	98
0	0
19	59
10	59
0	460
0	636
20	577
34	1420
1743	1420
22	90
1	90
4	0
1	0
2	82
3	82
0	45
3	11
5	145
38	147
4	147
1	0
10	21
0	21
29	22
6	3
0	216
0	201
0	215
0	201
0	215
2	37
0	202
0	215
61	78
0	75
3	0
4	0
1	0
0	0
0	0
2	0
1	0
1	0
1	0
1	0
5	0
5	0
6	0
0	0
2	0
1	0
5	0
3	8
4	8
6	0
1	4
8	0
4	0
0	0
3	0
2	0
1	0
20	0
55	0
0	0
4	0
15	0
3	0
6	0
15	0
21	0
8	0
1	0
10	0
3	0
0	0
0	0
16	0
6	0
2	0
1	0
5	0
2	0
0	5
3	5
7	0
0	1
12	1
2	0
3	0
0	0
1	0
2	0
0	0
4	0
6	0
2	0
1	0
2	0
2	0
10	0
5	0
9	0
4	0
161	0
3	0
2	0
3	0
2	0
2	0
6	0
5	0
2	1
2	0
4	0
2	0
0	0
2	0
18	0
9	0
3	0
9	0
3	0
1	0
1	0
2	0
4	0
2	0
3	0
78	0
6	0
9	1
0	1
5	1
0	4
4	4
3	0
2	0
4	0
1	0
2	1
1	0
1	0
2	0
2	0
0	0
3	0
2	0
2	0
3	0
3	0
3	0
2	0
0	0
1	0
1	0
0	0
8	0
3	0
1	0
34	0
10	0
1	0
1	0
4	0
1	0
2	0
0	2
2	2
4	0
2	0
4	0
4	0
0	1
9	1
4	0
13	0
4	0
2	1
4	1
3	0
4	0
3	0
9	0
2	0
3	0
11	0
4	0
3	0
5	0
1	0
3	0
0	2
5	2
3	0
5	0
0	0
10	0
5	0
16	0
0	0
3	11
2	11
22	0
4	0
5	0
2	0
8	0
6	0
3	0
10	0
6	0
1	0
7	0
4	13
0	13
3	0
0	0
9	0
46	0
0	0
7	0
5	0
18	0
2	0
14	0
4	1
2	0
2	0
3	0
0	0
1	0
2	0
2	0
2	0
7	0
3	0
3	0
2	0
2	4
5	0
0	0
1	0
1	0
7	0
6	0
3	0
2	0
2	0
3	0
5	0
6	0
6	0
2	0
2	0
3	0
2	0
0	0
1	0
4	0
3	0
2	0
1	0
3	0
2	0
4	0
2	0
1	0
1	0
1	0
2	0
4	0
4	0
1	0
11	0
2	0
4	0
1	0
4	0
4	0
2	0
0	0
3	0
6	0
3	0
6	0
3	0
5	0
1	0
2	0
7	0
1	0
4	0
5	0
1	0
2	0
2	0
3	3
3	0
2	0
4	0
1	0
4	0
1	0
1	0
5	0
2	0
2	0
4	0
10	0
5	0
7	0
1	0
0	0
3	0
6	1
1	0
1	0
6	0
3	0
3	0
2	0
3	0
2	0
2	0
8	0
2	0
4	0
4	0
5	0
1	0
6	0
3	0
4	0
2	0
1	1
4	0
3	0
2	0
0	0
15	0
2	0
2	0
2	0
3	0
3	0
4	0
3	0
2	0
8	0
4	3
2	1
1	1
3	0
1	0
3	0
2	0
5	0
9	0
3	0
5	0
0	0
5	0
2	0
6	0
0	0
1	0
0	0
3	0
0	3
0	3
9	0
0	0
6	0
7	0
0	3
8	0
1	0
4	0
5	0
2	0
2	0
4	0
2	0
7	0
5	0
0	0
1	0
3	0
3	0
1	0
2	0
0	0
2	0
1	0
2	0
3	0
9	0
1	0
2	0
2	0
4	0
2	0
3	0
3	0
6	0
3	0
3	0
3	2
6	0
2	0
4	0
1	0
3	0
6	0
1	0
3	0
3	0
3	0
3	0
3	0
2	0
2	0
2	0
2	0
3	0
4	0
4	0
11	0
2	0
0	0
1	0
3	0
9	0
1	0
8	0
2	0
9	1
5	0
2	0
6	0
7	0
4	0
1	0
6	0
3	0
4	0
6	0
3	0
2	0
0	0
2	0
6	0
4	0
4	0
5	0
3	0
3	0
4	0
2	0
4	0
0	1
0	1
2	0
0	0
12	1
1	0
1	0
3	0
5	0
3	0
15	0
1	0
4	0
0	0
2	0
3	0
4	0
2	0
4	0
3	0
5	0
2	0
12	0
6	0
2	0
0	0
2	0
3	0
1	0
4	0
4	0
1	0
1	0
4	0
5	0
1	0
6	0
2	0
6	0
3	0
8	0
3	0
10	0
5	0
4	0
6	0
7	0
3	0
2	0
7	0
0	7
0	7
3	0
4	0
2	2
29	0
1	0
3	0
3	0
1	0
3	0
7	0
4	0
7	0
8	0
2	0
3	0
5	0
38	0
2	28
3	28
5	1
0	1
17	0
0	17
4	17
13	0
0	0
2	0
0	0
1	0
2	0
4	0
2	0
3	0
0	0
21	0
7	0
0	22
42	22
519	192
0	192
21	0
0	0
0	0
12	0
4	0
9	0
5	0
81	0
18	0
6	0
2	0
1	0
1	0
1	0
11	0
4	0
4	0
182	0
0	6
0	6
4	0
0	0
8	0
1	5
5	5
4	0
3	0
0	1
8	1
4	0
2	0
4	0
6	0
0	3
6	3
0	25
7	41
36	41
44	1
16	1
0	1
57	0
0	0
3	0
61	0
5	2
5	2
0	7
0	7
2	0
4	0
0	31
28	31
0	7
37	7
3	0
9	0
0	0
4	0
6	0
3	0
0	0
0	0
0	0
0	9
24	9
5	0
4	0
2	0
0	109
0	84
24	193
17	2
0	2
4	0
2	0
2	0
7	0
7	0
0	2
0	2
2	2
1	0
1	0
1	0
1	2
1	2
5	0
3	0
26	0
2	0
0	0
4	0
3	0
3	0
7	369
41	369
4	12
336	0
5	0
1	0
0	0
28	0
0	0
2	0
0	0
0	0
7	0
26	0
4	0
3	0
22	4
26	0
21	3
7	0
7	72
0	72
14	157
35	157
5	2
0	12
0	12
0	3
6	3
0	0
5	0
3	0
16	0
1	0
4	6
0	6
3	0
3	0
2	0
2	0
1	0
0	0
10	0
5	0
2	0
8	1
14	0
3	0
3	1
2	0
5	0
3	0
0	0
3	0
3	0
3	0
1	0
3	0
1	0
2	0
300	855
28	855
65	0
82	0
28	0
7	0
4	0
3	1
0	1
36	0
5	0
1	0
6	0
5	0
3	0
5	0
5	0
32	0
0	0
5	0
4	0
0	0
13	0
13	0
15	0
0	0
38	0
57	0
3	0
1	0
1	3
2	3
0	0
1	0
0	0
25	0
2	0
11	0
0	0
5	0
12	0
1	0
1	0
0	0
3	0
3	0
1	0
0	4
1	4
15	0
2	1
2	0
5	0
2	0
2	0
12	0
2	0
2	0
1	0
4	0
11	0
4	0
10	0
2	0
6	0
6	0
6	0
2	0
18	0
15	0
15	0
182	0
4	0
1	0
2	0
14	0
10	0
2	0
1	0
26	1
29	0
4	0
3	0
1	0
5	0
2	0
0	5
3	0
4	0
6	0
0	5
7	5
6	0
0	0
4	0
7	0
16	0
16	0
3	0
3	2
0	2
24	0
3	0
3	0
4	0
1	1
1	2
3	0
1	0
0	13
2	13
10	0
2	1
3	1
2	0
148	0
2	5
0	5
1	0
1	0
0	1
14	1
6	0
3	0
5	22
30	22
17	0
4	0
2	0
10	0
10	20
0	20
8	0
11	0
17	0
2	0
15	0
3	0
24	1
2	0
4	0
3	0
0	0
4	0
0	10
2	0
0	10
1	0
2	0
19	0
0	4
3	4
5	0
4	0
0	0
0	0
1	0
4	0
19	0
2	0
5	0
0	0
0	0
4	0
17	0
3	0
2	0
4	0
25	0
15	0
3	0
1	8
4	8
34	0
1	0
7	0
1	0
0	0
1	0
3	0
3	0
3	0
6	0
1	0
2	0
5	0
4	0
1	0
2	0
7	0
3	0
2	0
4	0
1	0
3	0
0	0
1	0
2	0
2	0
4	0
1	0
2	0
0	0
0	0
3	0
2	0
0	0
2	0
2	0
2	0
2	0
2	0
2	2
1	0
6	0
2	0
3	0
1	0
1	0
2	0
2	0
1	0
2	0
0	0
1	0
2	0
1	0
10	0
3	0
1	0
1	0
4	2
0	2
0	0
2	0
6	0
1	0
5	0
3	0
5	0
4	0
2	0
1	0
6	0
4	0
3	0
2	0
2	0
3	0
1	0
2	0
3	0
3	0
2	0
2	0
3	0
0	0
2	0
3	0
0	0
3	0
1	0
3	0
1	0
2	0
2	0
4	0
4	0
5	0
3	0
0	0
5	0
6	0
1	0
6	0
87	0
5	0
2	3
0	0
1	0
3	0
2	0
3	0
2	0
3	0
0	0
4	0
3	0
1	0
11	0
3	0
4	0
2	0
4	0
0	0
0	0
1	0
11	0
7	0
1	0
3	0
0	0
0	0
1	0
2	0
1	0
1	0
1	0
0	0
10	0
2	0
1	0
4	0
6	0
8	0
17	0
6	0
1	0
2	0
4	0
1	0
2	0
1	0
2	0
4	0
0	0
2	0
3	0
1	0
0	0
1	0
6	0
6	0
2	0
2	0
2	0
1	0
5	0
3	0
2	2
2	0
1	0
2	0
3	0
1	0
1	16
0	16
6	0
10	0
1	0
3	0
2	0
3	0
4	0
3	0
1	0
3	0
5	0
6	0
2	0
3	0
2	0
1	0
2	0
1	0
3	0
2	0
1	0
3	0
4	0
5	0
2	0
1	0
0	30
2	30
2	0
0	0
1	0
4	0
1	4
2	4
0	1
6	0
5	0
3	0
1	2
7	2
2	0
4	0
4	0
6	0
3	1
12	0
5	0
1	0
1	0
1	0
0	0
2	0
3	0
4	0
0	0
13	1
5	23
0	23
1	2
0	2
3	0
3	0
2	0
6	0
0	2
0	2
3	0
2	0
11	11
0	11
6	0
10	0
5	0
6	0
4	0
4	0
1	0
6	0
0	7
2	7
11	0
12	0
1	0
19	0
1	0
4	0
8	1
6	0
2	0
4	0
3	0
3	0
6	0
5	0
1	0
2	0
1	0
11	0
3	0
1	0
7	0
5	0
1	0
0	0
2	0
0	1
1	1
1	0
8	0
3	0
1	0
3	0
244	13512
2746	13512
0	0
2	0
1	0
3	0
3	0
3	0
0	0
3	0
3	0
0	2
0	2
3	0
1	28
1	28
5	0
111	0
0	3
0	3
16	0
2	0
0	1
7	1
4	0
16	0
1	0
0	0
18	0
6	0
7	0
3	0
0	0
0	0
1	0
16	0
3	0
6	0
0	7
0	7
1	0
2	0
2	0
0	0
1	5
12	5
0	5
1	0
0	0
1	0
2	0
5	0
7	0
2	1
8	0
1	0
1	0
2	0
153	0
58	0
80	0
1	0
1	0
0	0
9	0
0	0
3	0
8	0
2	0
33	0
8	0
9	0
2	0
2	0
2	0
4	0
1	1
3	1
5	0
2	0
1	0
6	25
0	25
1	0
2	0
7	0
2	0
1	0
0	7
4	7
2	0
0	63
0	63
13	0
13	0
11	0
1	0
5	3
0	3
2	2
8	0
1	0
1	0
4	0
0	0
7	0
6	0
8	0
6	0
0	11
1	11
0	0
3	0
0	0
52	0
1	0
1	0
6	3
7	0
0	2
1	2
4	0
1	0
0	1
1	1
3	0
503	0
4	0
7	0
4	0
4	33
7	29
1	8
7	12
2	0
1	0
3	0
5	0
3	0
5	0
4	0
19	0
0	0
2	0
3	0
6	0
0	13
4	13
0	3
3	3
2	0
5	2
3	0
6	0
9	0
4	0
3	0
0	0
3	3
2	8
2	13
0	13
4	0
7	0
0	15
3	15
3	0
7	0
38	139
7	139
4	0
1	0
1	0
6	0
0	5
3	5
19	0
7	0
5	0
2	0
4	0
4	0
4	0
11	0
2	13
17	13
1	0
12	0
69	0
42	0
12	0
0	0
20	49
0	47
2	0
4	0
7	0
0	0
0	0
6	0
6	0
0	3
3	3
4	0
5	0
1	0
1	0
0	0
5	0
9	0
6	0
2	0
70	0
38	0
0	0
10	0
1	0
0	0
5	0
1	2
0	2
1	0
14	0
3	0
17	0
3	0
1	0
3	0
3	0
5	0
4	0
4	0
171	0
10	0
2	0
6	0
3	2
3	0
22	0
7	0
7	0
2	0
5	0
3	0
1	0
3	0
6	0
9	0
4	0
1	0
1	0
3	0
5	0
4	0
1	0
1	0
3	0
5	0
5	0
9	0
0	13
17	13
5	0
1	0
0	0
4	0
2	0
4	0
0	0
3	0
2	0
3	0
5	0
0	0
2	0
6	0
0	0
2	0
2	0
5	0
6	0
0	0
4	0
3	0
3	0
2	0
3	0
3	0
0	0
3	0
3	0
5	0
1	0
2	0
2	0
7	0
1	0
2	0
3	0
15	0
5	0
3	0
7	0
4	0
5	0
1	0
4	0
3	0
1	0
13	0
1	0
2	0
4	0
1	0
2	0
2	0
6	0
0	0
0	0
1	0
2	0
2	0
1	0
2	0
2	0
0	0
11	0
3	0
6	0
1	0
5	0
0	0
0	0
5	0
2	0
7	0
4	0
1	0
2	0
2	0
3	0
2	0
5	0
5	0
4	0
5	0
2	0
1	0
1	0
4	0
1	0
4	8
2	0
4	0
0	0
3	0
1	0
3	0
2	0
6	0
3	0
0	0
6	0
1	1
2	0
3	0
3	0
3	0
4	0
5	0
1	0
5	0
2	0
1	0
1	0
9	0
4	0
4	0
3	0
5	0
0	0
0	0
0	0
1	0
1	0
7	0
0	0
5	0
41	4
3	0
10	0
1	0
0	0
2	0
1	0
3	0
8	0
2	0
7	0
4	0
6	1
2	0
2	0
0	0
4	0
4	0
3	0
1	0
1	0
1	0
1	0
2	0
5	0
4	0
2	1
3	0
2	0
7	0
4	0
6	0
1	0
0	0
0	0
2	0
2	0
6	0
0	0
4	0
8	0
4	0
2	0
3	0
3	0
1	0
2	0
0	0
2	0
9	0
2	0
11	0
2	0
3	0
0	0
3	0
3	0
0	0
4	0
2	0
5	0
3	0
0	0
1	0
5	0
10	0
0	0
2	0
2	0
8	0
3	0
2	0
3	0
0	0
3	0
2	0
3	0
1	0
3	0
2	0
0	1
1	0
2	0
4	0
3	0
8	0
7	0
5	0
0	0
3	0
8	0
5	0
2	0
1	0
7	0
1	1
2	0
6	0
2	0
12	0
2	0
3	0
7	0
1	0
0	0
0	0
2	0
1	0
4	0
3	0
4	0
0	0
1	0
6	0
3	0
1	0
3	0
3	0
0	0
1	0
1	0
0	0
3	0
9	0
9	0
4	0
9	0
4	0
3	0
2	0
2	0
2	0
3	0
2	0
1	0
2	0
1	0
2	0
0	0
0	0
2	0
2	0
3	0
2	0
6	1
1	0
5	0
3	0
7	0
2	0
5	0
6	0
3	0
5	0
4	0
1	0
5	0
3	0
2	0
0	0
2	0
1	0
1	0
4	0
3	0
4	0
1	0
2	0
5	0
5	1
1	0
2	0
6	0
3	0
3	0
0	0
3	0
4	0
1	0
2	0
1	0
4	0
7	0
4	0
0	0
0	0
3	0
3	0
6	0
5	0
1	0
1	0
1	0
0	0
4	0
4	0
3	0
3	0
1	0
3	0
3	0
1	0
3	0
2	0
3	0
2	0
3	0
1	0
1	0
3	0
1	0
1	0
1	0
4	0
5	0
1	0
4	0
0	0
6	0
2	0
4	0
1	0
4	0
3	0
2	0
0	0
3	0
2	0
0	0
5	0
2	0
2	0
4	0
1	0
2	0
7	0
1	0
3	0
8	0
3	0
5	0
3	0
3	0
3	0
4	0
5	0
2	0
16	0
7	2
7	0
4	0
5	0
0	0
5	0
1	0
3	0
5	0
4	0
6	0
4	0
2	0
1	0
8	0
3	0
3	0
1	0
3	0
2	4
0	4
5	0
8	0
1	0
4	0
2	0
3	0
4	0
2	0
1	0
0	0
3	0
3	0
1	0
27	0
4	0
1	0
2	0
4	0
5	0
2	0
3	0
3	0
1	0
4	0
3	0
1	0
3	0
2	0
1	0
2	0
3	0
4	0
5	0
1	0
6	0
7	0
3	0
5	0
4	0
2	0
3	0
3	0
6	0
1	4
0	4
3	1
19	0
7	0
0	0
1	0
3	0
0	2
0	2
1	0
2	0
4	0
5	0
0	0
5	0
0	0
2	0
1	0
6	0
3	0
3	0
6	0
4	0
2	0
1	0
3	0
2	0
2	0
3	0
0	0
2	0
3	0
3	0
10	0
2	0
0	0
1	0
3	0
3	0
1	0
2	0
4	0
0	0
2	0
6	0
3	0
1	0
3	0
3	0
4	0
1	0
1	1
2	0
1	0
0	0
2	0
2	0
2	0
9	0
6	0
2	0
1	0
3	0
10	0
22	0
4	0
4	0
5	0
0	0
3	0
2	0
5	0
2	0
2	0
8	0
6	1
3	0
3	0
3	0
0	0
3	0
2	0
2	0
2	0
2	0
4	0
4	0
0	1
0	1
3	1
2	0
2	0
2	0
9	0
3	0
4	0
2	0
10	0
0	0
2	0
1	0
23	0
3	0
3	0
1	0
5	0
4	0
2	0
3	0
3	0
2	0
2	0
1	0
3	0
3	0
2	0
1	0
3	0
1	0
3	0
1	0
3	0
3	0
2	0
1	0
2	1
4	0
1	0
1	0
2	0
0	0
3	0
1	0
6	0
4	0
0	0
5	0
1	0
2	0
2	0
2	2
2	0
0	0
2	0
2	0
2	0
0	0
3	0
2	0
5	0
0	0
2	0
0	0
0	3
1	3
1	0
2	0
0	0
2	0
0	0
1	0
2	0
3	0
1	0
3	0
3	0
2	0
3	0
1	0
0	0
3	0
2	0
0	0
3	0
2	0
0	0
4	0
3	0
1	0
1	0
2	0
4	0
1	0
0	0
1	0
3	0
1	0
2	2
3	0
1	0
4	0
2	0
1	0
4	0
2	0
2	0
0	0
2	0
2	0
3	0
3	0
6	0
3	0
7	62
20	62
3	25
114	0
164	0
33	0
4	4
3	4
7	545
123	545
61	330
12	332
0	2
8	225
2	37
2	166
24	161
91	0
505	0
7	4
1	66
38	70
142	0
0	359
4	332
0	357
8	363
2	215
2	359
472	0
2	0
0	0
24	12
9	12
85	229
1	155
4	74
4	60
0	60
116	0
448	0
24	0
0	764
1	502
0	789
0	769
0	784
5	0
33	0
8	9
6	9
391	0
194	1
33	0
0	833
2	793
0	821
0	831
0	13
0	831
0	14
0	14
0	831
0	13
0	823
0	833
0	833
13	0
0	1362
0	1328
0	1377
0	1343
0	1411
0	1377
2	23
0	23
5	726
4	0
0	604
3	260
1	626
0	619
1	259
1	263
0	611
33	82
43	117
0	35
15	199
16	199
9	3
3	0
4	6
0	6
240	20
1	20
364	0
2	0
13	0
1	0
1	0
0	209
0	208
0	32
0	494
0	33
0	493
0	10
0	10
2	255
3	2
3	2
1	2
0	2
127	0
35	392
3	392
6	1
8	552
19	552
202	0
3	0
28	0
2	0
0	0
4	0
2	0
1	0
6	0
1	0
121	0
8	0
4	73
39	73
9	133
21	133
7	159
1	170
2	172
1	157
4	133
2	33
4	33
19	4
4	0
0	155
0	138
0	823
0	806
10	0
2	0
2	0
5	0
3	0
8	0
0	443
0	446
27	39
1	330
0	492
4	39
0	151
0	197
16	316
0	329
0	0
54	0
135	0
4	0
1	174
0	0
15	760
0	785
0	17
85	108
25	108
2	108
21	78
7	77
0	78
0	18
4	18
0	855
1	195
0	672
1	656
0	672
0	868
0	695
0	686
11	111
2	6
0	664
0	13
23	0
7	0
8	180
6	180
195	0
0	35
54	945
55	945
6	414
10	143
7	414
2	150
2	4
193	147
0	1
214	0
0	0
1	0
7	0
4	0
0	3
0	7
0	0
0	6
0	4
0	2
0	3
0	0
0	2
0	3
0	0
0	0
7	362
0	270
339	362
6	109
6	109
85	0
38	0
92	99
1	99
35	0
2	44
36	38
225	6
0	44
35	168
24	104
1	64
25	117
0	117
0	10
200	220
25	0
33	217
2	217
0	1
0	2
93	389
10	406
10	195
68	0
0	0
2	220
5	0
5	1
5	0
0	760
0	759
0	696
0	689
0	695
0	688
0	753
0	752
0	1
15	0
27	0
4	1
1	143
422	144
2	0
2	20
0	20
19	1
0	14
135	14
6	14
69	2
0	475
0	475
109	11
241	223
6	212
29	67
0	1
0	7
80	403
4	36
7	1
220	403
10	7
104	0
0	1
1	1
2	76
0	109
6	226
0	195
14	220
30	329
584	12
0	12
9	0
0	38
0	0
0	431
0	426
0	513
0	405
0	124
0	506
0	33
7	30
0	103
0	211
0	98
7	162
0	129
11	259
0	400
0	204
15	81
31	0
6	2
6	0
3	0
2	5
1	510
0	999
0	998
0	999
180	99
0	99
9	19
0	19
6	3
2	0
7	7
0	7
0	32
232	0
0	32
0	251
5	251
64	236
46	871
8	871
0	427
0	290
1	851
3	857
0	1
5	0
7	0
9	0
20	0
10	0
2	5
2	3
39	1117
2	965
1	1722
1	1736
3	7
1	1801
5	1696
2	1841
0	2
222	1363
9	1317
2	922
2	0
236	1315
0	147
2	0
10	0
3	0
5	0
0	0
7	0
9	0
0	5
0	12
0	10
1	20
1	3
0	0
0	13
0	4
6	0
13	0
0	458
589	458
2	1
0	1
0	0
0	0
0	0
0	267
0	1058
0	1081
0	244
0	298
1	69
0	500
0	476
0	583
0	513
0	576
0	741
0	684
0	754
1	63
0	406
2	74
2	722
0	72
3	731
0	671
3	9
0	60
4	18
0	646
0	238
0	570
26	2
16	79
0	0
25	2
16	0
1	6
1	3
24	11
0	4
0	7
54	0
21	107
61	1
1	2
8	2
12	0
5	107
27	221
109	221
9	0
0	8
0	6
0	2
6	1
9	0
0	0
40	0
9	0
0	0
7	0
12	0
2	79
303	80
0	1
0	26
0	37
0	262
0	290
0	9
9	0
27	292
2	13
18	300
3	313
23	189
0	34
3	756
100	756
2	1
2	6
2	0
8	0
56	4
0	4
18	4
0	87
0	634
0	601
0	601
0	634
0	601
0	634
0	601
0	54
0	634
11	0
2	0
84	0
7	0
3	191
3	206
56	397
2	0
131	66
9	66
524	0
1	0
12	196
5	196
41	0
2	0
4	1
1	89
0	87
0	54
0	56
1	32
1	1
0	47
0	48
11	51
1	42
0	46
0	49
5	49
0	46
0	4
1	5
0	4
11	49
10	48
14	0
94	0
0	0
4	1
13	0
0	7
149	103
5	2
0	3
85	106
1	9
8	33
0	704
11	229
6	229
0	516
0	773
0	461
0	718
0	649
6	0
11	0
3	0
11	0
7	0
3	0
151	0
11	0
0	2
0	4
5	5
33	19
0	19
6	4
3	2
68	0
29	0
145	0
0	243
0	238
0	223
0	88
0	205
0	200
0	193
3	0
1	0
1	0
32	304
1	0
0	5
0	303
2	15
0	16
37	1
9	1
1	2
1	2
93	3
0	1
57	1
0	47
0	46
0	46
1	46
9	175
33	175
2	0
9	356
38	356
46	143
24	52
3	218
71	270
11	446
0	26
14	446
0	3
1	115
1	152
3	20
5	31
0	182
12	87
0	200
2	9
4	98
1	0
4	0
4	0
11	232
2	232
0	215
0	144
0	139
0	220
5	28
8	16
0	16
28	2
32	0
0	4500
0	4500
10	4540
0	4500
0	4500
38146	125
136	84
2019	4745
180	10
695	125
307	23
0	3
243	4646
0	4500
0	4499
10	0
99	0
42	156
0	156
0	0
12	0
5	0
963	1214
2	1214
39	0
90	60
1	32
3	60
0	20
0	21
0	21
2	450
33	450
2	75
4	1
89	1
0	1
0	440
0	303
2	103
0	345
1	157
1	1
0	13
2	46
0	49
2	65
6	0
6	0
12	311
1	311
5	1
0	73
0	73
45	86
0	122
2	94
0	112
0	83
0	93
14	82
17	0
11	0
5	0
5	0
323	0
808	0
4	200
22	200
4	185
11	0
3	0
0	1816
0	1722
0	1468
0	1374
5	0
2	0
0	0
2	0
0	0
59	133
16	133
1	49
0	656
0	689
0	685
0	583
0	612
2	115
4	236
0	616
2	0
2	0
72	0
0	32
0	32
0	0
4	2
0	2
0	0
0	0
28	0
8	0
17	0
0	0
0	19
0	6
5	31
1	7
1	30
1	18
0	23
17	0
3	0
3	0
4	22
6	22
230	9
0	139
0	93
0	128
0	85
0	0
0	131
0	120
1	0
777	14
11	14
2	216
0	291
5	34
0	216
486	260
28	287
0	11
45	14
54	3
18	16
1	4
5	8
11	20
0	29
5	37
3	18
4	21
13	17
26	26
4	23
1	13
5	20
0	27
4	1
0	29
0	26
0	24
4	3
0	1263
0	1248
0	816
0	336
0	351
29	857
0	982
0	70
34	0
0	241
2	132
0	137
5	186
6	186
0	0
6	0
68	4
9	37
12	104
0	1
12	68
130	1
53	358
3	361
2	361
0	1
12	0
23	0
1	22
13	6
0	11
7	17
0	117
0	0
21	117
0	13
0	503
0	686
5	179
3	608
0	807
2	608
0	382
5	640
8	0
1	0
2	0
157	0
303	2
0	2
4	3
11	11
6	10
17	4
11	9
0	10
2	3
1	5
0	4
0	9
2	17
20	19
2	10
0	27
6	13
0	17
2	23
4	1
1	2
12	12
12	4
72	0
0	4
0	11
2	0
0	4
0	0
0	11
2	31
0	98
1	27
1	9
2	5
0	85
0	74
3	5
0	36
0	33
6	7
19	38
0	77
0	41
1	18
0	18
1696	1
29	41
0	42
115	96
0	96
3	71
1	1
59	412
5	342
2	77
8	52
5	52
7	29
0	77
369	1803
31	1804
382	0
16	25
3	25
11	0
8	0
5	0
36	2
2	0
9	199
0	199
2	0
2	1
0	1
0	131
0	132
0	135
0	131
0	128
0	127
23	0
7	0
10	2285
7	1195
1771	2405
3	0
0	144
2	445
0	3
0	26
1	7
3	3
0	158
0	280
0	333
5	444
9	0
0	428
0	49
0	1
168	0
1554	4
2	4
130	72
0	72
9	0
10	61
29	513
3	513
9	194
4	67
0	4
0	2
592	188
16	190
3	0
14	0
180	372
2	372
47	42
4	42
0	46
4	46
0	40
82	40
0	19
3	1
1	293
3	85
2	274
4	0
11	6
6	6
0	9
4	54
5	54
18	426
22	426
0	0
94	680
12	680
30	354
11	354
103	0
1	330
1	60
0	59
8	154
1	331
2	3
5	99
2	112
124	115
0	9
248	9
5	102
18	102
19	0
0	1219
0	1214
0	1216
0	1217
11	0
23	0
6	0
1	197
30	197
0	0
16	0
0	33
7	33
10	0
2	53
50	53
37	0
0	2
22	161
527	161
0	1032
0	994
0	989
0	1037
0	1033
0	990
0	198
46	5
21	1
9	14
0	10
0	2
76	7
5	144
1	136
0	16
2	5
22	0
34	0
9	0
4	0
0	6
0	6
3	0
2	0
4	0
7	0
0	0
51	0
433	179
1	179
4	356
8	356
2	0
1	1109
515	1109
0	0
0	0
4	0
4	24
14	24
2	0
26	123
0	123
5	0
0	0
10	0
10	0
1	0
3	0
8	0
3	0
4	2
2	2
3	0
5	0
14	0
3	4
1	4
4	0
8	2
1	0
3	0
0	0
1	0
2	0
10	0
8	0
2	0
1	0
0	0
5	0
2	0
2	0
3	0
0	0
4	0
0	0
4	0
8	0
0	0
1	0
2	0
15	0
23	0
7	0
6	0
5	0
2	4
0	12
19	13
27	0
11	0
2	0
2	0
2	0
4	0
4	0
1	0
0	0
0	0
10	0
5	0
2	0
0	0
5	0
4	3
3	3
0	3
5	0
0	0
3	0
0	0
1	4
1	4
4	0
0	0
1	0
1	0
2	0
3	0
10	0
0	0
0	0
3	0
4	0
4	0
28	1
6	0
6	0
3	0
2	0
2	4
0	4
30	0
2	0
2	0
1	0
3	0
1	0
1	0
10	0
4	0
0	1
3	1
2	0
19	0
3	0
11	3
0	3
9	0
1	0
5	0
0	4
1	4
1	0
4	0
7	0
0	0
0	0
4	0
2	0
0	0
3	2
0	2
6	0
6	0
0	0
8	0
2	0
5	0
6	0
0	7
76	7
5	0
3	0
2	0
5	0
3	29
30	30
8	0
4	66
0	66
2	0
0	0
2	0
2	17
3	17
23	0
1	0
2	0
2	0
1	19
6	32
6	33
1	0
2	0
4	0
2	0
3	0
4	0
0	0
4	0
2	0
4	0
4	0
3	0
1	0
1	0
12	0
2	0
2	0
1	0
0	0
16	0
3	0
1	0
1	0
39	2
3	3
1	0
3	0
4	0
3	0
2	0
1	0
2	0
0	47
22	47
2	0
3	0
3	0
4	0
2	0
6	0
1	0
2	0
6	0
3	0
2	0
5	0
2	0
2	1
7	0
2	0
4	0
3	0
2	2
1	2
5	0
53	0
2	0
1	0
10	0
3	0
5	0
1	0
0	0
4	0
5	0
1	0
2	0
10	0
3	1
3	0
2	0
4	0
3	0
5	0
1	0
4	0
2	0
3	1
3	0
28	4
2	0
6	0
1	0
3	1
2	1
4	0
11	0
8	0
1	0
3	0
4	0
1	0
5	0
2	0
8	0
3	0
3	0
0	0
2	0
7	0
2	0
3	0
4	0
20	4
4	0
7	0
9	0
4	0
32	0
5	0
3	0
3	0
5	0
2	0
2	0
11	0
2	0
0	0
1	0
3	0
6	0
5	0
3	0
4	0
176	0
6	0
2	0
10	0
1	0
86	0
1	0
3	0
1	0
1	0
10	0
2	0
0	0
0	0
4	0
2	0
0	6
1	6
4	0
2	0
28	0
2	0
31	7
3	0
1	0
20	0
4	0
10	11
2	0
3	0
5	0
5	0
5	0
8	0
2	0
2	0
10	0
2	0
3	0
0	0
2	0
4	0
8	1
1	0
11	0
8	0
3	0
3	0
7	0
4	0
2	0
1	0
1	0
4	0
4	0
3	0
0	0
2	0
1	0
6	0
1	6
0	6
4	0
2	0
3	0
6	0
2	0
2	2
0	1
2	0
2	0
2	0
3	0
1	0
2	0
4	0
43	0
4	0
8	0
3	0
9	0
6	0
3	0
5	0
7	0
4	0
0	0
2	0
3	0
3	0
4	0
12	0
2	0
1	0
2	0
0	4
3	4
2	0
4	0
8	0
5	0
2	0
2	0
14	0
1	0
1	0
5	0
3	0
0	0
5	0
69	0
3	0
1	0
5	0
9	0
12	0
0	2
0	2
1	0
1	0
2	0
4	14
0	14
9	0
4	0
2	0
12	0
3	0
16	0
3	0
5	0
2	0
3	0
2	0
2	0
5	8
1	0
0	0
5	0
3	1
0	0
3	0
0	1
2	1
4	0
1	0
3	0
14	0
2	0
1	0
4	0
3	0
11	0
5	0
0	0
3	0
2	0
2	0
3	0
8	0
3	0
11	0
2	0
4	4
0	0
4	0
4	0
3	0
3	0
5	0
2	0
11	0
3	0
3	0
4	0
4	0
20	0
4	0
2	0
5	0
4	0
22	0
3	0
7	0
14	0
6	1
7	0
6	0
3	0
7	0
4	0
3	0
3	0
4	0
1	0
12	0
0	0
6	0
9	0
0	0
13	0
49	0
4	0
5	0
3	0
4	0
3	0
4	0
3	0
3	0
3	0
2	0
6	0
2	0
4	0
2	4
4	4
1	0
4	1
5	0
4	0
2	0
2	0
1	0
4	0
8	0
9	0
6	0
21	0
1	0
4	0
1	0
12	0
1	0
5	0
0	43
9	43
0	41
3	0
25	0
0	2196
0	2187
0	2189
0	2230
0	2253
0	2255
1	3
0	1
23	2
6	0
5	0
2	0
4	0
2	0
7	5
0	5
44	0
258	0
5	0
102	0
0	135
56	763
44	763
4	5
315	5
0	2
0	2
11	106
6	99
8	106
8	0
0	305
0	305
1	305
0	48
5	390
3	372
17	405
1	357
0	522
1	850
0	940
0	170
1	587
0	687
2	560
8	14
0	13
42	13
0	0
0	0
4	0
3	0
0	0
10	1
0	0
0	0
3	0
8	6
10	9
0	9
2	367
13	308
1	206
27	369
2	110
4	63
1	207
31	245
164	177
179	389
10	178
1	214
5	175
25	11
0	35
0	14
0	4
1	12
0	38
0	43
0	46
0	12
10	10
16	0
3	7
65	1
0	13
1	25
11	14
5	42
0	44
8	1
2	4
10	0
16	4
0	4
2	0
9	0
29	0
1	0
5	0
9	0
1	0
1	0
6	0
2	0
2	0
2	0
0	0
5	0
0	4
14	4
0	374
450	374
225	284
0	285
22	271
8	977
35	299
6	983
58	0
0	0
11	98
7	98
17	155
10	155
1	48
7	473
0	479
49	0
116	0
2383	0
2	0
8	15
5	49
0	2
13	36
16	61
685	61
19	0
34	1
0	24
1	181
0	365
0	440
0	63
0	70
2	86
0	311
5	291
0	368
4	0
6	35
0	444
0	327
0	331
3	88
0	75
8	1
2	0
73	552
0	552
2	0
13	15
21	62
10	36
4	4
1	8
0	0
1	16
7	42
0	5
0	53
3	4
41	63
0	1810
0	1735
2	28
0	1881
3	339
0	1801
0	1533
22	2
40	240
0	240
0	13
9	8
8	0
4	0
0	0
0	6
1	5
1	1
2	1
1	0
2	0
3	1
1	8
1	1
1	0
0	1
0	1
0	1
8	0
0	0
3	1
0	7
0	7
0	6
0	8
0	7
7	2
31	113
4	4
3	0
1	0
6	5
0	0
0	92
0	9
0	174
0	531
0	239
15	338
0	449
0	157
0	1
0	2
2	2
0	0
5	0
5	0
2	8
12	26
3	8
0	26
0	2
15	3
0	15
0	7
0	8
0	16
17	15
23	15
0	2
6	0
2	0
183	0
0	2776
0	387
0	408
0	403
0	392
0	385
1	2803
77	933
7	2791
1	1002
0	390
42	1164
64	1225
1	1192
4	0
0	3
146	3
69	195
20	59
154	195
62	0
82	0
85	0
2	0
0	614
0	586
0	362
0	590
0	358
0	386
0	8
16	570
404	570
8	1094
148	1094
5	12
2	382
360	0
0	110
0	1806
3	1796
1	386
103	0
0	185
0	123
0	123
0	123
4	43
0	123
0	123
0	123
0	123
11	43
35	185
0	42
0	42
0	123
4	0
2	0
3	0
2	0
21	0
0	0
8	0
29	1
0	27
3	26
4	0
133	11
0	11
246	0
0	44
1	44
19	10
2	10
0	0
12	0
561	2
5	953
125	953
0	17
0	5
74	5
0	15
129	226
6	226
4	333
3	333
1	0
10	0
1	0
1	0
3	0
5	0
9	0
15	1
16	1
19	55
0	44
15	55
15	611
39	627
0	16
0	1071
16	2
107	737
0	1505
1	1445
0	992
0	1426
1	1506
1	1
7	13
5	0
0	0
94	0
1	0
16	29
0	42
11	43
2	455
2	15
136	455
0	10
1	10
5	10
1	6
2	18
2	18
1	3
1	0
0	0
2	1
1	8
37	4
11	9
3	8
12	11
0	22
3	12
3	0
7	0
2	0
1	0
0	48
0	56
0	48
0	56
0	2
0	48
0	59
0	58
0	52
0	41
3	67
204	636
11	648
1	4
24	2
0	2
5	82
5	96
3	88
3	105
1	2
23	0
6	0
0	3
0	3
6	9
4	9
4	651
78	651
341	2270
8	2270
32	950
11	411
44	33
0	129
6	241
21	479
43	522
0	32
29	0
17	391
31	391
2	0
4	0
3	0
2	0
2	0
3	1
1	2
2	2
34	183
14	266
74	20
62	267
2	0
103	0
6	175
0	1
4	1532
12	176
20	1513
1	1563
0	1414
8	1569
112	836
1	1539
0	1545
0	948
8	19
0	1605
3	41
0	1569
0	973
0	0
3	0
5	0
65	85
2	85
126	32
2	0
131	9
8	41
0	0
3	2
0	196
8	261
24	261
0	285
0	160
0	249
21	141
1	5
0	5
0	5
3	8
6	13
22	23
0	12
13	16
4	8
2	4
2	1
1	4
1	4
6	7
4	6
3	9
2	5
44	0
1	10
1	1
0	5
3	0
1	0
5	0
1	0
2	0
2	0
1	29
11	29
0	31
3	31
10	8
9	14
10	31
8	1
14	25
24	71
0	8
3	5
5	47
2	0
12	58
1	10
0	10
0	8
3	1
0	1
70	0
1	0
3	0
11	1
1	6
14	7
4	5
0	12
0	2
1	2
0	14
6	2
12	4
1	2
9	4
3	0
8	371
78	368
1	5
0	2
1	2
1	2
3	8
3	99
1	8
9	6
10	2
0	1
11	8
2	1
1	3
0	28
31	0
1	28
23	4881
0	4881
16	0
50	0
21	130
9	130
0	112
0	226
1	168
0	55
1	156
440	0
0	1
1	1
0	1353
35	138
0	2521
0	2787
5	949
0	1327
37	606
0	1593
0	159
219	55
0	248
2	0
3	0
0	14
2	14
78	236
3	246
4	237
29	246
202	0
147	0
418	0
0	286
0	4033
1771	50
0	3858
0	3817
0	3946
362	3834
13	0
7	0
3	0
2	0
9	0
1	317
1	7
0	559
4	8
0	25
0	57
0	1
3	531
12	213
6	503
1	1
4	254
3	522
0	0
1	0
1	0
1	21
0	21
11	85
2	10
49	62
13	87
323	104
7	0
3	2
19	0
13	0
7	8
0	8
1	117
16	117
2	304
7	282
43	303
643	54
7	7
1	6
25	41
194	2
4	2
291	0
5	0
5	0
1	0
0	0
111	14
0	14
163	7
64	5
0	5
120	5
163	300
13	300
170	0
0	44
0	145
1708	189
165	0
104	5442
1	5433
17	5442
1	40
13	40
97	0
0	0
0	106
3	46
0	698
0	43
0	217
0	635
1	0
3	0
253	0
2	60
3	60
0	4
0	4
1	0
36	533
1045	533
0	1393
1108	1394
2	1026
0	1080
2	981
2	838
0	1027
0	1001
0	1685
0	989
0	1019
0	990
0	396
34	588
1	1034
0	113
0	101
0	797
0	56
0	56
5	0
2	0
32	4
49	0
9	0
2	0
39	1
13	0
1	0
21	0
1	0
4	0
2	0
3	0
12	0
4	0
12	0
2	3
3	51
0	51
51	43
187	43
116	1024
45	1357
11	947
17	216
0	1060
0	666
0	1042
0	608
0	984
0	1118
1	0
16	0
7	0
5	0
7	0
0	3
0	3
1	4
0	4
0	6
5	58
1257	2195
0	8
0	9
115	2172
0	1365
3	19
0	35
440	132
28	17
0	59
2	200
5	5
0	35
1	5
70	543
0	26
150	75
0	8
0	8
160	316
6	662
4	308
37	662
23	0
1	0
3	0
4	0
0	1
0	1
1	480
241	2586
4	2551
32	908
0	2586
1	2552
6	67
1	110
27	95
160	0
3	0
4	1
0	0
375	0
0	4
16	4
0	0
0	0
0	0
0	0
0	0
0	628
0	596
0	637
0	587
0	1075
0	1066
1	468
46	58
33	58
40	6
2	6
14	1008
167	14
6	14
0	199
0	308
0	332
0	1
0	494
0	1028
8	1
0	223
16	526
3	84
0	1056
0	1056
0	4
172	0
1	0
14	0
1	7
0	7
139	2
0	1
0	1
1	0
2	1
10	6
16	8
2	0
101	11
0	0
2	0
3	9
3	2
0	0
0	0
0	0
2	0
0	0
3	0
0	582
0	590
1	0
0	596
0	596
0	581
2	576
2	253
2	248
0	600
0	588
2	0
0	4
0	2
1	4
0	0
0	4
0	3
1	4
0	4
0	2
1	0
0	0
0	3
0	4
0	3
0	0
5	2
1	2
0	15
0	15
15	26
3	15
1	13
0	15
9	7
0	3
6	12
2	1
0	18
12	0
5	0
16	87
23	654
0	713
21	607
1	356
7	555
3	280
12	561
0	195
3	2
19	736
43	542
1	171
1	102
6	633
0	645
0	3
0	0
2	3
0	5
4	5
2	0
2	0
15	2
0	2
17	7
1	5
0	137
0	297
22	663
2	658
2	1
14	2
2	1
3	7
1	7
0	2
0	2
6	4
4	4
2	8
0	2
3	10
0	11
1	4
0	0
0	137
25	0
24	0
4	0
1	0
0	0
13	11
0	32
155	5
1	122
139	5
0	100
0	10
4	2
14	167
3	245
0	282
1	4
0	274
11	50
0	44
0	0
0	209
0	274
0	287
0	167
1	199
24	27
11	131
1	0
1	0
0	217
3	5
4	2
4	2
7	0
29	0
0	164
1074	999
2	58
61	979
8	0
0	0
0	15
0	228
4	11
19	0
0	209
0	197
0	216
0	1
0	1
2	5
4	22
34	23
3	0
1	0
1	0
2	0
33	28
3	28
0	0
2	183
5	201
0	240
20	103
1	29
3	103
3	0
2	1
1	1
4	62
0	62
127	2
14	0
190	0
116	745
6	53
1	1271
3	1056
7	532
4	383
12	1476
0	508
0	1075
89	0
41	0
1	0
2	0
277	0
222	0
170	3
0	51
284	48
6	50
0	520
132	570
59	4
0	4
7	19
2	3
4	1
1	98
3	14
0	60
0	302
0	7
8	19
2	7
0	5
5	11
3	17
1	10
0	302
0	321
2	7
3	10
39	0
3	0
0	0
0	0
0	316
0	163
2	191
0	235
0	349
5	24
53	24
18	0
0	116
6	7
0	202
0	272
0	243
0	118
8	135
0	168
0	141
0	89
2	107
0	231
0	91
0	79
122	0
60	0
17	0
42	1
30	0
3	0
2	0
0	0
3	0
1	1108
0	774
0	862
0	5
0	1075
3	378
1	378
11	419
0	1135
0	1102
0	0
3	247
11	19
11	19
3	248
10	248
2	7
4	0
2	1
4	123
0	123
400	0
1	4
4	4
27	1
14	369
18	369
69	0
317	641
7	641
8	568
4	732
0	766
0	81
130	77
3	2
0	237
1	371
0	234
0	422
0	419
3	244
0	20
128	7
1	430
5	433
0	710
4	74
251	70
15	0
47	0
17	0
2	0
8	0
52	0
1	0
1	5
6	12
9	7
1	42
2	14
15	13
15	38
40	34
13	1
0	106
0	153
6	92
3	5
12	1
2	5
4	2
0	71
5	71
3	277
37	277
261	3
2	3
539	162
0	162
4	1277
117	1277
0	516
1	3020
2	3020
6	2093
0	3156
8	729
8	2944
365	372
28	680
520	5
107	0
40	0
62	0
0	2
0	2
0	2
0	2
0	0
3	0
61	0
9	2
6	8
2	8
4	262
20	262
5	3
0	26
12	39
1	32
1	15
2	25
1	0
9	1
2	2
0	1
2	2
0	5
2	2
0	6
2	2
2	5
130	2
14	2
14	0
0	7
0	8
1	1
9	0
0	4
10	5
1	0
3	5
1	3
131	0
16	163
48	337
2	182
0	182
150	536
10	536
3	0
1	3857
8	367
0	0
240	3856
759	67
0	67
9	0
14	0
3	0
0	56
401	56
133	0
2	0
8	150
8	92
56	150
0	60
2	430
1	55
0	691
0	346
5	15
0	852
0	1266
0	980
0	756
0	1169
0	1138
0	884
3	190
17	15
0	7
0	1010
0	258
0	161
0	1107
7	0
0	109
2990	0
228	109
1	6
934	6
5	0
5	0
14	0
0	398
0	80
0	394
0	76
22	11
0	19
21	11
15	19
21	18
21	20
97	16
2	21
5	0
1	0
7	0
18	152
0	152
4	9
0	61
3	22
0	602
7	61
100	195
2	15
2	568
4	138
0	49
0	571
2	1
5	0
21	0
6	0
21	0
2	0
15	0
3	3075
0	24
55	3397
35	737
11	2756
11	447
0	3
5	0
125	0
7	684
7	684
10	0
3	0
0	0
41	0
1	5
0	0
0	4
2	45
10	98
21	53
22	2
1132	4
2	1
96	0
0	0
0	1
0	0
0	4841
1	253
1	0
903	4710
3	257
616	3508
17	63
27	0
5	0
211	0
3	0
2	1
1	10
8	75
34	37
3	27
2	0
0	333
2	328
0	5
4	75
57	170
122	2
0	5
2	0
26	0
0	0
0	0
3	0
26	25
46	25
0	380
1	248
42	455
4	328
1	80
2	333
150	0
0	307
0	113
0	306
0	338
3	43
0	259
0	342
0	269
0	328
0	218
0	306
0	375
0	208
0	255
0	260
0	332
0	46
9	16
942	0
261	0
1	0
289	0
6	0
6	494
0	617
0	63
1	823
0	269
1	3
1	1330
15	851
0	2699
0	2751
0	182
0	2485
0	234
0	2537
4	2707
1	84
3	11
1	73
7	73
1	0
4	2
10	0
5	0
9	1
19	0
6	0
4	0
2	0
0	476
0	264
0	568
0	563
0	134
0	565
0	982
0	562
29	999
0	148
0	572
3	7
0	7
2	2
5	2
21	107
0	165
0	175
0	34
0	143
0	133
5	150
0	24
18	1
1	0
39	75
26	5
12	70
2	893
0	934
29	924
0	338
0	11
0	956
5	881
10	0
0	12
0	929
2	0
9	0
70	1
3	1
144	0
0	23
1046	23
0	32
1	0
3	39
1	15
2	176
36	215
116	9
12	150
2	9
0	119
9	0
2	0
5	0
8	0
2	2
6	38
8	38
0	2
2	21
0	13
45	36
2	3
0	0
0	929
4	258
117	130
6	203
0	0
1	187
0	928
0	929
0	928
6	0
6	0
0	0
19	3
1037	225
2	268
14	47
2	3
69	370
66	367
383	0
12	8
2	5
6	22
141	26
0	1
4	0
9	0
4	0
599	324
0	132
35	192
0	1
4	0
0	1
1	0
0	2
1	2
1	0
296	0
317	0
0	5
0	168
21	234
27	236
1324	0
55	861
29	861
52	2
2	1
1767	1
72	1
8	0
0	0
0	0
17	0
70	0
28	67
44	67
256	0
1	6
0	703
11	17
0	687
0	98
0	658
4	728
0	746
0	672
0	98
0	644
0	717
0	731
0	5
0	0
211	1
7	58
0	107
0	72
0	1
5	81
15	82
7	0
29	667
20	667
59	0
50	1496
0	3
22	1455
11	603
0	3
35	923
9	0
86	42
0	0
0	5
30	5
3	57
7	57
3	10
10	1
0	1
0	10
129	0
10	27
3	19
3	592
9	2630
3	1968
210	3485
35	53
12	1848
6	2624
55	3439
57	62
9	0
29	0
5	0
3	0
4	0
1	0
0	1
0	197
1	260
0	314
0	301
0	210
10	44
46	677
21	730
6	555
0	119
8	309
0	647
0	0
10	0
15	0
2	0
396	4
4	4
5	539
2	265
4	242
2	278
2033	605
27	26
0	578
0	168
4	228
6	332
355	332
2	2
16	2
78	1487
0	909
4	1058
0	2272
0	1911
0	1270
0	1346
0	1387
3	183
0	1844
0	2348
7	933
15	6
13	0
8	0
32	0
3	5
7	0
2	0
2	0
1	0
0	0
0	0
9	0
3	0
1	0
0	9
0	10
0	8
18	5
6	2
1	4
0	12
0	9
9	10
6	1
15	7
1	1
2	0
1	7
2	3
2	8
2	5
6	1
7	0
4	0
0	2861
50	2773
0	296
0	930
2	0
0	268
0	288
0	279
0	259
0	1
32	1
3	688
46	222
0	735
2	584
26	553
2	0
4	0
0	1
0	1
3	15
1	15
0	1
0	1
3	0
0	0
20	7
36	7
2	4
1	11
89	0
2	34
56	34
4	0
0	0
5	0
2	0
3	0
1	1067
7	1048
36	864
77	942
4	0
15	0
3	0
6	0
0	0
0	0
12	1
8	0
76	0
13	18
6	18
6	4
0	4
78	4
0	10
1	230
2	303
1	307
1	226
6	12
4	12
5	177
37	177
9	176
6	664
1	1007
0	930
0	969
0	964
0	926
0	973
0	16
0	38
0	16
10	0
8	0
14	1
2	516
0	10
122	1163
1	16
9	40
1	533
3	540
4	10
1	499
41	499
0	528
120	875
4	2
6	19
0	19
0	0
0	0
13	0
14	0
6	0
30	2
7	0
0	0
6	0
2	0
1	0
7	1
3	57
73	64
15	118
0	3
2	3
0	1
0	1730
1	8
0	2279
0	1069
0	1649
0	2198
0	988
0	2132
0	2239
0	2213
0	2158
4	10
2	0
4	0
6	0
3	0
8	0
0	1
1	1
67	0
5	2
2	5
1	6
3	125
6	123
3	123
34	123
1	123
0	0
4	3
0	7
1	0
0	6
0	0
0	10
0	0
1	13
1	7
0	1
0	4
0	10
0	2
0	11
1	9
85	9
0	3
0	4
37	13
9	0
44	72
2	1
0	3
0	73
4	3
0	3
26	1
441	0
161	0
301	1965
0	48
146	1961
130	221
0	4
5	0
1	0
10	8
0	8
3	0
22	2
164	0
0	609
0	1644
0	1871
0	1716
0	1576
0	1803
0	1784
0	1489
0	1557
0	25
18	642
0	1534
0	1662
0	35
0	791
0	802
4	683
0	875
0	19
221	38
0	710
0	1707
84	474
7	391
41	140
0	3
2	0
3	0
9	0
26	0
8	0
3	8
3	2
8	8
1	3
21	29
0	2
0	5
0	4
0	2
0	1
9	9
0	4
0	1
0	5
9	2
5	33
9	28
3	1
1	5
2	1
3	6
3	0
4	0
3	3
32	0
10	0
0	0
0	60
0	98
0	228
0	190
198	0
3	2
4	3
0	0
0	1
0	1
0	0
0	2
0	2
0	0
4	11
1	12
0	23
8	16
4	14
1	2
0	10
0	2
9	0
0	16
250	8
1	19
2	0
1	0
0	0
6	13
0	0
0	0
14	0
27	0
2	14
3	14
5	30
6	30
6	0
102	2108
20	719
0	52
20	2108
19	381
115	381
2	0
25	0
483	0
6	0
4	0
18	55
2	26
1	29
2	0
19	10
1	10
0	10
0	10
37	496
43	496
1	3
2	0
2	38
0	18
35	1326
13	78
2	1473
0	6
2	860
5	5
64	1459
40	50
13	50
0	2
11	0
3	38
46	3
4	0
4	0
4	0
0	1
0	1
97	0
20	0
76	0
8	45
4	45
113	0
4	46
2	46
43	0
71	3
4	91
6	409
861	1383
1	1488
43	0
3	0
5	0
0	18
0	18
0	18
0	18
0	18
1	0
60	48
0	48
31	0
23	29
13	29
0	4
39	4
6	120
15	120
71	1
1	1
162	0
9	0
1	1
28	0
427	1
703	0
12	0
25	0
1	0
0	617
3	618
23	448
0	634
0	597
0	614
4	0
5	159
3	217
172	238
0	238
2	613
14	557
29	601
26	557
3	118
13	262
25	430
61	52
18	46
3	231
22	451
0	147
12	133
2	25
0	25
0	4
67	3
8	58
59	60
2	2
2	2
77	0
89	139
0	136
0	3
1	0
0	60
0	119
0	59
0	120
1	0
229	0
312	0
6	1023
81	170
70	159
121	1602
17	1019
35	1602
3	118
39	1011
1	0
29	0
29	0
5	0
88	0
6	6
0	6
68	0
11	0
355	13
19	12
2	234
2	182
4	5
4	39
2	459
0	450
112	0
1301	873
0	757
0	551
0	591
0	797
10	908
69	1
12	43
1	41
0	3
9	19
2	7
2	0
16	196
2	4
0	223
1	225
13	7
163	3
0	80
0	624
0	478
0	420
0	387
0	227
0	511
3	684
18	1
7	252
275	0
278	6
1	0
0	0
6	0
3	0
3	0
2	0
3	0
73	7
0	7
0	0
271	0
5	0
0	0
0	0
7	17
58	17
0	538
0	697
0	533
0	531
0	704
0	526
0	658
0	676
0	651
0	534
0	683
0	527
0	197
0	675
3	175
3	178
21	178
449	1
42	276
0	790
0	863
0	1144
0	1901
1	992
0	1619
0	14
1	736
0	1534
6	73
2	118
551	0
10	527
1	527
18	0
0	237
0	232
0	232
0	237
74	0
27	0
15	0
0	45
0	45
18	0
5	0
54	0
0	0
98	0
319	1
8	1
0	4
0	969
13	1075
0	1032
0	684
15	981
0	1001
0	710
70	4
23	5
0	1032
0	973
0	934
14	1075
8	0
3	2
0	6
51	6
1	0
2	0
9	0
1	16
19	70
3	54
350	40
25	211
598	250
0	39
73	0
3	0
2	60
7	3
28	57
24	0
7	0
1	0
4	95
10	284
17	275
0	303
0	5
68	0
8	0
7	17
8	0
0	2
0	2
0	2
5	0
0	7
216	70
3	63
355	0
0	119
0	123
2	209
0	205
172	129
11	129
4	0
12	0
17	0
69	0
14	0
1	187
0	290
0	642
0	600
0	332
0	378
0	336
1	0
0	0
24	43
6	43
0	35
53	35
8	0
0	0
3	1
2	1
4	8
1	8
2	8
2	8
30	0
23	502
30	315
6	187
29	0
8	2
7	0
3	63
0	86
0	26
0	77
0	17
2	3
0	2
0	2
0	2
16	2
7	1
10	0
8	1
0	1
0	0
0	130
0	125
0	68
0	63
1	0
84	0
22	0
176	13
2	13
2	3
50	3
0	35
15	35
2	0
100	0
87	0
1	0
116	0
0	5
3	39
1	46
118	82
111	56
7	56
5	0
4	332
6	166
22	495
6	0
52	0
0	0
744	111
1	111
5	0
9	250
16	250
0	385
0	415
0	348
0	378
3	2
1	2
31	0
37	0
4	0
2	58
74	58
0	1
287	1
83	1
0	1
5	0
1	13
1	6
7	14
110	0
7	0
1	0
4	0
4	0
0	0
60	0
8	2
0	2
25	0
18	0
4	0
3	0
5	0
25	0
18	1
194	19
3	19
214	0
4	0
1	0
18	0
58	10
0	10
97	0
55	0
21	167
123	167
4	24
1	24
6	0
97	0
1	0
1	0
0	1
31	16
4	16
8	0
35	0
9	0
4	0
0	1
18	1
1	0
10	4
0	4
0	72
165	74
2	467
236	467
984	0
6	106
21	106
2	19
6	9
1	0
15	9
11	0
15	4
2	4
22	0
33	161
25	161
380	0
0	0
11	0
3	5
0	5
7	0
16	0
10	53
11	53
1	0
1	41
17	41
0	6
1	17
1	17
1	0
11	84
18	84
27	0
14	61
51	0
3	0
5	0
34	9
48	9
26	387
27	387
2	264
3	221
3	0
3	47
19	77
3	30
2	11
300	1
56	3
8	3
2	0
6	6
4	6
0	0
2	0
0	0
3	1
13	1
0	32
3	1
0	25
3	57
4	238
0	167
11	238
0	10
48	52
2	52
2	61
0	61
8	23
4	23
10	0
0	0
1	0
112	0
7	0
1	0
11	0
191	0
226	0
0	9
0	9
3	0
5	0
61	0
28	1
1	2
2	3
5	2
3	0
3	526
314	555
5	29
2	0
643	0
0	2
191	0
2	0
21	0
7	102
2	102
134	0
0	1
2	3
2	56
82	97
1	41
1	124
12	56
0	79
0	69
0	54
0	24
24	0
12	0
7	0
20	271
12	271
21	0
2	0
47	0
7	14
2	14
6	0
24	59
21	154
2	95
28	0
3	0
0	19
46	19
30	0
6	0
5	0
15	0
5	0
5	0
3	0
1	0
5	0
0	0
1	0
1	0
5	0
19	0
1	0
8	0
4	1
12	1
10	0
13	0
7	0
4	0
12	0
0	0
0	1
5	1
9	0
4	0
2	0
3	0
1	0
14	0
3	0
5	0
3	0
2	0
1	0
3	7
2	5
3	0
1	0
5	0
0	4
2	4
2	0
1	0
0	0
6	0
1	0
3	0
1	0
3	0
2	0
1	0
15	0
0	0
3	0
1	0
0	0
4	0
0	0
0	0
1	7
0	7
7	0
3	0
7	0
1	0
22	0
7	0
5	0
8	0
1	0
0	0
3	9
1	9
1	0
3	0
5	19
0	19
82	0
12	0
0	0
5	0
3	0
3	0
6	0
1	0
0	0
2	3
6	3
193	1
7	1
4	0
2	0
0	0
6	0
7	0
7	0
23	2
0	2
2	0
5	0
13	0
8	0
3	0
5	0
5	0
10	0
8	0
8	29
5	29
4	0
9	0
2	0
1	0
1	0
8	1
10	8
2	8
7	0
2	0
7	7
0	0
2	5
0	5
2	1
0	1
29	0
1	0
2	0
4	0
6	0
7	0
0	0
1	0
8	0
2	0
6	0
2	0
27	0
9	0
8	0
22	0
0	0
10	0
5	0
0	2
2	2
0	0
4	0
17	12
0	12
2	11
0	0
21	0
17	0
2	0
1	0
2	0
2	0
1	0
9	0
5	0
1	0
1	0
3	0
7	0
8	0
7	0
9	0
1	0
1	0
4	0
4	0
2	0
3	0
12	0
4	0
4	0
5	0
3	0
2	2
2	0
3	0
4	0
0	0
3	2
1	0
0	0
3	0
2	0
4	0
2	0
7	0
3	0
5	0
1	0
4	0
1	0
3	0
1	0
3	0
2	0
1	0
1	0
4	0
1	0
6	0
0	0
5	0
0	0
9	0
2	0
2	0
1	0
2	0
1	0
8	0
7	0
1	0
3	0
3	0
3	0
5	0
3	0
2	0
4	0
0	0
6	0
2	0
95	0
2	0
1	0
2	0
3	0
2	0
2	0
2	0
1	0
3	0
3	0
0	1
0	1
1	0
4	0
2	0
2	0
4	0
5	0
1	0
3	0
2	0
4	0
4	1
1	0
4	0
4	0
3	0
3	0
4	0
0	0
4	0
4	0
4	0
1	0
3	0
1	0
0	0
4	0
2	0
4	0
0	0
2	0
3	0
3	0
0	0
4	0
1	0
0	0
3	0
2	0
5	0
2	0
1	0
0	4
0	4
3	0
3	0
2	0
5	0
2	0
3	0
2	0
122	0
3	0
1	0
0	0
5	0
4	0
2	0
9	0
4	0
0	12
0	12
10	0
5	0
2	0
5	0
11	0
1	3
0	3
0	0
2	0
3	0
12	0
3	0
11	0
2	0
3	0
11	0
1	0
3	0
7	0
3	0
17	0
2	0
2	0
7	0
4	0
2	0
6	0
1	0
4	0
2	1
0	1
1	0
4	2
1	0
1	0
3	1
10	0
1	0
1	0
5	0
67	0
29	0
4	0
4	0
3	2
0	2
0	13
1	13
4	0
2	0
2	0
0	0
6	0
13	0
7	0
3	0
5	0
10	0
5	0
2	0
1	0
3	0
0	0
5	0
0	124
77	124
3	0
1	0
2	0
1	0
0	0
5	0
8	0
4	0
1	0
4	0
0	0
1	0
2	0
2	0
8	0
5	0
4	0
39	0
10	0
4	1
1	0
5	0
8	0
5	0
6	0
7	0
5	0
0	5
0	5
0	5
0	5
0	5
0	5
1	0
1	0
0	0
4	0
1	0
9	2
5	0
0	0
12	0
3	0
8	0
14	0
8	0
0	0
3	0
4	3
0	0
3	58
3	58
11	0
3	0
4	0
3	0
9	0
11	0
163	0
7	11
0	11
17	0
15	0
5	0
0	0
0	0
2	96
36	94
0	2
0	25
8	0
18	172
28	172
6	168
0	74
87	0
10	0
4	0
3	4
6	5
51	451
0	326
6	97
1	127
139	0
24	13
2	13
6	0
5	99
1	2
26	99
0	5
13	0
1	5
5	0
243	0
0	6
7	6
2	3
0	1
0	3
5	0
1	1
17	1
1	0
120	9
35	4
0	0
0	5
0	408
0	332
0	318
0	422
5	285
28	12
0	12
67	0
2	2
2	2
1	0
1	0
10	0
24	139
2	139
187	78
0	78
0	64
10	64
12	0
215	7
0	1
5	0
2	0
2	0
3	0
4	1
1	0
3	0
2	0
15	0
446	0
6	1
32	0
31	0
53	294
8	294
79	0
2	0
9	7
0	7
10	7
0	7
10	1
4	0
1	8
2	8
31	0
2	0
71	181
7	142
1	39
1	0
43	1
0	0
0	183
0	176
0	127
0	120
0	184
2	179
72	0
1	1
0	0
9	0
0	1
5	89
12	89
8	0
652	2680
70	2680
82	0
0	0
2	0
3	0
2	0
7	91
22	91
0	6
11	6
24	0
74	0
5	0
22	9
8	9
4	0
0	191
67	191
0	126
0	0
299	0
0	7
0	4
0	9
0	12
0	2
3	2
6	0
3	9
9	9
3	5
6	11
0	11
0	5
9	12
2	303
97	303
108	0
3	9
0	2
184	2
1	0
0	0
2	1
12	1
11	0
345	0
1	9
3	9
2	169
11	169
0	6
4	5
2	1
4	167
0	224
11	217
13	9
2	9
22	0
1	181
6	181
0	34
2	35
0	34
14	1
466	1
15	0
0	157
0	117
0	144
0	130
2	248
80	248
3	0
151	0
118	0
6	22
0	22
6	177
0	177
93	0
8	0
37	0
40	9
0	9
2	95
2	95
7	0
12	0
230	0
452	0
58	8
0	9
115	0
152	0
138	0
0	0
0	84
0	71
3	76
5	1
0	5
4	6
2	7
0	1
0	2
2	2
10	4
3	4
168	0
28	138
0	20
9	138
10	0
2	0
2	79
28	79
0	1
0	9
0	4
0	2
1	9
0	2
12	4
0	0
1	2
1	8
24	7
0	0
4	1
6	44
5	44
5	0
3	62
4	62
6	8
0	8
28	0
72	0
3	2
0	1
0	1
5	0
6	2
4	0
139	0
82	0
164	0
34	0
3	0
0	4
0	3
0	3
23	0
519	0
2	11
1	11
1	0
0	0
2	0
8	12
2	12
11	0
5	1
4	0
5	4
0	0
6	1
3	0
5	0
2	0
4	0
2	0
1	0
10	0
4	0
1	7
5	0
4	0
0	0
0	0
0	0
6	0
6	18
1	18
4	0
3	0
1	0
2	0
1	0
0	0
0	0
2	0
0	0
4	0
1	0
6	0
31	0
1	0
0	0
0	0
0	0
0	0
4	0
1	0
2	0
5	0
0	11
5	11
2	11
0	10
116	1
0	0
73	0
8	0
63	1
0	5
2	11
4	5
0	109
0	112
0	110
0	113
1	101
1	44
0	72
50	0
18	0
6	35
0	33
0	35
17	0
0	8
0	8
155	0
3	0
8	0
4	46
22	46
1	0
2	1
5	1
3	0
32	55
23	55
1	24
1	0
518	125
2	125
80	0
7	0
8	0
7	0
1	0
0	69
4	69
96	0
0	57
1	0
4	57
2604	1393
7	1393
1	0
11	1
14	46
38	46
24	0
135	555
1	517
3	38
3	0
2	265
0	263
0	260
0	262
98	500
37	500
0	0
1	0
2	0
0	0
5	0
8	1193
100	1193
164	3
5	3
1	1
180	1
21	0
0	1
5	1
1	1
2	1
7	0
2	8
18	18
0	12
1	8
0	8
6	14
9	0
880	0
722	0
0	0
2	0
3	0
0	21
21	21
3	4
11	4
4	2
0	5
126	9
0	12
39	33
41	25
9	11
0	8
0	9
131	9
0	90
191	140
0	50
52	267
5	194
0	73
17	1
188	339
4	339
8	0
23	0
0	0
41	0
76	0
0	0
3	42
0	123
3	70
48	123
0	0
8	6
0	5
104	0
2278	0
4	0
11	0
9	1
0	0
3	48
81	48
20	0
120	373
3	373
1	0
0	1
51	1
0	1
0	30
8	12
9	57
7	69
4	0
2	0
49	0
375	36
0	36
35	23
2	23
0	0
1	15
13	72
4	72
5	15
8	26
0	26
186	0
4	0
0	10
232	35
0	35
14	15
2	15
3	0
10	136
3	136
143	0
4	0
1	0
2	0
0	0
2	0
1	0
0	0
70	0
3	0
1	10
9	10
1	7
5	24
4	17
12	0
4	0
2	72
11	72
1	1
1	1
19	0
52	0
0	53
0	53
1	0
277	13
0	13
219	2
9	2
9	0
20	2
4	2
1	198
3	198
4	8
1	1
0	10
1	2
2	9
8	157
31	157
5	0
7	0
2	0
0	0
0	0
4	69
0	69
18	1
3	0
7	0
96	0
1	0
71	274
75	274
6	18
0	18
32	13
1	11
0	13
0	1961
714	1974
2020	13
10	266
0	273
1	183
11	0
1	0
60	68
0	68
14	174
15	174
24	23
1	22
2	1
47	41
3	41
0	10
17	488
5	488
4	0
0	0
0	1
3	1
8	0
2	0
0	46
18	46
121	0
0	0
48	936
132	936
106	30
0	30
22	0
377	0
13	439
30	396
18	46
0	0
3	0
1	0
3	0
0	0
159	0
0	0
92	0
2	0
2	0
11	0
328	0
0	0
0	11
0	5
9	11
18	0
0	188
0	199
2	76
18	193
3	202
5	190
4	62
1816	0
0	33
18	33
4	177
0	113
21	176
90	0
31	0
11	0
2	110
54	110
1	55
6	55
1	0
1	1
1	1
0	2
0	1
40	0
1	10
4	10
1	18
5	47
0	12
0	30
1	0
4	0
0	197
0	151
1	155
0	193
2	41
9	97
0	38
6	97
27	118
0	8
7	122
1	122
0	132
0	4
5	128
2	118
2	1
1	1
25	0
15	0
0	0
0	50
291	155
11	46
5	105
0	2
8	2
0	0
119	1
6	31
0	28
1	52
0	1
14	111
0	111
50	0
48	57
0	57
3	41
11	0
0	0
4	1
3	0
38	1
6	1184
2429	1187
2	6
2	0
2	0
3	0
4	0
1	0
1	0
1	0
5	0
2	0
1	0
2	0
0	0
2	0
1	0
1	0
1	0
3	0
2	0
1	0
1	0
4	0
2	0
2	0
0	0
2	0
3	0
0	0
4	0
3	0
5	0
1	0
1	0
3	0
1	0
4	0
2	0
1	0
1	0
1	0
1	0
0	0
3	0
0	0
2	0
4	0
3	0
8	0
5	0
0	0
2	0
4	0
0	2
1	0
0	0
0	0
3	0
1	0
0	0
2	0
2	0
2	0
2	0
2	0
2	0
1	0
1	0
2	0
3	0
3	0
2	0
1	0
3	0
2	0
0	0
4	0
2	0
3	0
2	0
0	0
3	0
2	0
2	0
4	0
3	0
1	0
3	0
5	0
5	0
1	0
1	0
1	0
4	0
4	0
1	0
3	0
3	0
3	0
3	0
3	0
3	0
11	0
8	0
2	0
4	0
3	0
3	0
5	0
25	0
14	34
1	34
2	0
3	0
4	0
6	0
0	0
6	0
4	0
3	0
2	0
5	0
1	0
3	0
2	0
1	0
3	0
4	0
2	1
4	1
7	4
3	4
2	0
1	0
5	0
4	1
2	0
7	0
2	0
8	0
6	0
3	0
2	10
1	10
1	58
0	58
8	0
2	0
3	0
1	0
5	0
2	1
0	0
3	0
1	0
4	0
0	0
5	0
4	0
14	0
4	0
2	0
3	2
2	2
6	0
3	0
3	0
1	0
0	0
0	0
8	0
8	0
19	0
2	0
8	0
1	0
0	0
8	0
5	3
0	3
4	0
5	0
3	0
2	0
4	76
11	76
3	69
1	29
0	29
105	0
0	16
5	16
2	0
65	550
23	550
3	0
1	2
79	2
23	3
0	3
150	60
0	60
3	0
115	0
21	0
2	2
3	124
50	253
0	130
0	1
24	0
0	0
17	0
0	9
5	9
0	197
0	214
0	173
0	156
0	190
0	139
10	0
11	0
1	0
1	0
3	0
0	24
1	254
47	249
39	254
0	0
25	147
38	147
1	0
35	0
8	36
0	37
5	37
25	0
0	18
0	60
0	60
0	60
0	18
0	18
27	0
78	0
7	0
0	1
43	1
1	68
36	68
6	0
216	18
0	18
293	0
3	80
20	117
3	1
0	132
2	0
3	0
5	1
0	0
0	2
1	2
21	0
3	0
2	0
0	9
5	9
50	59
2	59
3	3
5	3
6	0
69	4
2	4
27	0
6	0
1	3
3	1
6	0
0	47
0	17
42	70
3	18
2	23
553	10
29	10
5	401
4	401
1	14
0	15
5	9
5	0
33	0
0	418
3	799
38	799
0	0
16	263
308	263
13	3
37	1
28	51
3	50
0	1
0	8
97	44
1	44
534	0
15	0
0	134
0	115
0	112
0	137
2	0
19	3
2	79
83	79
2	2
132	0
104	119
4	119
97	0
5	152
48	152
18	0
16	0
1	0
2	0
5	0
65	0
1	0
3	55
68	66
0	66
2	3
1	3
0	0
3	0
4	275
4	275
11	0
5	13
131	59
0	43
0	16
0	4
7	4
474	0
10	228
142	228
0	20
0	19
2	105
34	487
10	487
5	0
1	0
54	0
2	12
1	5
5	17
2	45
18	45
7	26
16	0
2	41
11	41
46	38
0	38
3	0
117	0
0	0
3	20
0	20
19	0
1	843
23	843
57	0
4	1
0	8
0	8
8	39
15	73
27	112
0	0
39	2
1	2
23	0
277	0
141	0
0	28
5	28
3	0
2	0
56	0
101	52
0	52
0	159
0	138
0	281
0	260
0	79
4	0
241	0
5	0
0	296
0	288
0	275
0	309
3	0
0	0
0	0
31	269
0	269
577	9
0	9
2	68
8	91
3	91
1	0
4	5
0	3
271	2
2	0
0	0
2	70
152	70
3	2
0	2
4	17
9	17
2	6
53	6
0	1
555	38
0	38
0	0
5	0
5	0
244	0
19	234
1	234
3	151
4	0
1	0
258	0
49	6
0	6
2	130
146	130
1	1
220	25
0	25
8	0
306	190
2	188
1	0
86	0
95	0
30	0
2	43
0	362
3	106
0	456
0	435
0	341
0	147
37	147
2	36
22	23
5	23
77	0
1	19
6	19
3	0
0	7
7	7
12	183
4	183
5	37
15	0
3	2
17	0
1	0
0	0
0	0
2	42
0	185
0	316
0	324
0	299
0	307
5	36
0	36
253	0
0	0
7	214
8	587
41	587
1	1
1	0
0	0
0	2
35	0
2	170
22	170
0	0
0	139
494	139
5	0
95	0
98	0
9	0
18	99
1478	573
1838	642
2	2
86	2
13	127
1	99
0	51
5	28
10	0
3	285
97	285
100	160
18	89
0	4
5	160
3	0
0	0
6	4
6	4
38	0
0	16
128	209
2	193
0	5
184	5
27	0
3	0
2	0
6	333
104	575
6	242
8	0
9	500
1	98
3	1
28	500
0	56
72	0
326	0
143	0
1	0
2	0
1	19
38	72
0	70
6	21
6	916
27	902
3	14
0	287
9	287
0	38
41	0
0	134
0	39
0	36
0	392
0	395
1	0
51	0
104	0
67	15
239	955
16	955
0	90
0	19
1118	19
3	8
5	8
2	184
131	184
7	0
1	0
3	2
0	119
193	120
1	0
6	0
11	0
7	0
0	330
0	332
0	141
0	139
0	3
2	0
1	0
0	100
0	185
0	192
0	96
0	96
0	227
0	240
0	235
0	198
0	220
0	216
0	240
0	185
0	234
0	283
0	277
0	270
0	263
0	222
0	198
0	100
0	228
0	241
0	192
0	220
0	234
0	227
191	0
208	0
45	641
81	0
28	641
7	315
1	315
29	179
15	179
2	11
19	224
137	224
45	0
0	323
0	269
0	160
0	78
1	83
10	8
0	299
0	179
0	304
0	318
0	250
0	29
4	0
1	0
20	0
69	0
207	0
72	51
1	51
297	14
59	14
1	222
2	222
8	0
15	195
42	195
29	268
2	441
0	455
0	471
18	723
0	43
806	43
178	2
0	2
5	20
390	19
7	0
7	0
4	4
0	2
7	50
3	50
83	476
3	476
4	0
4	1
51	1
146	0
35	1
8	0
698	0
2	0
24	146
0	118
29	146
8	440
23	440
38	5
0	5
0	4
202	1
0	4
5	0
1	0
94	3
2	55
6	55
0	0
218	0
163	0
0	384
4	315
3	222
0	202
0	537
0	523
2	207
0	586
0	572
2	0
0	143
217	143
9	2
4	2
6	7
23	7
4	26
3	26
5	261
619	261
41	897
217	897
7	271
33	0
1	0
24	0
68	0
0	6
4	70
3	71
18	1
33	1
0	1
162	0
10	5
5	10
3	71
9	66
4	74
1	76
10	0
12	8
1	1
7	4
6	1
12	0
9	11
4	6
37	0
0	2
0	8
4	9
9	0
5	1
0	1
1	7
3	5
47	5
2	3
26	6
5	0
13	7
6	5
19	2
371	0
13	21
5	21
3	152
26	150
146	10
0	10
0	125
1	132
2	48
0	10
0	156
41	0
2	0
2	11
0	11
32	0
5	13
0	13
174	0
295	11
9	11
22	0
0	0
10	63
69	442
2	442
12	0
7	0
24	0
2	0
9	0
3	0
6	0
5	0
0	18
3	18
7	84
12	749
1	757
0	87
4	0
8	1
0	219
0	206
0	169
2	4
0	254
0	167
3	34
0	241
0	202
3	49
94	0
0	0
20	121
2	121
28	0
6	0
19	819
15	819
15	422
4	0
18	0
19	1
22	0
16	1
388	15
2	15
16	2
6	13
0	13
0	552
0	502
0	437
7	173
0	455
0	520
0	487
44	0
3	2
3	2
24	0
1	0
5	8
56	437
17	437
9	0
2	68
4	122
6	158
49	0
3	2
5	305
0	303
66	0
16	0
7	416
38	416
14	322
0	0
1	1737
1031	2583
6	2586
0	1740
0	60
469	0
2	3
0	3
0	66
2	15
10	15
1	16
8	82
15	10
1	10
2	3
3	3
67	0
1	0
4	0
0	35
4	36
8	8
0	12
21	24
0	48
0	1
3	33
1	0
444	106
1	107
7	6
5	0
39	0
25	253
3	164
0	89
23	0
3	0
2	0
2	0
0	854
2	752
9	507
0	0
4	37
0	44
0	95
0	35
0	86
4	0
0	0
24	2
1	2
180	0
2	280
12	280
4	0
2	4
14	28
251	29
0	3
0	48
16	175
0	175
4	69
6	69
0	32
0	28
3	23
0	38
0	22
0	16
12	0
3	0
7	0
0	262
17	262
0	533
0	594
0	1071
0	1132
0	15
164	78
0	63
3	0
9	213
4	213
0	61
62	257
5	257
863	139
2	128
0	11
5	1
17	5
1	1
2	9
4	10
264	85
0	85
304	0
71	0
127	0
6	0
0	22
197	22
54	566
10	566
0	1
7	0
31	49
0	30
0	19
0	131
4	131
0	6
15	0
1	3
3	152
0	375
0	59
2	112
0	412
0	302
0	265
4	22
0	169
0	2
0	2
7	0
0	77
10	2
0	59
3	30
0	58
0	9
218	9
24	0
11	2
2	2
217	0
394	0
2	23
0	23
0	0
173	1
0	251
3	30
0	307
0	91
0	35
6	209
0	138
22	0
1	0
9	0
0	0
23	0
1	0
8	43
2	43
9	0
4	0
10	2
1	2
3	0
1	5
1	5
3	0
3	0
4	0
4	0
7	0
5	0
10	0
2	0
3	0
3	0
10	0
2	12
2	11
5	0
2	0
0	0
4	0
0	0
0	1
16	1
12	0
5	0
4	0
13	0
1	0
3	0
2	0
0	0
5	0
6	0
4	0
7	0
3	0
5	0
2	0
9	0
4	0
3	0
2	0
1	0
6	0
1	2
0	2
3	0
4	0
2	0
3	0
4	8
2	8
8	0
8	0
4	0
0	0
0	0
3	0
1	0
2	0
4	0
1	0
3	0
5	0
1	0
3	0
9	0
1	0
4	1
4	0
6	0
6	0
7	0
2	0
2	0
12	0
7	0
2	0
1	0
2	0
3	0
0	0
4	0
4	0
1	0
1	0
1	0
6	0
0	1
5	1
1	0
2	0
1	0
3	0
5	0
5	0
2	0
4	0
1	0
1	0
4	1
2	0
2	0
3	0
5	0
3	0
2	0
0	1
0	1
2	0
1	0
13	0
1	0
3	0
1	0
10	0
4	0
3	0
1	0
2	0
4	0
2	0
1	0
6	0
3	0
2	0
3	0
2	0
5	0
2	0
3	0
2	0
2	0
2	0
0	0
6	0
5	0
2	0
1	0
0	0
1	0
2	0
2	0
1	0
3	0
6	0
5	0
2	0
3	0
0	0
7	0
4	0
1	0
0	0
3	0
5	0
2	0
0	0
3	0
6	0
5	0
1	0
3	0
3	0
9	1
1	0
2	0
0	0
3	0
2	0
4	0
0	0
3	0
3	0
1	0
2	0
6	0
2	0
0	0
3	0
2	0
3	0
4	5
4	0
2	0
2	0
1	0
4	0
4	0
3	0
3	0
2	0
1	0
4	0
1	0
5	5
6	0
5	0
2	0
5	0
3	0
4	0
4	1
2	1
3	1
6	0
1	0
0	0
1	0
2	0
3	0
0	0
2	0
4	0
8	0
3	0
1	0
3	0
3	0
3	0
1	0
2	0
3	0
2	0
24	3
9	1
1	0
5	0
1	0
1	0
5	0
1	0
3	0
4	0
2	0
12	0
9	1
1	0
6	0
5	0
7	0
2	0
0	0
2	0
2	0
11	0
1	0
2	0
3	0
3	0
2	0
4	0
4	0
3	0
2	0
3	0
2	0
3	0
2	0
6	0
2	0
1	0
3	0
3	0
3	0
3	0
2	0
3	0
105	0
0	0
5	2
2	0
6	0
2	0
1	0
0	0
4	0
2	0
1	0
9	0
3	0
3	0
11	0
4	0
48	0
8	0
2	0
0	4
0	4
1	0
2	0
3	0
0	0
2	0
3	0
35	1
4	0
3	0
2	0
0	0
2	0
4	0
0	0
4	0
1	10
2	10
3	0
4	0
2	0
5	0
2	0
3	0
0	1
0	1
2	0
1	0
5	0
7	0
3	0
14	0
14	0
0	0
0	0
1	0
6	0
4	0
4	0
2	0
2	0
6	0
7	0
1	0
7	0
2	0
1	0
2	0
0	0
0	0
0	0
6	0
0	0
3	0
2	0
6	0
4	0
3	0
4	0
0	0
4	0
1	0
4	0
4	0
3	0
4	0
2	0
4	0
38	348
1	348
0	0
3	0
1	0
4	0
6	0
3	0
3	0
1	0
3	0
1	0
3	0
2	0
3	0
1	2
29	2
1	0
3	0
1	0
1	0
3	0
2	0
1	4
0	4
9	0
2	0
3	0
4	0
9	0
5	0
4	0
8	0
5	0
5	0
2	1
4	0
4	0
0	0
0	0
0	0
1	0
4	0
2	0
3	0
2	0
0	0
0	0
3	0
1	0
1	0
6	0
5	0
17	0
2	0
2	0
1	0
11	0
0	7
1	7
2	0
4	0
0	0
1	0
2	0
1	0
0	0
2	0
1	0
3	0
2	0
2	0
2	0
2	0
2	0
0	0
3	0
2	0
0	0
5	0
1	0
1	0
5	0
2	0
3	0
3	0
3	0
2	0
0	0
8	0
3	0
1	0
3	0
5	0
0	0
1	0
1	0
3	0
1	0
1	0
2	0
3	0
1	0
3	0
4	0
0	0
2	0
3	0
5	0
2	0
2	0
2	0
2	0
1	0
6	0
1	6
2	0
1	0
1	0
1	0
6	0
2	0
2	0
7	0
4	0
2	11
2	0
5	1
1	0
1	0
2	0
3	0
1	0
0	0
0	0
2	0
3	0
2	0
7	0
1	0
3	0
4	0
1	0
1	0
1	0
2	0
0	0
5	6
1	0
1	0
4	0
7	0
1	0
3	0
2	0
2	0
9	0
1	0
5	0
3	0
2	0
0	0
2	0
2	0
2	0
3	0
2	0
0	0
3	0
2	0
2	0
5	0
2	0
4	0
6	0
1	0
1	0
0	0
4	0
2	0
2	0
0	0
4	0
3	0
6	0
3	0
4	0
3	0
0	1
6	0
3	0
1	0
3	0
5	0
0	0
3	0
0	0
3	0
2	0
2	0
4	0
1	0
2	0
3	0
3	0
1	0
0	0
4	0
3	0
4	0
4	0
2	0
4	0
0	0
4	0
1	1
3	1
2	0
1	0
3	0
3	0
3	0
2	0
5	0
1	0
6	0
2	0
1	0
3	0
6	0
2	0
3	0
0	0
3	0
3	0
0	0
8	0
3	0
2	0
1	0
2	0
3	0
3	0
1	0
3	0
0	0
0	0
1	0
3	0
2	0
2	0
2	0
5	2
2	0
34	33
2	33
12	0
0	14
3	13
3	27
9	0
1	0
55	0
17	0
1	5
4	109
6	109
0	52
13	0
23	0
7	0
6	0
0	1
0	0
4	1
0	5
5	5
10	0
5	0
1	0
4	0
0	32
25	32
1	0
2	6
0	8
3	4
12	2
0	2
55	1
3	0
2	1
11	0
1	0
1	0
45	0
4	0
27	0
4	0
8	47
0	47
35	11
0	11
1	0
0	0
0	0
1	0
0	1
1	1
1	0
214	0
38	0
71	0
23	0
0	0
10	0
2	0
0	0
0	0
44	0
26	0
6	0
39	0
11	0
4	0
0	0
0	295
2	295
0	294
0	291
15	193
1	105
0	294
0	294
0	293
1	295
0	295
0	193
0	291
11	0
0	0
2	0
6	12
5	12
8	0
50	52
0	52
118	31
0	31
198	0
1	0
24	1
3	2
2	0
92	56
0	56
3	0
6	0
3	0
28	0
62	0
39	28
0	28
279	0
201	0
2	88
0	106
17	341
20	240
16	2
0	2
3	0
4	4
1	4
5	1
0	1
1	2
4	2
9	0
3	3
0	3
2	0
0	61
138	70
0	9
40	0
1	0
35	0
1	0
0	0
3	16
2	17
1	1
19	0
38	68
2	68
120	39
3	36
1	3
101	36
13	36
6	1
0	0
1	0
6	0
3	0
6	0
0	0
5	0
2	0
3	0
2	0
0	0
0	9
5	9
3	0
7	0
3	0
31	0
68	8
0	8
1	0
0	6
2	6
0	50
26	50
42	9
0	9
6	0
83	47
6	47
8	0
8	108
4	108
1	0
2	18
2	18
65	0
9	0
20	12
0	12
2	5
3	5
0	1
2	1
367	363
0	19
60	363
0	0
0	0
0	0
0	159
99	160
1	45
82	45
33	13
0	13
22	0
1	0
7	1
0	1
5	0
1104	390
3	390
64	0
0	1
0	0
1	0
1	0
161	0
16	1
62	69
0	69
0	93
252	0
1	0
0	1
4	1
273	0
8	2
7	0
5	0
6	0
17	0
5	0
4	0
68	3
0	3
14	0
12	1
6	2
6	9
2	9
3	4
7	0
6	0
0	0
0	0
0	0
498	0
4	0
49	0
2	6
1	5
374	1
0	17
2	32
0	15
2	0
5	0
12	0
3	0
1	0
2	0
94	0
1	0
6	0
2	0
3	0
2	0
34	0
1	0
1	0
3	0
19	0
6	0
11	0
4	4
4	0
2	0
5	0
2	0
3	0
3	0
4	0
1	1
1	1
3	0
2	0
5	0
1	0
1	0
2	0
1	0
2	0
4	0
1	0
2	0
3	0
4	0
3	0
4	0
6	0
0	0
5	0
4	0
6	0
10	0
2	0
1	0
2	0
9	0
3	0
0	0
2	0
4	0
4	0
4	0
2	1
0	1
3	0
1	0
6	0
4	0
4	0
5	0
11	0
2	1
3	0
6	0
5	0
12	3
3	0
6	0
5	0
6	0
11	0
2	0
2	0
6	0
28	0
2	0
4	0
9	0
17	0
13	0
59	0
4	0
4	0
2	0
1	0
0	1
4	1
3	0
1	0
5	0
5	0
1	0
7	0
1	0
5	0
2	0
4	0
1	0
1	0
4	0
2	0
0	0
0	0
1	0
4	0
3	0
6	0
2	0
4	0
3	0
4	0
5	0
2	0
5	0
0	0
0	0
9	0
1	0
1	0
2	0
1	0
0	0
2	0
2	0
2	0
4	0
2	2
0	2
1	0
0	0
3	0
2	0
1	0
2	0
2	0
1	0
2	0
2	0
3	0
3	0
2	0
2	0
0	0
2	0
3	0
0	0
0	0
0	0
2	0
4	0
4	0
1	0
3	0
1	0
2	0
2	0
2	0
2	0
2	0
1	0
0	0
2	0
2	0
4	0
2	0
2	0
6	0
0	0
2	0
2	0
2	0
1	0
4	0
5	0
2	0
3	0
4	0
2	0
3	0
2	0
5	0
7	0
6	0
3	0
4	0
2	0
3	0
0	0
1	0
14	0
7	0
2	0
2	0
2	0
3	1
4	0
0	0
1	0
3	0
2	0
3	11
1	11
2	0
3	0
4	0
7	0
3	0
9	0
6	0
1	0
7	5
4	9
3	9
3	0
1	1
4	1
3	0
14	0
1	0
1	0
0	0
0	0
0	0
1	0
6	0
4	0
6	0
4	0
3	0
1	0
0	1
5	0
0	0
3	0
0	0
7	0
4	0
5	0
0	0
1	0
5	0
2	0
9	0
1	0
0	0
5	0
4	0
3	0
5	0
4	0
4	0
6	0
2	0
2	0
1	0
8	0
2	0
2	0
2	0
5	0
5	1
3	0
3	0
3	0
0	8
0	8
2	0
14	0
2	0
0	0
0	2
0	2
2	0
1	0
3	0
2	0
6	0
2	0
2	0
3	0
5	0
1	0
1	0
6	0
2	0
3	0
3	0
2	0
3	0
2	0
1	0
0	0
8	0
2	0
3	0
2	0
2	0
0	0
2	0
2	0
4	0
4	0
3	0
1	0
7	0
2	0
1	0
1	0
3	0
0	0
0	0
2	0
2	0
1	0
2	0
5	0
4	0
3	0
1	0
1	0
1	0
5	0
2	0
1	0
1	0
2	0
3	0
4	0
1	0
3	0
2	0
3	0
4	0
1	0
1	0
3	0
3	0
2	0
1	0
0	0
1	0
3	0
0	0
0	0
1	0
6	0
2	0
2	0
0	0
2	0
4	0
2	0
1	0
4	0
2	0
1	0
3	0
1	0
1	0
4	0
2	0
0	0
4	0
4	0
1	0
3	0
1	0
3	0
1	0
0	0
1	0
2	0
3	0
2	0
2	0
1	0
1	0
1	0
2	0
1	0
2	0
2	0
8	0
5	0
31	0
4	0
0	2
0	2
5	0
1	0
4	0
2	0
2	0
28	1
3	0
7	0
6	0
3	0
8	8
0	5
2	5
0	0
5	0
0	6
9	6
3	0
1	0
11	0
1	0
0	0
15	0
2	16
4	16
6	0
3	0
4	1
4	1
9	0
2	0
0	0
2	0
0	0
19	0
0	0
0	0
2	0
2	0
2	0
5	0
4	0
5	0
4	0
1	0
0	0
0	0
1	0
10	0
26	0
0	0
12	0
8	0
3	0
15	0
3	0
56	0
17	0
6	0
5	0
11	23
3	23
0	6
5	6
0	2
3	0
1	0
4	0
4	0
5	0
1	0
5	0
11	0
2	0
3	0
36	3
2	3
3	15
4	15
100	46
2	46
1	0
6	0
7	0
0	8
70	8
2	0
4	0
1	0
2	0
2	0
6	0
1	0
5	0
10	0
9	0
2	0
3	0
5	0
2	0
0	0
5	0
14	0
6	0
2	0
2	0
2	0
3	0
2	0
5	0
0	0
8	0
2	0
1	0
4	0
3	0
6	0
1	0
11	0
1	0
1	0
0	0
2	0
1	0
3	0
5	0
5	0
0	0
5	0
0	4
1	4
2	0
2	0
4	0
4	0
3	0
1	0
2	0
2	0
5	0
12	3
1	0
1	0
3	0
0	0
4	0
5	0
3	0
51	1
0	1
35	1
9	0
1	0
4	0
15	0
49	0
59	0
10	0
14	0
9	0
0	0
1	0
8	0
2	0
3	0
10	0
2	0
0	1
5	0
0	10
3	10
4	6
0	3
0	12
29	0
4	12
11	0
87	0
101	0
338	0
2	0
1	0
4	0
2	7
1	13
48	13
17	0
13	8
0	8
2	107
5	107
1	107
1	0
3	41
60	41
2	0
16	127
1	127
5	0
1	0
6	58
6	58
0	0
6	0
8	0
2	0
30	0
0	9
1	9
4	0
5	8
13	0
1	8
0	0
214	0
3	0
44	40
3	40
3	0
6	23
34	25
0	25
5	0
17	0
4	0
1	0
2	0
5	0
3	0
7	0
0	0
131	0
0	4
0	4
2	0
2	0
4	0
3	0
2	0
7	0
1	0
17	0
4	0
3	0
1	0
5	24
56	24
29	264
12	264
4	0
1	0
2	0
20	116
1	77
2	39
2	19
4	18
1	18
24	3
2	3
32	24
1	21
1	4
0	4
6	0
4	0
2	16
1	19
1	3
0	107
9	107
25	0
1	2
0	2
13	0
2	99
1	164
27	164
2	0
6	0
1	2
2	9
0	7
8	0
7	0
0	0
0	0
4	0
0	10
0	10
2	1
6	0
2	0
0	1
10	6
9797	3
1	25
2	25
2	1
1	0
193	0
8	0
1	41
2	41
0	39
0	43
1	4
5	4
20	0
19	0
0	71
24	0
0	71
3	71
0	18
8	18
59	0
4	0
20	1
0	1
11	122
15	122
0	0
33	136
0	136
0	0
3	3
2	3
14	0
5	0
11	0
2	0
3	0
7	0
4	1
14	1
0	1
2	1
0	0
0	1
4	1
0	3
4	3
24	133
3	57
15	76
0	0
13	0
0	4
4	5
37	0
0	1
7	1
8	0
5	1
5	1
7	0
1	0
1	0
0	2
4	2
1	0
6	0
8	0
1	0
68	0
2	0
5	177
0	299
12	231
15	118
0	118
22	0
61	8
0	8
4	0
2	18
6	18
122	0
80	0
21	0
0	0
434	0
4	0
8	0
4	36
16	34
9	2
80	1
0	1
44	140
4	140
3	140
8	139
0	8
5	8
154	0
7	0
31	0
4	0
0	0
0	0
12	0
8	0
15	0
13	0
54	0
16	0
26	0
15	1
3	0
18	0
12	4
13	0
0	9
0	9
1	9
1	0
58	0
4	5
4	5
3	0
2	0
3	0
4	0
3	0
6	0
2	0
5	0
4	0
0	0
1	0
6	0
5	15
5	0
2	0
54	0
40	0
6	0
2	0
1	0
4	0
1	0
0	0
4	0
3	0
3	0
2	0
5	0
4	0
4	0
6	0
1	0
5	0
4	0
2	0
4	0
3	0
1	0
0	0
0	0
2	0
4	0
8	0
6	0
6	0
1	0
3	0
3	0
1	0
1	3
1	3
4	0
1	0
1	0
1	0
1	0
9	0
12	0
4	0
8	0
3	0
4	0
2	0
2	0
2	0
2	0
5	0
0	4
4	4
3	0
0	0
4	0
5	0
1	0
0	0
5	0
8	0
2	0
11	0
0	0
2	1
0	1
11	0
1	0
1	0
19	0
3	0
11	0
6	0
5	0
0	8
0	6
7	0
6	0
3	0
4	0
16	0
6	0
6	0
1	0
3	0
4	0
0	6
2	6
82	0
4	0
3	0
4	0
4	0
6	0
4	0
2	0
16	0
4	0
3	0
2	0
8	0
3	0
2	0
0	0
0	0
0	0
8	0
6	0
1	0
8	0
0	0
10	0
33	0
0	0
5	0
4	0
2	0
1	1
1	1
6	0
47	143
4	143
1	0
0	0
2	0
1	0
3	0
7	0
55	0
104	0
1	0
43	0
58	0
3	0
9	45
0	41
0	4
4	0
0	5
3	5
0	2
0	2
3	0
7	0
3	4
0	0
1	4
1	0
6	0
1	17
58	17
5	0
4	0
17	0
1	0
5	0
21	0
3	0
4	0
8	0
11	0
0	0
1	0
16	0
5	0
65	0
1	0
2	1
129	1
16	0
20	1
12	0
13	216
227	216
7	0
2	0
8	0
5	0
13	0
8	0
6	0
5	0
8	0
2	2
1	2
5	0
1	0
0	1
17	1
10	4
127	0
2	0
0	0
1	7
2	7
3	0
6	0
3	0
3	0
3	0
0	0
2	0
10	0
12	0
4	0
4	0
7	0
0	0
1	0
0	0
1	0
3	0
7	43
13	43
4	0
10	1
0	0
0	2
0	2
0	2
0	2
51	0
252	0
18	0
2	0
13163	7
2	2
21	2
0	1
2	0
2	0
0	71
0	55
0	49
0	56
0	65
2	18
12	0
4	0
55	0
15	838
281	838
0	58
733	58
42	1
0	121
322	409
104	1
0	289
18	0
26	15
0	0
1	15
34	0
104	0
1	307
159	307
44	138
5	138
11	0
0	58
0	55
0	61
0	58
0	27
0	24
2	0
2	0
5	4
9	41
4	57
21	57
0	19
2	19
10	10
0	12
0	12
11	33
5	30
2	33
0	1
25	0
8	0
7	0
0	51
47	51
47	0
311	0
2	0
1	0
6	0
174	0
23	1
6	1
5	0
4	33
3	33
1	24
3	24
0	1
0	1
1	25
91	25
3	122
96	122
5	139
2	139
112	0
66	317
14	317
35	0
121	0
3	85
204	85
5	0
0	127
0	44
0	142
0	115
0	100
96	1
4	2
0	0
7	2
0	0
12	0
0	0
13	31
0	31
1	0
11	37
2	37
18	0
0	88
22	88
1	1
3	15
0	13
0	34
158	34
2	0
0	36
47	36
18	0
5	0
69	0
20	0
137	116
21	83
0	43
8	10
409	0
74	0
7	218
13	218
0	10
0	69
10	114
0	104
6	96
1	1
6	51
45	50
1	19
26	42
1	42
0	34
769	96
201	96
2	3
1	0
2	0
2	51
1	51
8	0
65	0
0	348
338	350
16	0
1	2
3	0
21	0
6	0
445	0
32	0
5	228
18	202
3	40
57	175
0	90
4	863
27	863
0	601
4	0
180	0
438	0
4	0
13	69
3	69
1	0
27	2
1	2
27	0
18	0
12	0
0	250
0	241
0	284
0	275
0	219
0	210
422	0
8	0
32	0
7	0
1	0
164	0
1	0
5	71
3	71
0	14
0	0
121	39
0	16
33	23
12	15
0	15
33	8
11	4
3	0
6	0
0	1
8	105
0	76
2	28
7	0
2	64
1	64
3	2
10	0
4	65
204	75
0	10
9	35
216	35
3362	0
7	8
0	8
1	1
0	1
321	0
0	2
46	2
1	0
30	1
2	1
54	0
9	0
42	0
65	0
0	0
2	107
88	107
3	3
1	3
29	0
8	54
13	54
5445	0
3	0
507	0
14	16
1	14
0	12
0	16
2	13
92	0
162	0
16	0
6	141
36	141
74	0
33	0
0	7
79	0
0	26
4	26
8	0
5	0
114	11
1	11
29	0
16	0
41	31
0	31
2	0
25	0
6	0
35	4
68	4
4	0
21	0
0	39
9	39
44	0
0	1
4	0
33	0
7	0
7	0
0	2
12	2
7	0
29	484
5	189
87	295
33	0
0	0
4	0
0	0
0	0
5	0
1	0
0	0
1	0
1	0
6	0
3	0
6	0
3	0
2	0
3	0
5	0
2	0
2	0
3	0
3	4
4	0
1	0
5	0
3	0
0	1
0	1
2	0
3	0
1	0
3	0
10	0
6	0
0	0
2	0
5	0
2	0
4	0
13	0
5	0
1	0
3	0
4	0
1	0
3	0
1	0
0	0
4	0
4	0
4	0
6	0
2	0
3	0
4	0
2	0
0	0
3	0
3	0
6	0
3	0
4	0
2	0
0	0
2	0
4	0
2	0
1	0
1	0
3	0
4	0
3	0
1	0
3	0
2	0
4	0
1	0
3	0
2	0
1	0
6	0
2	0
10	0
2	0
3	0
4	0
8	0
3	0
3	0
2	0
5	0
8	0
3	0
3	0
3	0
2	0
2	0
1	0
3	0
7	0
0	0
0	0
2	0
0	0
2	0
3	0
2	0
4	0
0	0
1	0
2	0
1	0
1	0
2	0
1	0
1	0
5	0
4	0
4	1
6	0
5	0
4	0
5	0
3	0
3	0
3	0
6	0
1	0
2	0
1	0
3	0
3	0
2	0
4	0
3	0
2	0
2	0
4	0
2	0
3	0
3	0
3	0
1	0
3	0
7	0
2	0
3	0
5	0
0	0
3	0
1	0
2	0
4	0
1	0
5	0
3	0
0	0
5	0
3	0
5	0
5	0
5	0
2	0
3	0
1	0
4	0
1	0
4	0
2	0
3	0
1	0
1	0
3	0
1	0
1	0
4	0
1	0
1	0
1	0
1	0
4	0
1	0
2	0
0	0
2	0
1	0
7	0
2	0
1	0
4	0
3	0
3	0
2	0
0	0
2	0
1	0
1	0
1	0
2	0
0	0
1	0
1	0
2	0
0	0
0	0
2	0
3	0
0	5
1	0
1	0
3	0
4	0
2	0
1	0
4	0
3	0
1	0
0	0
1	0
3	0
0	0
8	7
7	0
3	0
1	0
2	0
1	0
2	0
3	0
1	4
0	4
4	0
4	0
3	0
5	0
1	0
2	0
0	0
4	0
22	0
5	0
0	0
3	0
4	0
4	0
0	42
0	81
130	81
6696	0
147	1
0	176
0	99
0	96
0	97
0	177
0	173
0	174
0	100
0	35
310	0
6	5
0	0
35	1
43	1
20	612
94	612
8	237
0	237
2	0
13	2
48	0
42	0
3	0
1293	0
0	14
209	14
5	0
8	0
96	0
35	0
3	0
2	2
2	1
0	2
0	15
11	350
0	451
715	508
1	57
95	0
0	10
1093	400
0	400
3	0
163	0
4	108
170	108
3	54
2	224
34	224
5	104
8	104
1	40
63	0
12	669
1	612
0	535
0	323
0	371
0	648
0	590
0	371
0	592
26	3
462	3
11	0
26	0
1	1
13	0
1	1
7	4
3	1
0	2
0	2
0	4
11	3
3	3
3	1
12	2
1	1
2	0
0	4
5	26
1	96
0	26
10	98
22	96
12	379
10	302
2	77
7	0
0	0
3	12
4	12
0	3
0	3
20	10
5	25
1	8
3	1
0	185
0	180
14	13
1	8
0	180
0	144
0	176
19	126
0	181
1	1
0	177
0	179
0	186
0	139
5	76
230	0
230	0
483	0
1	1
0	1
154	0
0	0
0	519
0	533
0	513
0	527
76	0
0	0
0	0
200	48
166	0
0	45
9	3
0	3
35	3
1	0
2	3
1	0
2	0
87	0
2	736
5	544
22	184
8	544
6	689
8	523
21	665
0	260
10	0
4	0
2	0
2	110
1	187
18	204
7	91
1	84
2	210
127	0
81	0
629	231
2	231
10	0
2	76
71	364
4	206
3	324
3	36
17	4
2	153
13	162
4	162
5	0
1	84
60	636
3	233
3	403
7	0
0	6
3	6
36	0
7	817
34	817
0	367
684	0
0	143
0	138
0	63
0	58
1	0
224	0
7	10
0	129
0	155
1	9
0	145
0	139
0	169
0	134
0	158
0	38
0	162
0	165
0	127
2	4
0	3
5	8
1	7
0	2
0	7
2	4
9	8
1	2
0	9
3	0
0	329
0	302
0	504
0	477
4	10
27	10
7	0
1	0
18	839
28	844
22	385
34	452
1	390
18	4
12	0
3	0
0	3
2	414
105	414
30	137
3	137
17	0
5	0
3	664
29	664
12	35
8	0
1	170
0	153
0	143
6	75
0	115
0	131
0	155
0	1
17	28
3	28
27	14
0	15
24	17
183	22
15	11
5	17
15	17
10	7
34	0
4	0
9	262
0	719
0	1515
0	1746
0	1398
0	1510
0	1627
0	1618
1	939
0	950
2	1500
0	1387
0	1629
185	262
72	2
2	119
13	119
137	1
0	0
0	3
12	5
42	0
0	0
49	642
32	642
17	101
1	101
4	120
20	233
1	113
9	0
4	685
0	495
28	191
4	489
3	495
1	0
0	0
2	298
5	88
2	23
8	298
20	0
219	5
4	4
11	16
89	2
30	92
9	92
5	0
105	0
7	0
6	119
1	119
0	0
34	422
10	397
7	25
7	397
1	0
36	0
6	193
35	93
9	205
0	176
8	76
0	85
1	17
0	124
1	217
6	84
0	442
104	442
207	0
36	491
2	1069
469	1044
3	689
342	487
0	487
5	1
28	0
0	0
124	0
1536	0
446	5
1	5
10	1
2	0
830	106
2	106
7	5
3	5
0	2
222	2
7	0
3	33
2	33
1	0
56	0
135	15
0	15
0	8
17	40
120	40
5	0
3	0
2785	4749
6	4747
0	0
63	0
113	6
3	6
0	150
0	302
0	145
6	65
0	297
3	0
116	0
298	0
3	0
251	0
0	1
34	732
0	450
0	461
2	285
0	863
0	841
0	747
0	725
0	801
0	779
0	879
0	857
0	818
0	796
2	47
0	91
1	39
0	413
0	515
12	80
0	444
4	480
0	546
2	89
18	0
4	0
383	0
0	0
5	0
121	0
1	163
0	150
0	150
0	163
0	38
0	39
0	39
1	0
93	79
1	79
1	53
2	0
16	0
11	117
83	116
1	0
121	0
8	0
0	20
175	20
0	4
1	335
0	163
0	175
4	396
6	110
2	121
0	216
6	0
0	0
1	0
218	223
3	182
5	222
2	1
4	0
0	0
5	0
57	0
26	10
923	10
2	129
235	164
0	164
1	0
0	0
3	0
19	5
0	5
19	0
7	0
4	9
37	9
47	0
36	126
36	69
48	177
105	177
7	1
82	47
0	45
6	0
0	296
0	333
0	279
0	168
0	444
0	464
17	374
3	25
286	1
0	196
131	196
21	0
23	0
17	0
17	0
39	2
11	0
31	4
2	0
4	0
5	0
4	0
5	0
3	0
2	0
1	0
5	0
0	0
1	0
619	0
347	0
2	149
324	149
14	0
0	3
86	13
70	0
0	10
5	0
281	0
7	0
5	0
0	17
10	102
0	550
0	512
0	333
0	713
0	696
0	517
0	337
0	500
0	354
0	675
0	533
0	692
0	529
2	6
2	6
6	742
60	742
0	376
0	256
0	172
112	271
4	271
9	0
1	0
1	0
20	0
1	0
152	0
1	0
7	124
112	124
5	66
6	121
2	55
10	0
1	0
14	165
10	1
3	165
4	342
26	217
335	342
16	13
0	11
0	11
4	0
1	0
0	1
1	1365
548	1489
3	124
802	0
0	465
0	244
0	404
0	211
0	236
0	150
0	297
0	473
0	305
0	0
7	8
112	157
11	149
5	0
3	0
9	0
1	0
3	3
4	3
5	1
0	1
22	341
475	326
0	0
0	15
4	0
1	3
0	12
95	9
118	0
3	0
2	0
215	0
183	97
4	97
1	0
2	0
31	317
0	3
37	389
31	391
312	1
20	18
7	18
12	22
32	2
0	103
28	83
458	0
4	0
0	0
67	0
109	0
1117	32
42	33
3	0
8	0
0	0
0	28
211	28
9	82
17	5
16	82
3	0
213	0
2	0
1	159
1	81
0	560
0	557
0	479
0	476
0	0
3	0
6	0
0	9
2	9
4	0
2	0
14	0
3	0
2	0
2	1
0	1
3	0
0	0
1	0
0	0
2	0
10	0
5	0
4	0
4	0
3	3
4	0
0	0
0	0
7	0
4	0
2	0
4	0
0	0
0	0
2	0
4	0
0	0
1	0
1	0
1	0
1	0
1	0
9	0
0	15
0	15
0	15
2	0
3	0
1	0
4	0
0	0
17	6
5	1
1	0
10	0
4	0
3	0
0	0
2	0
5	0
1	0
3	0
0	0
6	0
2	0
2	0
11	0
0	0
6	0
5	0
6	0
13	0
0	0
2	0
4	0
1	2
3	0
3	1
0	0
1	0
2	0
3	0
4	0
2	0
3	2
0	2
13	0
16	0
4	0
1	3
0	3
3	0
2	0
1	0
11	0
3	0
7	0
7	0
4	0
2	0
1	0
6	0
2	0
43	0
4	0
3	0
4	0
0	0
2	0
1	0
1	0
5	0
2	0
0	0
2	0
2	0
3	0
3	0
3	0
4	0
4	0
0	0
3	0
2	0
0	0
4	0
2	0
2	0
3	0
2	0
2	0
3	0
1	0
5	0
1	0
1	0
9	0
9	0
4	0
11	0
2	0
3	0
3	0
8	0
4	0
2	0
2	0
7	0
3	0
3	0
3	0
2	0
4	0
0	0
1	0
2	0
5	0
4	0
1	0
0	0
1	0
1	0
1	0
3	0
3	0
2	0
1	0
0	1
3	0
4	0
1	0
4	0
3	0
4	0
1	0
5	0
2	0
2	0
2	0
5	0
3	0
0	0
1	0
0	0
0	0
4	0
1	0
2	0
1	0
21	0
3	0
5	0
4	0
2	0
2	0
1	0
45	0
6	0
0	0
1	0
2	0
7	0
4	0
1	0
5	0
4	0
2	0
3	0
9	0
4	0
7	4
7	0
2	0
6	1
0	1
3	0
2	0
0	0
1	0
2	0
8	0
1	0
1	0
3	0
1	0
32	0
4	9
1	0
8	0
1	0
1	0
2	0
2	0
4	2
4	0
3	0
1	0
0	0
2	0
8	0
4	0
4	0
0	0
10	0
0	0
4	0
0	0
2	0
27	0
2	0
9	0
0	0
0	19
2	19
7	0
1	0
0	5
4	5
1	0
23	21806
1196	21806
2	0
2	0
0	0
3	0
0	0
3	0
3	0
3	0
2	2
1	0
0	0
3	0
2	0
1	0
2	0
13	0
0	190
129	190
1	0
0	0
2	0
1	0
1	0
1	0
3	0
2	0
2	0
0	0
2	0
1	0
3	0
2	0
0	161
0	161
0	161
3	0
4	0
1	0
3	0
2	0
2	0
0	0
3	0
0	0
2	0
0	0
0	48
11	48
12	0
2	0
4	0
4	0
2	0
1	0
8	0
3	0
3	0
3	0
1	0
1	0
1	0
2	0
2	0
2	0
4	0
3	0
5	0
1	0
4	0
54	0
1	0
0	0
3	0
8	0
3	0
1	0
2	0
2	0
2	0
1	0
1	0
0	0
1	0
3	0
2	0
6203	7
3	0
1	0
2	0
3	0
1	0
2	0
3	0
0	0
0	0
1	0
5	0
0	0
4	0
2	0
3	0
1	0
3	0
0	1
0	3
0	3
2	0
6	0
101	0
3	49
0	49
1	1
0	1
2	0
3	0
1	0
3	0
3	0
7	0
2	0
0	2
0	2
13	0
5	0
2	0
0	0
0	0
2	0
6	0
0	1
0	1
76	0
3	0
4	0
9	0
1	0
11	0
112	1
17	7
0	1
2	6
1	0
4	0
13	294
1	294
2	4
0	499
5	478
0	485
18	0
6	0
5	0
204	288
15	288
33	0
29	107
7	99
8	114
108	0
11	0
9	178
119	178
79	0
9	0
2	0
17	0
0	23
66	23
0	229
58	229
542	0
301	0
94	0
3	2
7	5
0	4
1	1
8	554
4	554
4	174
22	174
16	2
22	222
26	222
0	39
147	20
0	150
0	142
24	159
0	31
1	152
2	14
5	0
1	0
27	0
38	836
0	510
8	215
17	506
0	934
0	3
37	102
0	926
8	1
0	868
0	228
0	29
3	1
1	1
5	0
1	1
1	1
2	0
385	15
4	11
4	11
0	21
0	783
0	8
1	17
0	12
0	753
0	264
3	5
0	9
2	0
5	3
3	2043
42	2039
8	2047
5	2043
1	381
2	4
4	104
6	1568
5	1091
59	1511
90	1469
54	407
1	27
6	0
13	0
11	0
8	0
8	0
0	0
6	0
0	0
91	183
0	167
0	180
2	183
254	0
123	955
0	764
69	0
39	0
62	955
10	130
0	427
0	418
0	469
0	478
8	69
0	377
23	48
0	0
3	32
25	32
11	0
2	0
4	0
3	0
4	0
4	0
15	1
10	176
58	176
2	0
30	0
17	14
12	10
0	243
0	2
1	228
0	323
3	6
0	299
0	243
0	2
12	7
0	318
0	8
0	230
5	1
0	2
2	3
5	2
0	2
0	249
0	254
0	254
2	1
8	0
9	0
68	0
5	0
1	0
0	128
33	128
13	11
1	11
5	1
5	1
14	485
9	332
19	485
15	812
177	812
22	499
134	0
0	1143
0	1182
0	1181
0	1098
7	1231
0	1144
0	1165
0	1119
0	1174
4	389
51	61
0	1242
12	0
3	0
7	0
7	0
0	56
47	56
18	42
0	42
188	0
135	6
0	6
114	0
33	0
137	0
3	311
2	118
0	322
0	138
15	2
91	0
15	0
33	247
6	257
101	503
4	44
2	6
0	65
5	684
0	704
0	711
0	72
16	1
3	0
3	232
40	360
2	134
0	555
0	1
0	615
0	551
0	611
1	0
6	3
14	256
35	256
34	0
32	2
1	0
11	0
33	0
0	0
5	0
3	0
344	0
50	4
1	2
0	381
0	381
0	381
356	196
29	196
0	486
0	533
0	450
0	497
37	0
60	0
25	1
6	0
6	0
22	0
0	9
0	9
17	22
6	22
8	5
7	5
1	2
0	2
11	0
72	101
27	102
0	1
19	391
9	391
2	1
17	29
0	50
7	12
1	0
13	50
2	12
10	27
14	21
21	1
1	0
1	21
0	21
2	21
13	0
0	7
0	7
0	7
4	0
11	0
979	3
64	18
0	15
0	407
0	0
34	48
5	301
0	0
0	58
0	94
4	389
2	0
0	0
131	147
15	147
0	606
0	655
15	4
0	649
0	568
0	579
1	23
0	664
0	687
0	702
0	682
0	644
0	660
0	675
37	0
13	0
2	0
12	1
58	0
123	0
0	0
101	0
0	146
0	139
0	168
0	106
0	113
3	158
0	175
177	0
7	2
8	0
2	3
194	34
14	27
1	294
1	188
26	545
28	351
18	4
62	2
0	357
1	1293
0	321
0	627
0	1007
0	984
0	663
0	1313
232	67
0	46
0	332
0	22
1	316
0	308
2	5
4	24
8	2
15	2
1	2
5	2
2	0
18	0
4	0
1	0
6	0
4	0
1	0
15	0
2	1893
19	383
237	1893
1	0
3	0
1	0
8	330
0	252
82	352
6	289
1	0
37	597
19	395
1	246
0	153
0	630
27	0
18	0
2966	0
15	0
21	0
25	0
6	0
4	14
61	2
260	496
0	496
41	0
9	0
1	8
0	8
6	0
13	93
0	93
25	0
4	8
1	53
4	53
0	6
1	50
4	11
0	882
5	276
0	891
0	466
0	475
6	0
6	4
21	93
14	89
10	17
5	17
1	7
2	0
7	82
7	82
5	57
95	20
3	30
16	10
100	0
13	0
3	430
5	48
10	31
13	819
0	262
0	760
1	695
2	754
24	0
11	0
2	0
5	0
2	0
6	0
46	0
86	13
1	2
3	11
3	6
2	6
11	0
24	584
0	528
0	524
0	614
0	610
6	0
2	0
1	118
0	263
0	43
3	218
12	70
8	179
0	1
23	1
3	0
68	513
118	513
2	55
4	2
0	2
1	106
31	111
12	1
7	0
0	90
152	96
0	6
32	1
3	1
0	1
2	6
1	424
0	2456
0	1115
10	2099
0	619
7	193
0	1960
12	34
0	1876
0	2372
7	2235
5	2248
42	0
2	9
1	10
8	7
1	0
4	0
264	6522
4187	6522
3	0
3	0
25	65
0	66
11	3
0	2
6	0
86	0
0	0
0	61
51	61
2	0
0	111
57	1027
0	1038
66	1232
10	1294
0	49
0	1034
39	252
6	141
9	0
5	0
4	0
7	0
3	0
3	0
836	0
22	0
0	149
4	91
1	173
13	109
16	282
3	1
2	2
13	2
12	0
2	0
12	1
4	0
58	0
12	120
4	120
24	121
112	120
0	1023
90	56
57	206
16	4
6	1010
10	1015
0	1022
0	0
0	1114
0	1025
4	0
2	0
1	0
91	0
96	0
110	0
1	0
0	69
2	382
94	265
8	382
0	389
0	400
0	212
0	200
0	398
0	198
0	217
0	102
0	215
0	398
0	212
0	170
0	389
1	0
82	0
0	391
0	215
0	59
0	214
0	172
0	198
3	0
2	2
2	0
2	2
34	42
2098	44
1	0
0	53
10	53
0	12
148	12
778	0
137	110
17	56
0	110
0	0
24	56
0	59
17	12
19	12
0	31
138	6
216	0
0	9
0	385
0	245
0	1120
0	407
0	1132
0	861
0	678
0	855
0	656
0	672
0	650
0	239
0	1126
0	1126
413	31
0	2
2	0
4	0
5	0
22	0
43	0
40	7
0	1
0	41
4	41
21	0
5	191
3	191
334	0
3	239
29	317
2	317
3	2
13	4
0	1
124	3
0	0
45	0
339	178
85	7
0	171
9	154
0	1037
6	461
18	736
4	1032
0	53
0	1024
0	1036
0	1025
0	19
0	831
0	130
25	0
5	0
0	0
14	0
7	0
2	0
3	0
4	0
1	0
1	0
1	0
1	0
9	12
0	12
10	0
7	13
0	8
0	5
195	0
52	47
1299	906
7	906
2	47
7	21
13	68
0	68
8	10
0	10
0	21
0	371
0	264
0	311
0	267
0	308
0	368
8	545
165	545
4	445
171	445
2	0
6	2
0	749
0	389
0	420
0	783
121	768
0	423
358	798
0	780
2	0
10	0
9	0
3	0
0	0
2	0
6	0
10	0
1	0
1	0
9	523
1257	526
4	3
33	46
3	8
4	47
43	0
1	0
4	0
28	0
9	0
0	396
375	1036
37	1036
0	681
16	701
66	595
0	734
0	189
0	243
0	66
0	48
0	69
6	0
0	64
0	37
5	56
0	61
0	39
0	34
0	64
0	61
83	0
9	0
7	4
7	7
3	6
0	2
0	0
3	0
9	0
24	0
4	0
4	0
0	188
0	188
0	187
0	187
0	116
227	425
2	425
0	9
1	54
4	78
0	25
41	50
158	0
0	839
38	766
2	102
87	769
2	12
0	12
8	615
33	615
213	0
2	0
3	0
0	0
19	0
1	0
36	8
150	0
6	8
2	0
14	0
1	112
2	214
0	220
19	0
0	13
7	13
3	81
8	8
6	10
2	9
0	1
2	81
5	2
97	0
1	0
3	1
11	0
1	0
1	1
3	0
1	0
1	0
3	66
3	0
9	66
0	0
9	10
41	10
1333	0
10	107
5	107
1	8
0	8
106	0
51	3
3	36
1	43
0	22
2	0
8	14
1	8
1	8
0	3
1	4
0	2
1	1
2	1
2	3
0	14
2	5
9	1
0	6
7	12
86	0
0	61
19	60
19	19
0	14
4	189
1	0
14	149
0	6
1	5
4	5
2	189
8	0
17	0
9	0
1	0
15	175
0	175
17	0
111	61
0	61
2	37
3	37
102	0
0	3
0	3
37	0
207	0
53	399
4	399
78	0
481	0
280	0
408	0
10	18
438	0
0	18
2	160
0	203
4	9
0	85
0	274
0	230
0	247
0	41
7	22
3	1
0	145
0	489
0	530
0	141
3	360
0	534
0	487
0	492
0	492
227	0
1	0
3	11
5	0
1	0
0	0
9	0
1	187
16	373
0	21
1	328
0	130
3	334
15	0
870	0
16	241
58	241
65	6
150	3
9	90
1	90
82	0
829	0
1001	79
8	79
0	12
434	12
568	253
11	253
34	176
385	176
154	486
76	486
422	0
16	0
4	0
25	1
4	0
2	0
3	0
223	0
0	3
7	13
1	9
0	6
2	7
2	10
0	4
1	459
0	462
16	97
0	462
1	16
0	8
2	1
4	1
1	4
0	6
1	10
1	0
103	0
0	5
0	5
0	233
0	424
0	404
0	253
0	46
118	343
6	279
0	341
11	279
2	6
1	3
0	3
0	0
34	2
8	17
0	21
0	27
2	14
24	24
1	4
3	20
0	14
1	3
7	1
24	0
4	0
1	0
4	0
0	20
73	20
4	0
4	0
58	17
0	17
25	0
0	9
7	187
29	187
396	0
23	238
1	238
1	59
151	59
3	42
0	2060
3	2060
26	40
1	78
3	57
13	1515
299	1154
589	61
2	61
94	0
34	0
5	0
1	0
0	0
0	8
5	8
124	0
0	720
0	762
4	297
0	396
0	1
5	738
0	22
0	64
6	0
1	0
0	0
356	0
79	338
29	316
1	356
0	356
8	318
159	29
0	301
0	951
4	7
0	1095
0	1105
3	105
0	1249
27	0
14	0
7	0
1	0
0	0
245	91
0	91
42	61
0	789
0	802
3	558
17	552
0	794
0	797
5	0
1	3
2	3
4	2
0	271
1	282
6	250
1	261
3	12
4	10
8	11
2	9
2	2
7	1
28	19
197	28
31	19
5	37
1	0
1	0
2	0
0	0
2	0
26	0
0	0
3	11
7	11
47	0
2	250
2	250
0	21
4	21
529	0
0	53
70	53
0	100
1	12
1	73
17	222
6	8
6	222
144	0
13	147
3	0
10	147
602	93
85	0
54	0
0	22
136	173
4	156
1	173
66	0
0	46
0	0
4	0
13	0
8	0
3	0
0	0
0	0
2	55
0	2583
0	2887
0	2583
0	2887
20	0
299	0
0	0
156	987
31	1056
155	2042
3	2
2	2
10	0
25	365
14	365
0	0
2	0
1025	0
7	0
9	0
180	0
227	0
4	84
2	1
0	24
9	140
71	149
4	140
140	1
7	243
0	371
9	29
16	350
4	336
2	127
15	22
0	51
0	74
3	438
86	512
4	1
0	1320
0	1178
10	615
1	13
0	1311
0	262
0	271
0	1184
0	1326
0	1193
0	1317
1	21
3	21
0	20
1	21
0	18
0	17
1	0
5	0
35	0
3	0
1	0
1	0
17	0
2	156
2	0
119	388
1	232
11	0
392	0
1	0
2	3
177	5
0	5
29	0
0	195
0	272
0	182
0	220
55	72
0	143
11	355
3	355
1	0
6	19
9	19
6	0
0	22
12	5
14	27
35	0
0	415
0	433
0	383
0	414
0	400
8	198
1	403
0	432
7	0
3	0
28	0
5	0
7	0
1	0
6	0
2	5
2	5
633	0
65	0
3	0
568	225
0	225
3	0
89	0
44	0
13	3657
912	3547
11	181
95	2659
123	0
163	0
10	9
39	9
3890	14934
18	838
130	5450
111	13114
5	0
2	0
22	0
1	0
3	0
19	0
1	12
0	12
2	12
24	0
82	0
5	5
3	5
55	0
37	36
30	36
0	274
0	281
0	291
0	291
0	281
0	264
0	274
4	88
10	88
0	16
0	870
0	1295
0	718
0	912
0	320
0	1253
0	1292
0	317
0	721
0	1250
6	0
6	0
6	0
4	0
2	0
1	0
102	7
20	0
22	182
2	153
153	335
7	272
0	278
2	239
0	6
39	6
137	755
13	460
2	618
0	0
11	0
0	0
14	0
1	0
5	0
5	4
172	0
0	2
1	2
3	2
4	3
1	1
22	122
0	197
0	19
3	67
1	183
1	47
5	246
3	236
2	238
8	0
56	1
0	504
0	1016
2	832
5	1
9	10
26	1035
6	746
1	9
10	0
2	0
5	46
2221	76
0	6
0	6
8	292
0	6
54	292
0	7
0	7
87	70
6	0
4	0
13	0
31	106
0	106
99	0
80	0
0	70
5	70
29	0
0	881
0	880
11	432
32	0
0	27
0	201
6	1
226	127
1	200
1	112
0	112
0	200
0	201
2	198
3	207
4	15
0	200
1	200
580	235
3	235
20	0
6	0
24	0
0	0
5	0
3	0
239	2236
2	2236
2	264
120	265
2	0
117	0
0	1
0	0
5	0
1	0
2	0
0	60
15	60
1	4
0	4
56	25920
1690	25920
13	0
0	73
85	73
3617	0
80	0
3	44
6	44
1023	1621
129	754
1237	1699
2912	236
1120	7
0	4506
19	3752
6	4300
16	3696
0	2880
2	326
0	1152
0	2838
0	2082
0	3294
0	3636
0	0
0	39
0	39
10	0
8	0
0	0
3	0
0	10
18	10
225	6
15	59
0	59
2	6
11	110
8	110
186	1
2	0
0	251
0	265
0	34
0	709
1	478
0	695
0	5
2	1
104	1
13	1
2	1
15	11
1	0
123	11
2	0
375	0
0	1
0	1
1	474
5	269
12	40
1	371
3	467
3	378
0	103
2	103
17	1
2	48
0	174
0	273
0	450
14	352
0	2
2	69
8	160
0	351
2	1
0	3
1	10
10	40
75	37
2	3
0	52
12	51
0	3
1	14
1	3
54	0
3	0
4	0
2	0
4	2
6	0
2	3
4	6
2	10
2	10
3	6
4	5
15	9
2	0
0	18
0	25
0	23
0	20
6	10
2	0
0	2
2	2
34	0
3	4
278	4
2	2
4	243
77	243
25	241
215	0
0	22
1072	22
7	304
4	540
41	521
0	340
7	105
145	755
44	580
10	561
0	513
1	6
14	553
0	1
7	772
1	6
0	0
0	517
0	0
17	29
8	0
4	0
0	0
2	0
3	0
0	79
35	79
19	0
0	99
2	99
126	95
0	95
138	63
0	63
0	6
35	0
94	0
357	0
379	16
1	98
0	98
0	16
35	315
1	242
1	73
14	146
2	146
32	0
5	45
21	143
2	143
0	794
1	777
7	782
0	804
0	322
2	0
90	0
0	270
0	331
0	223
0	278
0	276
0	323
0	231
0	284
0	2
76	70
3	70
3	9
0	153
2	151
1	23
0	126
1	20
1	12
0	36
3	155
0	24
0	149
0	147
19	157
0	125
5	0
0	0
0	12
7	17
4	17
112	67
1	67
0	0
2	1
0	1
0	0
308	53
0	53
0	415
0	763
0	38
0	406
0	772
22	325
12	11
12	11
20	648
0	57
4	648
15	60
73	483
22	1
2	0
5	0
4	0
1	0
1	0
31	0
18	37
0	37
486	0
27	5
79	0
0	14
65	272
3	270
92	420
2	420
0	0
12	0
2	6
5	6
158	0
2	4
1	3
9	0
128	0
5	0
0	137
0	145
0	30
0	30
2	113
287	0
14	1
23	0
3	0
2	0
4	0
1	0
1	0
858	0
10	0
2	0
1	0
13	0
7	69
2	68
0	69
0	9
7	68
98	19
0	19
343	0
0	12
95	12
13	7
154	395
0	0
8	395
4	56
23	13
0	77
0	76
2	74
271	125
413	0
0	124
4	0
4	55
14	535
1	112
2	348
7	510
2	184
1	438
19	551
4	0
4	0
156	0
11	0
30	0
1	26
3	26
2	0
4	0
0	6
0	6
0	272
0	295
0	316
0	270
0	257
0	134
0	149
0	276
0	255
0	301
0	251
0	261
0	5190
7	2497
7	2007
186	4398
15	0
2	0
1	0
60	0
0	137
0	283
0	362
0	425
0	49
0	305
0	384
0	403
10	0
2	0
0	0
0	0
87	0
0	528
0	474
0	520
0	311
3	69
6	400
0	471
0	525
0	523
20	822
11	558
16	838
46	0
1	60
3	0
10	0
6	0
2	2
33	6
4	1
5	1
5	7
7	87
15	87
0	0
4	16
4	16
171	0
114	13
115	13
34	0
9	1693
596	1694
47	7
0	0
8	0
0	31
0	8
0	194
53	194
0	43
184	49
0	7
3	0
1	2
0	2
0	217
0	127
0	244
5	226
0	130
0	211
0	251
12	69
567	0
92	0
6	0
190	0
263	0
0	26
58	204
0	204
384	0
3	287
64	291
0	4
57	4
12	397
3	397
3	105
3	209
7	209
10	324
0	324
162	161
0	51
0	2
0	209
291	3217
76	3217
4	0
2	0
3	0
0	11
0	10
3	0
2	0
0	0
2	0
4	102
69	187
4	187
3	0
2	0
0	0
10	0
4	0
5	0
3	0
3	1
2	0
8	0
0	0
2	0
3	0
5	0
7	0
0	0
3	0
2	0
4	0
4	0
0	0
14	0
8	0
0	0
2	1
6	0
6	0
7	0
8	0
2	0
7	0
1	31
1	73
10	47
1	54
2	50
0	0
1	0
3	0
4	0
1	0
1	0
7	0
12	0
7	0
5	0
4	0
2	0
4	0
3	0
0	2
1	2
1	0
43	0
1	0
1	0
6	0
2	0
2	0
3	0
3	0
2	0
0	0
19	0
2	0
2	2
0	2
3	0
1	0
2	0
8	9
1	0
0	1
4	1
3	0
2	104
43	104
7	0
27	0
5	6
15	0
7	0
3	0
5	0
1	0
1	0
1	0
12	0
0	0
2	0
7	0
10	23
4	23
5	0
12	0
3	0
16	2
0	2
19	0
6	0
0	0
3	6
1	0
7	0
11	0
75	15
0	15
20	0
8	0
15	0
1	0
3	0
3	0
1	0
0	0
3	0
4	0
5	0
2	0
2	0
2	0
3	0
6	0
5	17
5	0
8	1
5	0
27	0
3	0
5	0
2	2
2	2
6	0
0	0
4	0
0	0
4	25
2	25
25	0
1	0
9	0
11	0
2	4
0	4
12	0
0	0
5	0
9	0
0	2
0	2
1	2
4	0
2	0
1	0
4	0
1	0
0	0
5	0
8	0
1	0
4	2
1	2
3	0
2	0
3	0
3	0
2	0
2	0
7	0
1	0
13	0
7	5
5	0
0	0
1	0
7	0
5	0
2	0
3	0
2	0
2	0
3	0
6	0
11	0
7	0
1	0
1	0
2	0
3	0
3	0
2	0
2	0
4	0
4	14
4	14
1	0
2	0
10	0
1	0
2	0
4	0
3	0
3	0
5	0
1	0
0	1
4	0
1	0
1	0
9	0
2	0
0	0
6	0
2	0
7	0
3	0
3	0
2	0
1	0
3	0
3	0
1	0
0	0
3	0
2	0
4	4
0	4
2	0
2	0
2	0
4	0
2	2
1	0
3	0
2	0
1	0
1	0
4	0
3	0
0	0
5	0
3	0
4	1
1	0
3	0
4	0
0	0
1	0
3	0
2	0
0	0
4	0
2	0
6	0
5	0
26	0
5	0
13	0
11	0
4	0
9	0
1	0
1	0
0	0
1	0
4	0
5	0
5	0
1	0
0	0
0	1
0	1
0	0
3	0
5	0
5	0
4	0
8	2
3	0
48	1
0	1
6	0
0	0
0	0
4	0
1	0
2	0
3	0
8	0
7	0
3	0
0	0
2	0
5	0
3	0
3	0
3	0
3	0
0	0
4	0
4	0
131	0
5	0
7	0
4	0
5	0
0	0
6	1
3	0
10	0
6	0
3	0
5	0
2	0
0	0
1	0
24	0
17	0
3	0
9	0
3	0
1	0
2	0
1	0
2	0
5	0
58	0
2	0
1	0
4	0
6	0
4	0
11	0
5	0
2	0
4	0
6	1
0	0
0	0
0	0
2	0
2	0
17	0
10	0
6	0
17	0
1	0
1	0
8	0
3	0
11	0
7	0
3	0
5	0
13	0
2	0
3	0
1	0
3	0
2	0
0	8
0	2
1	8
2	0
2	0
5	0
1	0
1	0
4	0
4	0
3	0
1	0
3	0
3	0
2	0
3	0
5	0
11	0
2	0
4	0
7	0
0	0
3	0
3	0
6	7
2	0
11	0
3	0
2	0
0	0
1	0
1	0
2	0
3	0
2	0
1	0
3	0
3	0
3	0
1	0
2	0
1	0
3	0
5	0
1	0
2	0
5	1
1	0
3	0
1	2
1	2
4	0
2	0
1	0
1	0
4	0
7	0
3	0
2	0
9	0
2	0
3	0
1	0
3	0
2	0
5	0
9	2
5	0
6	0
0	0
4	0
3	0
8	0
1	0
2	0
1	0
4	0
5	0
3	0
2	0
1	0
7	0
5	0
7	0
3	0
2	0
4	0
6	0
3	0
1	0
1	0
4	0
4	0
4	0
6	0
2	0
1	0
5	0
7	0
0	0
2	0
2	0
2	0
3	0
7	0
0	4
2	5
3	0
3	0
2	0
2	0
3	0
2	0
3	0
5	0
1	0
1	0
1	0
5	0
4	0
2	0
3	0
5	0
1	0
7	0
2	0
0	0
2	0
2	0
3	0
4	0
1	0
4	1
2	0
3	0
2	0
2	0
2	0
8	0
5	0
26	0
4	0
4	0
3	0
0	0
2	0
3	0
2	0
1	0
3	0
2	0
4	0
8	0
2	0
9	0
6	0
3	0
0	0
1	0
3	0
7	0
1	0
1	0
4	0
2	0
2	0
6	0
10	0
8	0
0	1
0	0
1	0
0	0
1	0
3	0
1	0
4	0
5	0
9	0
12	0
1	0
6	0
4	0
8	0
1	0
0	0
6	0
5	0
4	0
3	0
3	0
10	0
1	0
2	0
0	0
4	0
3	0
0	2
0	2
0	2
4	0
7	0
4	0
5	0
16	1
3	0
2	0
4	0
8	0
3	0
2	0
3	0
1	0
1	0
0	0
1	0
1	0
1	1
2	1
3	0
5	0
2	2
45	0
5	0
6	0
2	0
2	0
2	0
2	0
2	0
14	2
6	1
2	0
1	0
2	0
3	0
3	3
0	3
15	0
1	2
0	2
1	0
1	0
4	0
1	0
28	0
3	0
4	0
0	0
0	0
0	0
4	0
29	0
2	0
9	0
7	1
3	0
2	0
15	0
6	0
4	0
2	8
0	7
3	0
0	0
1	0
1	0
6	0
3	0
3	0
7	26
0	26
0	0
8	0
2	0
3	0
2	0
1	0
2	0
0	0
11	0
0	1
0	1
3	0
0	0
6	0
0	3
4	3
1	0
4	0
2	0
0	0
1804	0
0	0
5	0
9	0
1	0
3	0
12	0
6	0
0	0
6	0
4	0
3	0
11	0
1	0
2	0
4	0
1	0
2	0
1	0
8	0
5	0
11	2
1	0
6	0
14	0
2	1
10	0
2	0
2	0
0	0
4	0
0	0
1	0
58	0
3	0
2	0
9	0
2	0
1	7674
0	7656
1	7674
0	7674
2	0
3	0
10	0
0	9608
1	9608
0	9608
0	9608
0	9608
0	9596
2	0
3	0
5	0
70	0
5	0
13	0
4	0
81	0
1	0
5	0
4	0
8	0
74	0
2	1
0	1
4	0
33	0
9	0
4	0
5	0
0	0
2	0
4	0
3	0
3	1
10	0
2	0
6	0
5	0
2	0
4	0
4	0
3	0
7	0
1	0
5	0
3	0
3	0
0	0
3	0
2	0
5	2689
0	2689
204	0
4	0
4	0
3	0
10	0
3	0
6	0
21	0
1	0
3	0
2	0
7	0
2	0
2	0
1	0
5	0
10	0
7	0
7	0
1	8
2	8
8	0
3	0
51	0
0	10
2	10
36	0
2	0
1	0
3	0
8	0
2	0
2	0
9	0
9	0
4	0
4	0
4	0
8	0
12	1
1	0
1	0
3	0
5	0
4	0
7	0
5	0
9	18
0	18
32	0
3	0
4	0
0	0
2	0
9	0
11	0
1	0
2	0
15	0
9	0
0	0
5	4
0	4
3	0
0	10
92	10
44	0
4	0
4	0
2	0
2	0
8	0
0	0
2	0
2	0
0	0
0	12
69	12
16	2
1	2
4	0
13	0
0	5
4	5
4	0
1	0
1	0
6	0
3	0
15	0
0	0
2	0
2	0
5	0
4	0
33	0
34	0
11	0
3	0
3	0
1	0
8	0
12	0
27	0
1	0
9	0
8	0
2	0
4	0
343	0
2	0
2	0
1	0
2	0
2	0
5	0
3	0
3	0
0	0
1	0
2	0
6	0
35	0
1	0
24	4
3	0
4	0
2	0
4	0
15	0
1	0
2	0
0	0
4	0
0	0
0	1
7	1
2	0
4	0
2	0
0	0
2	0
3	0
1	0
2	0
2	0
9	0
3	0
1	0
1	0
7	0
2	0
0	2
0	2
0	4
2	6
5	0
3	0
5	0
1	0
2	0
13	0
1	0
4	0
2	0
2	2
0	2
2	0
4	0
3	0
2	0
108	1
4	0
0	2
23	0
2	0
13	0
5	0
0	9
6	9
7	0
2	0
17	0
6	0
2	0
3	0
14	0
0	0
2	0
4	0
6	0
2	0
3	0
0	0
1	0
4	0
5	0
4	0
1	0
25	0
7	0
17	0
5	0
4	0
2	0
0	1
3	1
1	0
2	0
5	0
0	0
4	0
2	0
1	0
17	0
3	0
7	0
0	0
16	0
43	0
11	0
5	0
4	0
11	0
6	0
3	0
11	0
8	0
0	0
10	0
228	0
0	0
19	0
3	1
1	0
4	0
4	0
5	0
1	0
163	1
12	0
0	0
8	0
0	0
23	0
5	6
2	6
0	0
16	0
4	25
3	25
8	0
23	0
6	0
17	0
3	0
2	0
5	0
3	0
1	0
2	0
2	0
7	0
6	0
15	0
0	3
1	0
0	3
2	0
36	0
4	153
10	11
27	153
1	0
2	0
3	0
2	0
2	0
8	0
1	0
0	4
2	4
2	0
12	0
4	0
2	0
3	0
2	0
4	0
2	0
6	0
2	0
1	0
1	0
2	0
9	0
3	0
23	0
9	0
0	0
39	0
2	0
1	0
7	0
2	0
3	0
1	0
8	0
10	0
4	0
4	0
3	0
2	4
1	4
2	0
1	4
0	4
33	0
2	0
1	0
4	0
7	0
6	0
1	2
0	2
41	10
0	10
7	0
6	0
3	0
10	0
2	0
0	0
0	0
7	0
1	0
0	0
13	0
5	0
3	0
3	0
1	0
2	0
6	0
3	0
5	0
3	0
4	0
3	0
2	0
6	0
2	0
1	0
7	0
2	0
3	1
13	1
3	0
3	0
5	0
0	0
4	0
1	0
1	0
5	0
12	0
1	0
2	0
1	0
3	0
8	4
3	0
3	0
2	0
2	0
3	0
2	0
3	0
2	0
2	0
1	0
1	0
1	0
6	0
17	0
2	0
7	0
1	0
0	4
0	4
7	0
3	0
15	0
5	0
3	0
1	0
1	0
5	0
9	0
0	0
16	0
3	0
12	0
8	0
3	1
2	0
0	0
4	0
0	0
1	0
0	0
1	0
0	0
2	0
2	0
4	0
1	0
0	0
1	0
5	0
4	0
2	0
3	0
2	0
1	0
2	0
2	0
4	0
11	0
6	0
2	11
1	11
6	0
2	0
4	0
4	0
4	0
1	0
4	0
2	0
3	0
2	0
0	0
2	0
2	0
1	0
0	0
0	0
3	0
4	0
16	0
3	0
3	0
8	0
4	0
2	0
1	0
3	2
0	2
1	0
4	0
4	0
1	0
3	0
8	0
7	0
1	0
2	0
1	0
7	0
13	0
3	0
3	0
1	0
4	0
7	0
4	4
8	0
2	0
7	0
2	0
2	0
21	0
2	0
2	0
12	0
12	0
2	0
1	0
5	0
3	0
12	0
5	0
3	0
5	0
9	0
1	0
1	0
1	0
5	1
2	3
6	0
1	0
0	10
2	10
2	0
1	0
9	0
8	0
1	0
8	0
2	0
7	0
7	0
9	0
11	0
2	0
2	0
2	0
0	0
14	0
2	0
8	0
7	0
3	3
3	0
4	0
4	0
3	0
3	0
3	0
1	0
0	9
6	10
4	0
8	0
2	0
2	0
0	0
0	0
1	0
7	0
3	0
3	0
20	1
8	0
8	0
0	0
0	0
3	0
17	0
19	0
10	0
11	0
7	0
3	0
3	0
2	0
5	0
5	0
0	0
2	0
1	0
1	0
6	0
6	0
1	0
4	2
3	0
3	0
4	0
4	0
1	0
75	0
3	0
2	0
1	0
1	0
7	0
68	0
33	0
12	2
1	0
2	0
2	0
1	0
1	0
16	0
1	0
3	0
1	0
17	0
2	0
2	0
6	0
0	0
0	0
0	0
2	0
1	0
3	0
5	0
0	0
4	0
6	0
2	0
3	0
67	0
2	0
0	0
4	0
1	16
7	16
4	0
3	0
1	0
0	43
3	43
1	0
3	0
3	0
0	0
4	0
95	0
3	0
1	0
5	0
5	0
2	0
2	0
2	0
76	0
3	0
5	0
1	0
3	1
13	0
3	0
4	0
3	0
8	0
3	0
4	0
2	1
7	0
3	0
9	0
1	0
6	0
2	0
3	0
6	0
10	0
5	0
4	0
6	0
1	0
1	12
3	0
2	0
2	0
8	0
6	0
3	0
5	0
4	0
1	0
1	0
8	0
2	0
3	0
6	0
4	0
4	0
3	0
0	3
14	0
1	0
17	0
4	0
0	0
2	0
13	0
33	0
5	0
4	0
4	0
1	0
0	0
3	0
2	0
1	0
9	0
6	0
5	0
18	0
4	0
0	1
0	1
45	0
1	0
3	0
3	0
4	0
5	0
10	0
1	0
27	0
2	0
6	0
0	0
1	0
3	0
3	0
3	0
3	0
0	0
12	0
3	0
1	0
0	0
0	0
3	0
5	0
1	0
8	0
11	0
2	0
16	0
10	0
2	0
0	0
1	5
2	5
3	0
4	0
10	0
4	0
4	0
2	0
31	0
2	0
0	0
2	0
3	0
2	0
0	2
7	2
3	0
4	0
8	0
3	0
3	0
2	0
2	2
2	2
9	0
0	0
2	0
9	0
3	0
4	0
1	2
40	0
4	0
0	0
5	0
4	2
1	2
2	0
41	0
4	3
3	4
7	0
4	0
8	0
1	5
1	8
1	1
0	1
0	0
4	0
2	0
7	0
2	0
1	0
18	0
3	0
4	0
2	0
1	0
5	0
9	0
1	0
3	0
27	0
1	0
9	0
4	0
4	0
2	0
0	0
24	0
5	0
0	0
1	0
8	0
2	0
0	0
4	0
13	0
0	0
2	0
21	0
7	0
26	0
1	0
5	0
5	0
9	0
3	0
16	0
9	0
1	3
2	3
2	0
55	0
2	0
1	0
2	0
4	0
4	0
7	0
1	0
6	0
2	0
12	0
3	0
3	0
13	0
5	0
3	0
17	0
7	0
4	0
2	0
3	0
3	0
2	0
3	0
5	0
2	1
0	0
6	0
0	0
0	189
8	189
3	0
3	0
2	0
4	0
2	0
2	0
1	0
13	0
5	0
24	0
3	0
16	0
4	0
2	0
35	0
2	0
0	0
5	0
3	0
3	0
3	0
3	0
5	0
3	0
5	0
9	0
1	0
1	0
1	0
3	0
3	0
19	0
2	0
8	0
3392	1
5	0
1	0
2	0
1	0
3	0
0	0
3	0
1	0
3	0
1	0
1	0
1	0
2	0
8	0
3	0
4	0
2	0
1	12
1	0
5	0
3	0
0	2
6	0
5	0
0	0
0	0
4	0
3	0
4	0
5	0
3	0
2	4
8	4
5	0
5	8
1	3
1	1
387	1
4	7
6	7
1	0
3	0
1	0
3	0
4	0
4	0
3	0
3	0
1	0
2	0
3	0
1	0
3	0
9	0
5	0
4	0
3	0
3	0
4	0
3	0
0	0
1	0
1	0
11	0
1	0
5	0
1	0
6	0
4	0
3	0
17	0
0	0
0	0
4	0
2	0
4	2
1	0
4	0
4	0
7	0
5	0
3	0
5	0
4	0
1	0
10	0
4	0
5	0
3	0
3	4
2	4
1	0
8	0
4	0
9	0
1	0
6	0
1	0
2	0
1	0
0	0
2	0
1	0
8	0
4	0
0	0
2	0
3	0
0	0
3	0
1	0
5	0
3	0
3	0
1	0
6	0
1	0
3	0
3	0
2	0
1	0
2	1
1	0
4	0
3	0
2	0
4	0
3	0
3	0
3	0
3	0
5	0
1	0
4	0
0	0
1	0
1	0
2	0
3	0
0	0
2	0
0	0
3	0
0	0
2	0
1	0
3	0
1	0
6	0
2	0
1	0
3	0
5	0
0	3
1	3
3	0
2	0
1	0
1	0
4	0
2	0
0	0
2	0
1	4
1	3
7	0
2	0
2	0
4	0
1	0
1	0
1	0
3	0
1	0
4	0
3	0
2	0
2	0
0	0
3	0
11	0
1	0
3	0
3	0
2	0
2	0
3	0
3	0
8	0
2	0
1	0
3	0
3	0
2	0
1	0
1	0
5	0
1	0
1	0
2	0
2	8
3	0
5	0
4	0
6	0
7	0
2	0
8	0
3	0
7	1
2	0
5	0
8	0
2	0
1	0
3	0
2	0
2	0
2	0
6	0
2	0
2	0
3	0
3	0
1	0
7	0
2	0
2	0
3	0
6	0
6	0
2	0
7	0
4	0
2	0
1	0
5	0
25	0
5	0
1	0
3	0
12	0
0	0
3	0
5	0
4	0
15	0
4	0
2	0
3	0
1	0
6	0
6	0
0	0
27	0
21	0
3	0
3	0
2	0
3	0
1	0
8	0
2	0
3	0
4	0
6	0
1	1
7	1
2	0
8	0
3	0
9	0
4	0
2	0
2	0
4	0
3	0
3	0
0	0
2	0
2	0
3	0
3	0
1	0
1	0
2	0
3	0
0	0
8	0
4	0
2	0
2	0
2	0
5	0
1	0
1	0
4	0
3	0
4	0
4	0
3	0
2	0
41	0
1	0
14	2
9	0
1	0
4	0
7	0
4	0
4	0
7	0
1	0
15	0
4	0
4	0
4	0
3	0
5	0
13	0
4	0
7	0
6	0
2	0
2	0
25	0
17	0
7	0
2	0
4	0
15	0
3	0
4	0
0	0
8	0
5	0
0	0
5	0
3	0
2	0
7	0
3	0
4	0
3	0
29	0
110	0
11	0
7	0
7	0
2	0
4	0
4	0
5	0
12	0
1	0
2	0
2	0
4	0
3	0
7	0
14	0
11	0
6	0
1	0
1	0
0	0
2	5
14	0
12	0
3	0
3	0
3	0
1	0
2	0
1	0
2	0
5	0
6	0
5	0
58	0
2	0
1	0
0	3
0	3
4	0
4	0
6	0
15	0
0	0
0	0
3	0
1	0
37	0
3	0
2	0
5	0
2	0
2	0
1	0
4	0
1	0
2	0
6	0
0	0
73	0
2	2
3	0
4	0
8	0
2	0
0	0
2	0
0	0
2	0
5	0
6	0
3	0
26	0
0	0
7	0
0	0
7	0
1	0
2	0
12	0
15	0
36	0
5	0
9	0
3	0
1	0
3	0
1	0
1	0
6	4
3	0
7	0
3	0
6	0
9	0
7	0
0	0
3	0
2	0
6	0
16	0
0	0
2	0
15	0
5	0
3	0
1	2
36	2
12	0
4	0
5	0
6	0
2	0
4	0
7	0
2	0
1	0
3	0
9	0
13	1
14	0
9	0
7	0
3	0
5	0
4	0
4	0
18	0
5	0
15	0
2	0
2	1
1	1
3	0
4	0
2	0
3	0
1	0
10	0
5	0
4	0
3	0
1	0
2	0
1	0
3	0
2	0
4	0
0	0
2	0
2	0
2	0
4	0
6	0
3	0
3	0
4	4
3	0
8	1
2	1
2	0
1	3
0	3
4	0
4	0
3	0
6	0
4	0
4	0
7	0
36	0
1	0
3	0
2	0
6	0
2	0
5	0
6	0
3	0
5	64
0	64
8	0
2	0
23	2
6	0
3	0
10	0
0	4
2	4
11	1
5	0
4	0
4	7
3	7
6	20
3	20
7	0
5	0
0	3
1	3
3	0
508	0
3	0
11	0
2	0
4	0
1	0
2	0
0	0
3	0
1	0
1	4
4	6
21	6
2	0
0	0
3	0
5	0
4	0
5	0
2	0
4	0
10	0
2	0
0	0
1	0
1	0
2	0
1	0
2	0
4	0
2	0
4	0
4	0
4	0
0	0
4	0
5	0
7	0
4	0
7	0
0	4
2	4
4	0
6	0
0	0
4	0
5	0
10	0
2	0
2	0
2	0
0	0
3	0
3	0
5	0
3	3
0	3
0	12
1	12
3	0
11	0
125	0
2	0
2	0
1	0
4	0
1	0
8	0
22	0
3	0
6	0
0	0
1	0
6	0
1	0
4	0
18	0
1	0
8	0
22	0
1	0
2	0
6	0
3	0
2	0
7	0
3	0
1	0
0	0
0	0
1	0
6	0
0	0
1	0
5	0
3	0
1	0
2	0
2	0
0	0
0	0
1	0
0	0
2	0
0	1
0	1
1	0
0	0
1	0
3	0
5	0
1	0
1	0
2	0
2	0
2	0
1	0
2	0
4	0
2	0
1	0
3	0
5	0
2	0
2	0
1	0
0	0
3	0
2	0
3	0
3	0
9	0
1	0
3	0
3	0
2	0
0	0
0	0
1	0
3	0
1	0
1	0
1	0
3	0
3	0
2	0
0	0
0	0
2	0
2	0
2	0
1	0
4	0
2	0
1	0
2	0
0	0
4	0
4	0
1	0
1	0
3	0
2	0
4	0
2	0
2	0
2	0
3	0
0	0
2	0
7	0
1	0
1	0
3	0
3	0
1	0
0	0
1	0
2	0
1	0
5	0
2	0
2	0
2	0
1	0
1	0
1	0
2	0
1	0
1	0
0	0
2	0
3	0
2	0
3	0
4	0
1	0
8	0
3	0
0	0
2	0
6	0
4	0
2	0
1	0
0	0
0	0
3	0
1	0
3	0
1	0
2	0
1	0
5	0
2	0
1	0
1	0
0	0
2	0
1	0
1	0
1	0
2	0
2	8
0	0
2	1
1	0
5	0
1	0
0	0
1	0
3	0
1	0
2	0
0	0
1	0
0	0
3	0
0	0
1	0
3	0
2	0
2	0
2	0
0	1
4	0
1	0
3	0
1	0
0	0
1	0
2	0
1	0
1	0
0	0
2	0
2	0
4	0
6	0
3	0
3	0
1	0
2	0
1	0
0	0
2	0
9	0
0	2
8	0
3	0
2	0
1	0
0	0
1	0
1	0
2	0
30	1
3	1
2	0
8	0
6	0
14	0
16	0
1	0
7	0
6	0
4	0
2	0
0	0
3	0
6	0
0	0
24	0
3	0
3	0
3	0
2	0
1	0
11	0
1	8
4	8
2	0
5	0
3	4
0	4
0	0
14	0
0	0
6	0
0	0
1	0
2	0
1	0
2	0
10	0
23	0
22	0
0	0
8	0
2	0
6	0
1	0
11	1
22	1
3	0
0	0
2	0
3	0
1	0
3	0
3	0
4	0
4	0
2	0
2	0
0	0
0	0
8	0
3	0
5	0
19	0
1	0
2	0
7	0
5	0
1	0
4	1
2	0
1	0
5	0
3	0
2	0
1	2
1	2
3	0
1	0
2	0
4	0
40	0
3	0
1	0
2	0
121	0
2	0
1	0
2	0
2	0
3	0
2	0
2	8
4	0
1	0
5	10
7	0
6	0
2	0
6	0
2	0
4	0
2	0
0	0
1	0
9	0
2	0
2	0
2	0
0	0
4	0
1	3
1	3
3	0
6	0
3	0
0	0
1	0
1	0
1	3
4	0
3	0
1	0
6	0
3	0
3	0
7	0
1	0
1	0
2	0
4	0
2	0
3	0
3	0
3	0
3	0
5	0
2	0
1	0
1	0
2	0
2	0
6	0
7	0
4	0
3	0
1	0
5	0
4	17
1	17
2	5
4	5
7	1
4	1
17	3
241	0
10	0
8	0
0	2
0	0
1	2
4	2
41	0
0	1
1	1
2	2
3	2
4	0
7	0
55	0
8	9
0	9
7	0
0	0
81	49
2	45
2	0
2	16
17	0
0	16
3	0
0	0
1	6
0	6
2	0
11	0
3	0
7	0
5	0
19	0
16	2
8	0
0	1
53	1
6	0
4	26
1	26
3	7
0	6
0	6
11	19
3	19
3	0
17	226
35	225
26	1
5	1
9	0
2	5
2	5
10	0
0	151
133	151
25	0
3	0
3	0
103	0
85	21
1	21
1	68
2	43
0	46
2	39
10	95
2	89
12	5
7	34
5	34
0	3
0	3
0	3
19	0
0	13
157	13
39	0
24	13
0	13
27	0
7	1
33	0
1	0
4	0
1191	159
0	159
3	0
5	0
121	1
0	1
41	1
165	186
0	42
0	144
0	3
139	3
4	1
1	1
14	0
0	4
7	1
27	0
157	0
2	22
202	24
7	0
0	4
0	4
285	0
55	0
100	8
42	0
42	29
2	29
25	0
6	17
10	62
4	62
8	0
8	0
2	0
7	1
36	44
28	44
1	0
2	6
6	6
1	21
3	21
25	0
6	0
9	206
0	206
5	1
0	1
4	687
253	687
0	0
1	1
3	1
2	22
20	22
55	0
6	0
47	0
3	0
23	0
2	262
185	262
0	9
21	9
82	0
47	0
1	7
13	0
4	0
0	10
3	10
3	0
95	0
0	76
0	11
4	104
0	39
2	2
1	2
0	176
0	262
0	266
0	180
18	0
3	57
65	57
270	0
67	0
2	9
1	10
6	12
2	8
10	49
2	49
3	0
2	0
0	1
0	1
326	0
88	66
0	66
124	0
16	0
1	0
27	1
162	0
5	1
4	0
41	0
71	0
329	0
9	0
3	2
1	2
3	0
9	0
0	0
1	0
5	1
14	0
0	7
0	7
40	0
2	0
0	0
469	0
4	0
6	0
8	7
21	0
2	34
3	0
0	34
99	77
1	77
6	11
17	11
14	0
0	40
0	160
65	277
1	14
4	117
0	29
34	95
1	66
129	0
746	2
2	0
0	14
3	2
1	0
20	12
3	0
6	0
2	0
4	2
3	0
0	0
2	0
0	0
4	0
1	0
0	0
2	0
1	0
2	0
4	0
1	0
1	0
0	0
1	0
3	0
2	0
3	0
4	0
4	0
3	0
3	0
2	0
3	0
1	0
4	0
3	0
2	0
2	0
3	0
2	0
3	0
0	1
2	1
0	0
5	0
3	0
3	0
2	0
0	0
4	0
0	0
2	0
2	0
3	0
1	0
1	0
4	0
2	0
3	0
1	0
2	0
1	0
1	0
4	0
1	0
1	0
4	0
4	0
2	0
3	0
3	0
2	0
0	0
2	0
4	0
2	0
2	0
0	0
0	0
0	0
2	0
6	0
1	0
2	0
2	0
2	0
4	0
8	0
2	0
1	0
4	0
3	0
0	0
1	0
2	0
1	0
2	0
2	0
4	0
0	0
5	1
0	0
1	0
2	0
4	0
0	0
4	0
2	0
0	0
1	0
9	0
3	0
1	0
1	0
2	0
1	0
6	0
3	0
4	0
0	0
2	0
4	0
4	0
1	0
1	0
3	0
2	0
2	0
2	0
2	0
4	0
2	0
1	0
5	0
1	0
1	0
4	0
1	0
3	0
2	0
1	0
2	0
3	0
0	0
2	0
1	0
0	0
3	0
4	0
1	0
1	0
5	0
1	0
3	0
2	0
13	0
4	0
3	0
5	0
2	0
1	0
2	0
6	0
5	0
1	0
0	0
1	0
3	0
1	0
2	0
1	0
6	0
4	0
3	4
1	0
1	0
3	0
3	0
5	0
2	0
4	0
4	0
5	4
2	0
3	0
0	0
2	0
4	0
2	0
5	0
4	0
1	0
7	4
3	0
2	0
0	458
0	341
0	468
0	57
0	184
19	137
0	331
5	0
0	0
1	0
3	375
101	709
10	709
4	0
2	0
4	0
5	1
0	27
3	27
48	0
5	32
6	32
2	0
3	2
1	2
43	184
26	786
78	786
3	417
0	0
2	2
17	668
78	329
11	339
2	339
45	2
2	0
23	1028
20	1028
3	0
5	6
0	6
0	3
10	678
3	14
41	678
22	71
50	71
1	0
0	0
0	1
1	1
14	774
9	702
17	341
0	7
0	12
0	7
0	6
0	6
0	7
2	81
19	92
1	92
1	4
17	107
2	107
0	2
3	0
0	28
2	121
13	200
20	79
0	28
0	11
0	0
2	0
72	0
370	0
154	0
7	46
8	0
4	46
0	275
0	285
0	274
0	286
4	0
2	128
72	196
0	68
6	0
363	0
116	0
8	1
3	4
2	54
0	121
0	118
3	82
5	0
16	232
47	232
55	0
4	10
2	10
0	0
11	168
8	168
4	2
2	0
156	0
0	0
106	0
107	36
0	36
72	3
0	2
1	1
7	3
0	223
0	193
0	178
0	208
2	11
2	179
309	179
252	344
19	344
0	207
4	60
129	207
482	124
1548	124
409	0
24	2
0	39
0	39
0	39
0	39
0	39
0	39
23	0
35	0
50	1
7	0
102	0
6	0
2	0
10	0
0	0
3	0
3	0
295	0
3	0
655	0
2	0
2	0
0	730
0	730
3	0
1	16
11	16
9	499
2	612
23	603
1	531
64	612
3	46
3910	57
1097	58
2	44
6	0
0	68
21	68
58	0
0	0
0	9
4	454
0	1607
2	271
0	1625
0	1531
0	1513
7	0
201	0
3	0
105	0
7	55
9	474
2	31
4	57
1	369
1	26
6	499
5	55
9	10
0	450
0	470
0	413
0	433
0	2
4	0
2	0
2	0
1	7
2	7
0	6
0	15
5	139
2	139
3	0
4	0
2	0
17	316
14	316
0	359
14	342
218	603
21	482
17	0
11	0
4	1
4	0
2	0
7	0
15	0
26	0
1	1
1	1
2	0
3	8
5	8
9	11
0	3
1	6
2	4
4	3
7	12
6	1
16	0
3	0
0	0
0	394
0	407
0	390
0	403
5	0
1	0
186	0
11	172
6	172
7	160
7	160
228	0
34	0
130	0
0	904
0	179
0	874
0	772
0	463
0	493
0	802
0	281
35	791
9	424
3	367
10	0
4	2
22	2
2	0
394	0
20	0
1	0
7	475
60	607
12	611
0	7
7	36
56	36
4	302
14	144
55	302
10	153
19	21
10	0
1	0
3	0
8	0
0	7
1	7
3	0
46	0
740	0
42	0
0	184
0	218
0	87
0	53
475	0
199	0
5	0
7	0
2	1
0	1
1	52
0	226
0	169
0	117
2	3
0	271
0	278
10	23
0	219
39	0
5	0
3	0
61	368
0	368
31	0
2	1
0	1
0	0
14	0
1	6
1	6
9	11
10	11
0	11
0	87
0	44
0	99
0	32
202	182
8	182
0	150
13	187
110	187
4	4
9	0
1	0
116	71
0	7
19	64
9	22
2	22
2	5
3	330
4	429
7	429
5	5
42	205
32	205
2	0
321	349
0	349
10	0
4	0
0	0
1	426
5	426
0	0
0	0
54	0
27	343
299	343
4	0
0	238
7	238
2	0
131	33
4	33
0	8
2	8
18	0
136	357
55	357
5	0
5	0
550	0
5	3
0	3
112	0
43	0
240	0
1	26
0	102
83	128
1	73
204	209
1	209
581	0
0	0
4	0
53	67
2	67
7	0
0	4
2	4
1	19
0	442
0	0
0	427
0	6
7	6
21	0
0	5
0	5
40	544
0	0
0	584
0	552
10	392
159	0
0	2
17	2
27	0
17	156
25	156
89	0
47	30
0	30
0	121
0	121
0	121
0	121
0	121
0	121
0	837
0	951
0	569
0	683
1	292
107	0
311	0
370	292
45	297
0	67
144	0
33	0
2	0
12	0
3	0
4	0
0	522
3	536
5	609
0	505
0	596
0	508
3	599
24	407
3	407
17	0
7	318
0	205
0	559
0	504
0	524
1	3
1	236
1	87
0	469
0	170
2	15
166	230
0	230
0	19
2	0
715	0
1	0
2	0
3	0
19	9
5	9
9	0
0	0
74	0
1	84
3	81
0	6
7	90
5	1486
11	1486
5	0
7	0
29	345
0	345
1	0
20	2
3	2
9	1
5	1
0	58
0	58
6	65
2	31
7	60
4	0
1	193
88	193
0	0
360	0
182	0
1	0
2	9
0	9
7	386
141	386
0	47
67	5
0	5
0	59
54	29
0	57
18	94
0	315
18	226
6	292
0	29
1	67
8	83
0	79
1	63
32	139
2	97
2	42
1	202
112	202
1	0
51	0
340	882
15	882
2	492
19	262
8	262
12	22
139	22
196	0
111	0
6	0
0	0
79	0
4	0
3	68
2	26
0	68
0	0
7	93
7	433
0	5
0	345
65	0
2	0
3	0
3	0
366	0
0	58
4	58
3	3
34	375
9	377
55	377
9	103
78	176
56	96
0	1
0	137
40	56
2	28
3	28
0	3
6	219
15	219
2	1
0	296
0	411
0	218
0	333
46	21
42	489
4	489
496	137
2	137
399	94
0	94
6	0
0	0
0	0
0	9
12	9
0	218
0	143
0	292
0	69
0	232
6	232
0	16
3	11
0	26
0	13
0	23
0	0
2	0
0	100
3	87
482	187
7	0
4	0
298	51
0	51
0	0
4	0
85	142
7	142
2	19
164	0
19	0
247	0
1	0
2	67
0	195
0	106
0	227
0	316
4	37
2	228
0	200
0	227
0	167
0	231
0	182
0	208
0	219
0	219
0	159
0	219
0	63
0	180
0	223
0	171
0	211
0	186
0	196
0	204
0	190
0	172
0	206
0	215
0	188
0	209
0	179
0	175
0	168
0	198
0	194
0	202
0	190
0	201
0	55
0	197
0	190
1	16
0	98
0	34
0	72
0	77
0	59
0	1
0	51
0	10
1	0
1	363
7	303
130	819
253	1122
0	141
0	146
0	293
5	222
0	16
0	372
0	350
1066	16
0	119
0	742
0	744
0	722
0	764
0	507
0	504
0	550
0	553
8	1
172	40
4	40
1	19
34	61
24	141
1	82
125	0
5	0
4	0
3	0
6	0
3	0
0	0
4	0
6	0
29	0
254	49
2	49
8	0
10	0
3	0
3	0
2	0
6	0
5	0
3	0
4	0
4	0
2	0
0	0
3	0
1	0
2	0
6	0
4	0
6	0
1	0
6	0
0	0
3	0
7	0
4	0
2	0
1	0
0	1
0	0
8	0
1	0
0	0
1	0
1	0
1	0
0	0
2	0
0	19
0	19
2	0
3	0
0	0
3	0
1	0
6	0
1	0
8	0
0	0
0	0
5	0
7	0
5	0
3	0
0	0
1	0
2	0
1	0
2	0
0	2
3	2
0	2
3	4
1	0
5	0
3	0
4	0
17	0
4	0
9	0
8	0
2	0
1	0
3	0
4	0
9	0
3	0
2	0
1	0
1	0
3	0
3	0
6	0
1	0
1	0
7	0
3	0
16	0
4	0
2	0
4	0
2	0
2	0
3	0
1	0
2	0
2	0
3	0
5	0
7	0
4	0
0	0
3	0
4	0
3	0
1	0
5	0
3	0
3	0
4	0
1	0
1	0
2	4
1	4
6	0
2	0
3	0
9	0
4	0
4	0
1	0
2	0
1	0
1	0
5	0
15	0
1	0
7	0
3	0
2	0
6	0
3	0
2	0
2	0
1	2
0	2
2	0
1	0
0	0
3	0
3	0
5	0
2	0
0	12
0	12
17	0
2	0
0	0
0	0
0	0
10	0
2	0
8	0
8	0
2	0
1	0
3	0
6	0
6	0
19	0
7	0
7	0
2	0
3	0
10	0
3	0
2	0
1	0
8	0
3	0
3	0
26	0
5	0
2	0
34	0
0	0
5	0
1	0
4	0
3	0
3	0
6	0
4	0
1	0
4	4
2	0
1	0
5	0
4	0
1	0
1	0
4	0
1	0
0	0
2	0
0	0
1	1
1	1
8	0
2	0
0	0
4	0
4	0
5	0
4	0
0	0
1	0
4	0
4	0
4	0
2	0
4	0
2	0
1	10
4	10
2	79
120	79
4	0
3	0
6	1
1	0
1	0
5	0
0	0
3	0
2	0
0	0
0	0
2	0
2	0
1	0
2	12
1	0
4	0
2	0
4	0
1	0
3	0
2	0
3	0
0	0
2	0
2	0
0	0
2	0
1	1
0	0
2	0
6	0
0	0
2	0
1	0
1	0
1	0
1	0
3	0
1	0
1	0
2	0
1	0
2	0
2	0
0	0
2	0
3	1
4	0
6	0
2	0
1	0
0	0
1	0
0	0
4	0
3	0
1	0
1	0
2	0
4	0
3	0
0	0
0	0
2	0
1	0
1	0
4	3
2	0
2	5
4	0
0	0
2	0
2	0
0	0
3	0
0	0
2	0
3	0
0	0
2	0
0	0
3	0
2	0
2	0
2	0
0	0
2	0
1	0
6	1
2	0
1	0
2	0
2	0
1	0
6	0
2	0
1	0
8	0
2	0
2	0
8	0
0	0
4	0
0	0
4	0
2	0
2	0
6	0
5	0
3	0
1	0
2	0
2	0
0	0
1	0
5	0
3	4
9	4
0	0
3	0
4	0
1	0
3	0
1	0
2	0
2	0
4	0
1	0
2	0
1	0
2	0
5	0
0	0
2	0
1	0
3	0
2	4
1	4
3	0
52	0
3	0
2	0
1	0
0	1
4	0
1	5
1	5
4	0
3	0
1	0
4	0
3	0
1	0
6	0
5	0
3	0
3	4
7	0
7	0
0	0
2	0
5	0
2	0
8	0
3	0
1	0
3	0
2	0
4	0
6	0
2	0
1	0
3	0
2	0
6	0
10	0
4	0
0	0
2	0
7	0
2	0
4	0
2	0
2	0
4	0
3	0
3	0
2	0
6	0
2	0
1	0
2	0
5	5
1	0
6	0
4	0
3	0
3	0
7	0
5	12
5	0
2	0
4	0
1	0
0	0
3	0
2	0
4	0
2	0
1	0
3	0
4	0
3	0
2	0
0	0
1	0
4	0
4	0
4	0
1	0
1	0
2	0
1	0
6	0
5	0
2	0
1	0
4	0
3	0
2	0
2	0
4	0
8	0
3	0
1	0
1	0
5	0
1	6
2	6
3	0
1	0
2	0
3	0
2	0
0	0
10	0
6	0
7	0
1	0
2	0
2	0
0	0
5	0
11	0
2	0
7	0
5	0
2	0
4	0
4	0
7	0
5	0
2	0
6	0
0	0
5	0
8	0
2	0
1	0
4	0
2	0
1	0
3	0
4	0
4	0
3	0
0	0
2	0
13	0
2	15
45	15
1	0
10	2
4	0
2	0
3	0
5	0
4	0
1	0
0	0
3	0
7	0
2	0
4	0
2	0
6	0
2	0
6	0
2	0
2	0
3	0
1	0
3	0
6	0
13	0
2	0
3	0
1	0
7	0
52	0
3	0
8	0
3	0
0	1
3	0
6	0
6	0
5	0
8	0
3	0
3	0
5	0
0	0
3	0
2	0
4	0
1	0
2	0
4	0
4	1
0	0
1	0
1	0
3	0
1	0
2	0
1	0
2	0
2	0
2	1
1	0
2	0
7	0
1	0
0	0
5	0
4	0
0	0
0	4
3	3
0	4
0	3
0	2
0	3
0	3
2	0
4	0
3	1
6	1
1	0
2	0
1	0
0	4
5	4
0	4
1	0
10	0
0	0
0	0
23	136
7	136
0	0
5	0
0	0
0	0
8	0
3	0
0	2
6	0
28	0
4	0
5	0
8	0
0	1
2	1
1	0
4	0
23	49
15	49
2	26
0	26
0	13
3	0
0	0
20	0
8	0
16	38
7	38
0	25
1	2
2	2
0	0
4	0
3	0
8	0
2	0
0	0
19	0
3	0
6	0
0	0
19	0
19	0
11	0
4	0
1	5
110	5
1	0
21	0
6	0
346	0
4	3
0	3
1	0
11	0
1	3
1	3
5	0
0	21
2	21
3	0
1	0
6	0
414	0
4	0
8	0
56	73
5	73
0	0
0	0
2	0
3	0
2	0
0	0
2	0
3	0
3	0
0	0
0	0
6	0
4	0
0	15
3	52
0	52
16	0
8	0
3	0
8	0
13	0
4	0
3	0
41	0
123	0
5	0
27003	26
5	0
0	0
1	0
2	0
1	0
6	0
178	5
12	0
3	0
1	0
2	6
0	6
4	0
141	0
1	0
7	0
4	0
4	0
11	0
4	0
1	0
1	0
4	0
5	0
6	0
2	0
1	0
99	0
4	0
0	0
0	0
14	0
4	0
1	0
1	0
0	0
2	0
1	0
4	0
1	1
3	1
2	0
6	1
4	0
4	0
2	1
6	0
5	0
6	0
4	0
3	0
3	0
1	0
9	2
14	0
3	0
1	0
3	0
0	1
0	0
3	0
5	0
6	0
6	0
5	0
6	0
0	0
0	0
1	0
8	2
1	2
8	0
11	0
0	62
53	62
0	1
0	1
10	0
1	0
2	0
1	0
3	11
4	11
1	0
9	0
3	0
0	0
1	0
0	0
0	0
4	0
5	0
5	0
1	0
1	1
1	1
3	0
26	0
2	0
2	0
0	0
1	0
6	0
3	2
1	1
3	0
1	0
6	0
0	0
3	0
8	0
6	0
5	0
19	68
3	68
5	0
0	0
1	0
3	0
1	0
5	0
2	0
5	0
0	2
0	2
0	2
3	0
3	0
1	0
0	0
4	0
4	0
24	0
1	0
3	0
2	0
5	0
4	0
3	0
4	0
1	0
4	0
2	0
4	0
1	0
2	0
3	0
1	0
3	0
4	0
2	0
8	0
13	0
19	0
4	0
4	0
3	0
3	0
1	0
9	0
0	0
3	0
6	0
7	0
12	0
8	0
5	0
0	0
4	0
3	0
2	0
1	0
1	0
4	0
5	0
3	0
2	0
3	0
2	0
4	0
9	0
3	0
8	0
1	0
4	0
4	0
19	0
3	0
1	0
3	0
0	0
9	0
4	0
7	1
4	0
3	0
2	0
2	0
2	0
1	0
3	0
3	0
0	0
4	0
2	0
3	0
2	0
1	0
5	0
9	0
3	0
1	0
2	3
42	3
6	0
6	0
3	2
0	2
1	0
4	0
0	1
3	1
2	0
7	0
6	0
8	0
3	0
0	2
18	2
12	0
5	0
2	0
3	0
6	0
4	0
2	1
2	0
2	0
3	0
5	0
2	0
3	0
18	2
4	0
11	1
4	0
5	0
11	3
7	0
2	0
0	0
4	0
2	0
6	0
0	0
7	0
2	0
4	0
2	0
11	0
3	0
2	0
1	0
62	451
6	451
2	0
124	0
115	0
14	0
1	0
7	0
4	23
5	28
2	30
0	252
0	287
0	296
5	227
0	243
13	605
6	190
22	607
28	0
41	0
12	36
152	36
426	0
0	6414
0	6414
93	50
121	0
3	0
0	0
23	260
42	260
1	370
0	407
6	394
8	34
0	34
132	0
108	0
3	31
158	31
15	0
104	0
37	0
0	0
34	1
110	0
1	0
4	0
1	0
3	24
4	24
0	18
44	26
0	161
0	280
0	156
0	275
6	114
28	114
4	0
7	0
11	0
1	0
0	0
202	0
26	0
2	91
1	235
149	326
0	123
3	0
1	85
110	85
14	0
17	0
13	0
0	0
28	0
7	9
6	4
0	5
2	4
2	21
19	150
0	92
0	88
0	23
0	235
0	231
0	166
0	204
165	357
1	347
20	10
871	0
0	0
6	8
2	8
20	8
2	8
0	0
0	0
0	11
44	11
1	0
762	0
3	0
0	0
5	14
2	14
28	29
0	29
380	30
0	30
2	0
334	0
3	0
5	0
235	0
0	66
0	223
0	170
1	211
4	119
0	31
1	104
0	182
3	5
2	6
15	362
21	362
11	6
2	6
1	0
0	29
1	29
4	0
3	0
53	44
0	44
12	0
2	18
173	18
2	83
21	130
2	47
0	108
71	671
3	563
198	0
1	14
0	12
12	14
2	8
24	0
1	72
142	72
0	17
1	6
718	6
45	0
1	0
16	125
0	125
104	0
256	0
123	0
3	376
332	376
3	116
5	20
0	52
0	55
0	42
0	45
2	20
2140	7
92	0
9	1
54	0
21	793
8	793
3	558
4	759
0	0
1	2
7	2
4	1
7	0
20	1
27	575
32	575
203	0
256	0
17	0
14	7
0	24
0	250
1	239
1	37
1	1
2	1
19	374
0	393
5	171
0	0
3	0
4	3
5	5
1	3
0	4
0	2
0	2
5	102
0	102
0	0
66	0
1	0
457	0
19	0
2	0
0	17
1	35
4	13
6	34
0	0
19	0
10	42
230	42
8	2
4	745
45	1113
5	986
45	1100
4	113
1335	319
0	319
1	2
0	12
1	17
104	0
49	0
7	6
2	0
8	8
2	60
10	67
1	3
0	3
2	0
18	5
0	2
0	3
17	251
8	251
208	0
9	32
4	61
91	93
1	6
2	99
247	99
3	1
0	1
2	0
1	1
1	1
0	1
17	1
1	3
1	3
7	1
52	0
81	0
3	347
0	324
5	347
5	76
2	4
8	76
1	0
39	0
160	24
0	24
14	0
86	0
74	0
1	136
2	103
0	114
0	138
3	0
74	0
3	0
0	4
49	56
15	52
11	0
46	29
1	29
30	279
9	279
5	0
5	0
2	0
0	3
0	3
3	19
109	19
3	0
3	0
15	5
34	5
7	0
18	0
4	0
26	358
5	148
5	358
4	8
692	6
0	8
0	0
1	10
6	10
21	0
129	2
5	9
0	192
1	37
0	64
0	135
0	121
3	23
5	0
855	43
1	43
193	55
2	52
3	0
1	0
12	0
3	0
3	0
3	0
4	0
3	0
3	0
0	0
9	0
9	0
4	0
3	0
5	0
7	0
5	0
10	0
4	0
3	0
4	0
1	0
7	0
2	0
0	0
1	0
0	0
2	0
5	0
6	0
2	0
1	0
3	0
3	0
59	0
0	0
3	0
2	0
5	0
2	0
4	0
5	0
4	0
3	0
3	0
1	0
10	0
3	0
6	0
8	0
1	0
7	0
6	0
4	0
3	0
2	0
12	0
0	0
2	0
5	0
2	0
4	0
2	0
15	0
2	0
2	0
4	0
15	0
0	0
4	0
7	0
2	0
0	0
2	0
3	0
6	0
5	0
1	0
3	0
9	0
2	0
2	0
1	0
3	0
6	0
0	0
2	0
2	0
9	0
7	0
1	0
4	0
0	1
0	1
1	0
1	0
3	0
3	0
3	0
1	0
4	0
2	0
6	0
1	0
2	0
5	0
4	0
2	0
5	0
2	0
3	0
6	0
3	0
9	0
4	0
2	0
2	0
0	0
4	0
2	0
3	0
3	0
1	0
3	0
2	0
3	0
5	0
3	0
3	0
2	0
2	0
6	0
4	0
8	1
2	0
2	0
3	0
10	0
1	0
3	0
22	0
2	0
4	0
6	0
4	0
2	0
26	0
5	0
3	0
9	0
1	0
1	0
7	0
5	0
4	0
2	0
4	0
2	0
3	1
3	0
7	0
3	0
2	0
7	0
4	0
3	0
0	5
0	6
0	0
134	0
3	0
3	0
1	0
9	0
2	0
16	0
1	0
3	0
3	0
3	0
2	0
0	0
5	0
1	0
1	0
6	0
4	0
2	0
2	0
3	0
2	0
3	0
7	0
1	0
4	0
4	0
1	0
5	1
5	1
2	1
7	0
8	0
4	0
2	0
5	0
3	0
1	0
0	0
1	0
2	0
13	0
8	1
1	0
2	0
2	0
7	0
2	0
3	0
4	0
2	0
1	0
3	0
3	0
3	0
0	0
6	0
3	0
7	0
2	0
4	0
9	0
2	0
12	0
2	0
0	0
1	0
5	0
0	0
1	1
0	1
1	0
3	0
2	0
4	0
2	0
2	0
1	0
5	0
4	0
2	0
2	0
4	0
3	0
2	0
0	3
0	3
2	0
6	0
2	0
5	0
0	0
4	0
2	0
3	0
0	0
1	0
6	0
2	0
1	0
2	0
4	0
5	0
4	0
7	0
2	0
4	0
2	0
1	0
1	0
2	0
3	0
5	0
3	0
4	0
3	0
22	0
1	0
11	0
2	1
12	0
1	0
3	0
1	0
0	0
0	0
1	0
1	0
3	0
9	0
2	0
6	0
3	0
2	0
2	0
3	0
0	0
4	0
2	2
3	0
0	0
4	0
3	0
1	0
0	0
2	0
4	0
5	0
1	0
0	0
3	0
3	0
1	0
2	0
3	0
1	0
2	0
2	0
2	0
6	0
3	0
3	0
4	0
0	0
3	0
7	0
0	0
3	0
5	0
2	0
1	0
7	0
0	0
6	0
5	0
3	0
3	0
9	0
4	0
1	0
2	0
2	0
2	0
4	0
2	0
3	0
2	0
4	0
3	0
0	0
5	0
3	0
4	0
2	0
6	0
3	0
4	0
4	0
5	0
3	0
2	0
2	0
3	0
2	0
0	0
3	0
3	0
13	1
3	0
3	0
8	0
2	0
5	0
3	0
9	11
2	0
3	0
0	0
3	0
0	0
1	0
0	0
7	0
3	0
3	1
9	0
4	0
2	0
53	0
10	0
3	0
2	0
9	0
18	0
4	0
34	0
1	0
7	0
2	0
7	0
9	0
5	0
1	0
21	0
3	0
3	0
6	0
1	0
21	0
2	0
9	0
1	0
12	0
3	0
3	0
2	0
7	0
3	0
0	4
2	4
3	0
2	0
5	0
2	0
3	0
1	0
1	0
6	0
5	0
3	1
74	0
1	0
4	0
4	0
3	0
7	0
7	1
2	0
2	0
12	0
7	0
0	0
3	0
5	0
12	0
6	0
2	0
2	0
3	0
9	0
2	0
4	0
18	0
6	0
11	0
9	0
1	0
4	0
14	0
8	0
0	0
10	0
1	0
4	0
1	0
8	0
1	0
17	0
2	0
3	0
23	0
2	0
2	0
3	0
9	0
8	0
2	0
3	0
4	0
1	0
4	0
4	0
2	0
1	0
2	0
0	0
7	0
0	0
6	0
0	0
3	0
5	0
5	0
2	0
1	0
4	0
1	0
18	0
11	0
3	5
7	5
2	10
10	10
0	104
23	104
10	0
6	0
5	0
169	0
1	0
4	0
3	3
1	3
0	2
0	2
0	2
6	0
6	0
3	0
6	88
0	88
2	0
6	0
5	0
4	0
2	0
0	0
35	0
17	20
0	20
0	0
31	0
1	0
4	0
3	0
3	0
1	0
11	0
9	0
7	0
10	0
11	0
2	11
2	0
1	0
3	0
3	0
2	0
6	0
1	0
2	0
8	1
3	0
7	2
5	0
17	0
3	0
1	0
2	0
3	0
4	0
15	0
10	0
6	1
6	0
5	0
4	0
7	0
3	0
5	0
326	0
1	0
6	0
4	2
9	0
5	0
4	0
4	7
0	7
7	2
3	0
2	5
1	5
1	0
4	0
0	3
5	3
2	0
3	0
7	0
6	0
15	0
0	0
12	0
4	0
7	0
4	0
6	0
3	0
7	0
8	3
7	3
26	0
6	0
217	0
4	0
3	0
1	11
2	11
1	0
0	5
0	0
0	5
6	5
1	0
5	0
1	0
6	0
1	0
0	0
0	0
5	0
1	0
6	0
1	0
5	0
4	0
1	0
0	0
4	0
2	0
10	0
6	0
8	0
0	0
0	0
1	0
3	0
10	0
54	0
2	0
9	0
0	2
3	0
0	2
1	0
3	170
15	170
83	132
41	0
9	1
4	1
1	2
6	0
13	0
1	0
3	1
1	1
3	0
8	0
2	0
1	0
9	0
3	0
3	0
0	0
3	0
3	0
2	0
2	0
2	0
2	3
0	3
4	0
1	0
1	0
5	0
3	0
5	0
6	0
3	0
1	0
3	0
0	0
4	4
6	4
4	0
1	0
1	0
12	0
8	0
8	0
3	0
5	0
2	0
0	0
2	0
1	0
0	0
3	0
2	0
5	0
4	0
5	0
7	0
2	0
4	0
5	0
5	0
6	0
4	0
1	0
4	0
1	0
1	0
13	0
0	2
0	2
3	0
2	0
0	0
15	0
34	1
5	0
5	0
10	0
3	0
7	0
2	0
3	0
1	1
5	0
19	0
5	0
64	0
0	0
15	0
6	0
5	1
6	0
21	0
1	0
116	0
4	0
15	6
0	6
3	0
6	0
4	0
1	6
0	6
3	0
12	0
27	6
24	0
3	0
0	0
2	0
3	0
1	0
44	17
0	17
4	0
11	0
4	1
3	0
3	0
4	0
1	0
1	0
6	0
1	0
4	0
66	0
6	0
3	0
9	6
0	6
2	0
1	0
1	4
1	4
2	0
12	0
3	0
14	0
2	0
2	0
0	0
2	0
2	0
6	0
1	0
4	0
8	0
3	0
0	0
6	0
31	0
5	0
3	0
2	0
3	0
13	0
5	0
13	0
22	0
11	0
9	0
7	0
162	0
12	0
4	0
3	0
11	0
3	0
2	0
9	0
2	0
3	0
2	0
39	0
6	0
10	0
14	0
6	0
3	0
4	0
2	0
95	0
3	0
0	0
5	0
3	0
8	0
3	0
7	0
72	0
6	0
3	0
0	0
4	0
3	0
5	0
7	0
2	0
0	0
2	0
18	0
3	4
0	4
3	0
5	0
2	0
1	0
3	0
6	0
4	0
3	0
5	0
4	0
20	0
5	0
4	2
1	0
1	0
2	0
3	0
4	0
1	0
9	0
7	0
4	0
7	0
12	0
0	2
1	2
9	0
2	0
0	0
16	0
1	1
1	1
10	0
7	0
134	0
1	0
6	0
5	0
0	0
2	0
9	0
3	0
2	0
3	0
3	0
5	0
20	0
5	0
1	0
1	1
0	1
3	0
4	0
7	0
2	0
5	0
38	6
3	0
3	0
4	0
2	0
3	0
29	0
2	0
4	0
5	0
5	0
1	0
19	0
5	0
6	0
2	0
0	0
26	0
1	0
144	141
1	141
4	0
4	0
5	0
2	0
3	0
1	2
1	3
2	0
3	0
0	0
3	0
7	0
2	0
1	0
32	0
8	0
3	2
35	0
0	2
1	0
3	0
41	0
4	0
9	0
2	0
6	0
0	0
0	0
0	0
48	0
0	3
6	3
4	0
4	0
2	2
0	2
2	0
219	0
2	0
2	0
10	22
0	22
99	0
5	3
3	3
1	1
0	1
3	0
2	0
3	0
3	0
5	0
0	0
1	0
2	0
1	0
21	0
6	0
4	0
3	0
0	1
26	1
6	1
3	0
1	0
2	0
6	0
259	0
3	26
9	75
11	75
0	22
77	0
0	0
1	42
10	156
0	102
0	159
2	0
0	0
30	35
2	35
3	46
4	47
5	59
4	13
71	80
63	83
4	1
0	3
188	3
24	0
3	0
2	0
0	81
0	73
10	154
3	0
94	0
297	0
398	0
67	0
0	394
0	444
10	444
0	60
42	10
4	0
2	171
27	171
5	0
0	0
0	286
0	153
0	154
0	153
0	285
0	285
0	153
0	285
0	285
1	0
1	205
64	205
3	19
17	25
1	25
112	9
2	9
1	4
0	4
25	5
0	5
57	0
11	0
28	288
8	288
24	178
0	12
0	12
16	12
16	0
3	0
208	52
12	2
83	0
2	1
4	51
0	51
276	4
10	0
2	76
16	74
1	0
5	0
4	15
0	5
241	11
12	77
24	77
20	0
86	86
7	86
98	0
8	119
8	200
64	319
177	623
141	623
35	0
3	0
1	0
6	0
0	1
162	93
3	92
1	205
104	205
0	305
2	305
16	634
168	634
432	0
7	26
4	54
6	53
5	0
24	0
5	27
68	103
5	423
5	433
1	433
0	38
7	0
0	0
17	2
3	0
2	0
13	98
0	108
19	81
3	1
0	0
2	0
0	1
15	76
1	68
1	1
16	140
6	70
172	0
1	0
3	72
53	474
11	474
42	39
2	0
373	0
3	68
6	68
211	139
0	139
290	0
1	0
120	0
54	0
5	31
1	450
0	119
11	270
0	144
0	174
0	89
0	395
5	290
19	18
10	2
1	0
2	0
1	320
2	276
0	33
5	303
0	15
0	261
0	151
0	190
0	237
0	179
0	248
0	250
0	80
0	138
0	0
0	0
1	2
2	3
10	1
3	0
13	28
19	28
1895	0
68	0
0	0
232	6
1	6
3	19
339	19
3	0
1	0
0	0
57	0
1	0
0	202
2	112
1	179
1	180
7	167
0	167
2	32
2	0
0	165
0	172
1	240
0	233
8	0
213	0
0	0
143	0
0	32
121	32
2	127
10	127
0	32
37	128
0	130
81	0
1	106
0	292
0	376
0	414
0	254
2	270
4	95
9	0
1	0
0	1
14	1
1	25
2505	28
0	6
22	6
4	13
3	13
7	86
67	86
183	0
7	3
169	0
3	3
15	0
0	5
1	5
0	153
0	194
0	169
0	210
158	0
2	189
0	137
78	326
529	0
6	0
23	434
1	440
0	426
2	432
0	178
8	0
225	0
175	0
89	0
3	0
1	0
4	289
254	564
10	564
217	0
1	176
46	264
5	264
0	52
7	0
74	0
3	85
0	85
95	80
2	0
111	66
0	66
2	0
0	140
0	137
0	60
0	86
0	126
0	71
0	114
0	125
0	152
6	0
0	159
480	159
4	0
35	2
0	2
45	766
4	230
16	536
0	3
446	0
0	0
7	0
0	0
5	131
4	131
19	0
1	0
331	0
3	0
430	477
3	477
0	121
121	42
0	42
3	0
249	472
2	472
1	0
9	395
2	395
3	0
35	255
4	255
0	76
0	74
3	0
2	0
0	0
3	0
1	140
13	135
13	140
16	0
3	0
58	0
59	0
13	0
2	0
3	0
208	0
0	3487
1187	5411
174	5411
0	3490
0	3490
0	3490
0	3490
0	3490
0	3490
0	3490
37	4779
1535	4779
282	209
67	420
5	420
142	0
123	0
44	2
1	0
2	41
83	578
9	578
0	0
26	1
6	3
9	3
8	3
4	1
3	1
32	10
3	1
3	28
6	241
55	251
0	1
5	0
14	50
0	50
1	3
57	3
0	88
0	63
4	31
0	88
2	57
0	30
0	6
0	31
0	89
0	31
0	87
0	32
178	0
6	9
0	0
9	8
5	9
14	4
1	203
0	102
7	304
0	0
1	0
8	0
8	188
2	100
14	200
15	0
2	0
1	0
2	0
2	0
3	229
0	402
0	368
0	360
0	326
258	234
3	234
227	0
2	10
12	10
0	51
49	137
0	137
11	279
35	279
13	541
35	541
39	219
0	0
17	0
1	0
81	0
4	0
7	0
6	0
3	0
8	0
0	206
1056	206
2	24
4	24
5	0
7	0
2	6
0	6
8	0
7	0
10	0
4	0
4	0
31	0
0	0
4	0
3	0
46	0
67	0
91	0
23	0
12	0
3	0
5	0
25	0
60	0
4	0
53	0
10	0
604	0
46	0
1	0
0	1
16	1
0	0
6	0
2	0
0	5
0	2
0	4
0	1
5	0
10	0
4	0
8	0
24	0
0	22
7	22
27	0
35	0
0	0
28	0
2	0
0	11
0	11
0	10
0	10
0	10
1	10
3	0
108	0
3	0
16	0
52	47
3	47
2	0
1	31
0	37
3	30
5	0
0	81
2	28
20	81
1	2
0	2
4	0
9	0
21	0
58	42
1	42
5	0
315	0
0	0
0	9
0	3
6	6
6	0
29	7
0	7
6	0
102	42
0	42
7	1
3	1
5	3
1	0
28	3
2	0
4	0
128	35
2	35
0	4
1	4
6	37
0	37
12	0
21	8
11	0
3	0
68	44
0	44
11	0
18	0
11	0
1	0
0	4
0	5
2	5
0	7
0	8
1	3
106	0
49	0
22	0
1	0
0	0
0	38
1	38
82	12
8	3
0	12
0	0
26	0
176	0
1	0
22	0
2	0
6	0
6	0
11	0
136	0
2	0
2	35
195	35
1	0
1	0
21	3
23	0
14	0
5	155
26	155
0	149
0	149
3	19
1	19
2	6
2	104
1	165
79	165
0	0
2	0
4	0
3	0
5	0
1	0
1	0
2	0
2	0
10	0
2	0
6	0
0	1
2	4
7	190
1	190
0	194
5	181
18	194
13	0
1	0
5	0
4	3
0	0
2	3
20	0
6	0
27	4
2	2
6	57
74	57
80	0
3	0
1	0
5	1
1	24
11	69
2	69
224	0
2	0
0	0
0	23
4	23
0	4
0	23
2	0
5	0
63	50
0	50
6	0
41	0
13	0
16	0
97	0
0	0
0	0
1	0
6	0
1	1
11	1
4	0
66	0
2	0
24	0
3	0
1	0
1	1
0	0
4	0
0	0
2	0
8	0
2	0
3	0
2	0
2	0
3	0
2	0
1	0
2	0
3	0
0	0
0	3
1	3
4	0
1	0
0	0
6	0
2	0
3	0
0	0
2	0
8	0
6	0
3	0
2	0
2	0
1	0
2	0
3	1
3	0
3	0
4	0
2	0
3	0
5	0
0	0
14	0
3	0
4	0
2	0
5	0
2	0
2	0
7	0
1	0
5	0
7	0
4	0
1	0
0	0
4	0
2	0
1	0
1	0
3	0
5	0
1	0
7	0
4	0
1	0
2	0
4	0
0	10
5	10
0	0
2	0
2	0
1	0
2	0
5	0
2	0
1	0
2	0
3	0
0	1
1	2
2	0
1	0
4	0
2	0
3	0
0	0
10	0
2	0
0	0
15	0
3	0
5	0
0	0
1	0
1	0
3	0
2	0
5	0
0	0
12	0
7	0
19	0
5	0
9	0
1	0
6	0
33	0
16	0
7	0
10	0
22	0
0	0
2	0
4	3
1	3
1	0
6	0
2	0
30	0
1	0
6	0
9	0
7	0
13	0
0	0
1	0
1	0
42	10
0	10
8	0
10	0
43	0
4	0
181	0
10	0
21	0
0	0
1	0
0	1
3	2
2	7
5	7
3	5
3	5
1	2
1	2
6	0
0	7
38	7
6	0
7	0
0	0
3	0
6	0
8	0
1	0
3	0
2	0
10	0
7	0
15	0
6	0
12	0
6	0
3	0
6	0
1	0
0	0
0	0
1	0
1	0
10	0
6	0
5	0
6	0
2	0
1	0
3	0
8	0
2	1
7	0
74	0
2	2
0	2
0	2
3	0
2	0
1	0
0	0
9	0
4	2
0	2
1	0
0	3
18	4
0	1
8	0
6	0
11	0
2	0
5	0
4	8
8	10
2	13
4	13
5	0
19	0
4	0
3	0
10	0
0	0
1	0
6	0
2	0
2	0
4	0
5	0
3	0
0	2
1	2
3	0
1	0
2	0
4	0
7	0
3	0
1	0
0	0
3	185
68	185
79	0
19	0
3	0
5	0
2	0
1	0
20	0
20	0
2	0
7	0
5	0
14	2
1	2
7	0
99	0
3	4
2	4
2	0
3	0
3	0
3	0
0	0
0	0
0	0
4	0
255	9
3	0
4	0
5	0
3	0
0	0
6	0
0	0
3	0
1	0
2	0
3	0
3	0
1	0
0	0
4	0
3	0
3	0
3	0
2	0
6	0
5	0
4	0
1	0
4	0
5	0
3	0
2	0
15	0
3	0
2	0
2	0
5	0
8	0
5	0
4	0
5	0
3	0
1	0
5	0
3	0
2	0
3	0
5	0
3	0
1	0
0	0
1	0
3	0
4	0
2	0
2	0
2	0
2	0
3	0
4	0
4	0
3	0
2	0
5	0
3	0
7	0
7	0
3	0
2	0
2	0
1	0
4	0
7	0
2	0
3	0
6	13
1	0
2	0
1	0
3	0
5	0
7	0
5	0
0	0
5	0
5	0
77	0
4	0
3	0
11	0
3	0
3	0
8	0
1	0
1	0
3	0
5	0
0	0
3	0
2	0
3	0
1	0
1	0
4	0
1	0
4	0
2	0
1	0
2	0
3	0
3	0
9	0
2	0
10	0
3	4
3	0
4	0
1	1
1	1
3	0
2	0
1	0
4	0
0	0
1	0
4	0
0	0
1	0
5	5
2	0
2	0
0	0
2	0
0	0
5	0
6	0
2	0
1	0
4	0
3	0
3	0
6	0
1	0
4	0
3	0
3	0
8	0
2	0
16	0
3	0
11	0
3	2
0	0
4	0
1	0
2	0
2	0
3	0
4	0
2	0
8	0
1	0
4	0
4	0
3	0
2	0
1	0
3	0
2	0
7	0
1	0
2	0
3	0
1	0
2	0
2	0
4	0
4	0
2	0
3	0
3	0
3	0
1	1
1	0
3	0
5	0
4	0
2	0
6	0
0	0
2	0
6	0
1	0
0	0
5	0
2	0
4	2
0	0
6	0
2	0
2	0
3	0
2	0
0	0
3	0
2	0
2	0
5	0
2	0
8	0
5	0
1	0
2	0
0	0
2	0
2	0
2	0
3	0
2	0
5	0
3	0
4	0
1	0
0	0
3	0
2	0
0	0
0	0
10	0
2	0
3	0
3	0
1	0
3	0
2	0
2	0
3	0
3	0
5	1
2	0
3	0
4	0
4	0
7	0
8	0
1	0
1	0
1	0
1	0
3	0
2	0
5	0
3	0
5	0
2	0
5	0
1	0
3	0
1	0
1	0
4	0
0	681
0	679
0	675
0	673
30	1572
0	0
282	192
48	1628
6	1187
0	1320
0	8782
5	8072
16	7908
37	5823
18	6751
40	4543
1	6929
40	1236
3	769
5	7005
10	7857
18	0
9	0
227	10
25	12
0	624
8	236
4	315
0	615
0	600
0	609
3	0
8	1768
4372	4323
9	4327
19	8
26	10
0	603
0	4
1	0
6	0
1	1
1	1
0	10
0	421
0	107
0	275
0	149
1	454
0	55
5	8
94	10
0	121
17	121
246	0
4	484
18	46
16	477
10	414
0	371
41	154
0	146
0	0
43	1
23	297
7	297
58	0
2	0
0	0
1	2
0	2
0	344
0	89
0	353
0	340
0	349
3	242
2	0
0	5
0	154
0	158
0	162
0	158
6	19
8	8
3	17
3	6
0	0
9	0
33	0
0	0
2	0
11	0
0	16
1	16
49	0
23	0
3	1
6	13
10	30
2	31
5	102
7	102
2	20
21	0
73	67
10	10
0	108
0	116
0	119
0	111
1	67
2	788
1	1036
0	623
0	1400
0	1155
5	1568
12	1155
24	0
1	0
8	0
4	0
1	0
594	35
0	35
225	0
51	2
0	978
0	1299
5	943
0	1108
0	1284
0	963
0	1305
0	984
6	0
16	89
5	23
1	20
422	579
20	20
0	47
73	55
75	480
18	0
3	0
27	0
3	5
0	0
55	0
27	0
21	1
0	1
146	416
0	16
0	383
2	33
211	0
0	246
20	380
34	380
0	4
0	65
61	65
1	4
1265	0
208	86
327	104
1	106
5	82
0	86
36	254
37	254
4	831
0	1529
0	449
53	2309
3	0
25	0
0	0
30	0
1	0
6	0
598	244
4	244
3	0
92	0
3	410
21	410
10	280
241	0
20	0
2	0
0	0
5	0
6	0
10	158
318	158
2	9
4	12
0	16
19	143
118	8
21	26
2	143
1	10
2	10
21	32
2	30
2	68
3	67
0	7
6	22
0	22
112	0
127	7
5	1
89	0
4	21
4	21
841	0
0	35
77	0
0	0
0	1
7	147
0	289
0	284
0	163
0	159
0	295
0	178
0	191
0	193
0	290
0	198
24	79
1462	0
0	7
0	0
7	7
2	79
5	0
2	0
7	0
8	0
2	0
3	0
4	0
0	10
1	10
2	11
0	11
2	1
0	38
7	38
98	0
0	1
374	346
5	345
43	98
0	568
0	572
0	655
0	704
0	523
0	700
1	43
9	9
1	185
139	550
616	625
18	17
0	118
1	0
25	0
27	0
4	0
8	0
1	0
1	6
1	3
2	4
0	0
2	6
3	4
3	0
2	3
3	2
84	6
1	1
1	0
3	3
0	5
5	0
2	0
3	227
27	227
2	19
365	26
0	25
0	69
17	173
0	173
0	23
5	20
7	5
5	3
8	33
25	36
5	87
6	105
5	18
6	9
6	867
6	867
5	452
2	0
86	228
18	622
4	622
13	31
4	32
455	1
38	0
5	0
38	0
2	1
0	3
1	7
15	15
20	15
1	188
2	130
2	22
31	198
10	30
0	28
2	31
2	5
0	812
0	575
0	812
0	812
0	575
0	575
1	5
42	1581
77	1581
49	1053
4	0
1	1
7	0
5	9923
0	9923
8	575
251	575
5	0
3	0
1	0
1	42
9	42
0	1104
0	1105
0	1315
52	1947
0	1316
52	1943
0	4
26	62
3	62
57	378
460	378
3	0
1	19
7	19
19	0
1	0
37	0
2	0
24	1
366	0
2	134
1172	141
6	28
19	177
453	995
74	52
3	708
1	129
426	1327
0	31
0	988
18	177
129	170
0	1177
215	1755
69	150
143	329
12	0
151	0
36	0
9	6
0	6
1	0
3	2
247	316
18	140
32	176
25	0
0	0
0	437
0	371
0	437
0	594
0	661
0	438
2	217
0	661
3	142
0	594
22	601
93	601
3	89
17	685
4	47
376	732
9	200
3	0
89	0
8	0
12	0
25	0
3	0
1	0
2	0
3	0
1	0
12	502
12	502
71	480
6	290
1	0
0	932
0	846
0	924
0	838
0	10
1746	0
5	0
56	0
4	2
1	2
2	2615
373	2615
7	3
834	0
1	3
0	3
2	6
5	33
0	32
0	16
6	7
0	14
9	8
3	8
2	5
4	5
23	1
1	0
4	4
5	5
2	5
2	38
24	44
3	10
0	2
2	0
1	4
5	2
0	6
0	6
0	0
0	1
0	0
3	0
1	6
18	10
2	8
0	6
4	0
4	4
440	4
0	4
3	0
0	4
5	0
51	304
31	304
11	239
1	2
13	15
34	249
2	0
19	201
12	3
11	3
2	1
3	0
40	0
1	13
0	3
2	10
2	294
32	294
0	7
4	8
17	12
0	27
5	10
1	4
5	11
41	208
3	55
1	280
3	409
2	349
14	404
5	8
9	4
1	435
108	471
172	0
3	3
33	280
0	4
0	4
1	5
0	4
1	504
1	0
5	0
119	0
1	0
2	0
8	22
0	22
95	0
543	129
18	129
2	3
804	2072
25	79
199	748
16	184
7	0
16	27
3	13
10	1512
16	0
3	0
19	0
1	10
50	522
0	159
0	167
0	73
0	167
52	42
17	476
1	525
1	73
0	159
1	91
0	206
0	51
0	51
2	51
0	10
1	11
0	10
1	0
34	0
25	1
1	0
1	1
4	1
43	66
50	11
0	25
3	20
4	25
96	31
22	22
5	4
20	4
0	40
13	27
2	3
0	33
1	80
2	0
52	3
1	1
0	8
6	10
2	17
0	15
1	7
7	8
36	98
25	106
6	5
23	65
329	98
2	8
2	8
2	3
48	1389
45	1305
4	808
0	0
35	0
3	0
3	6
0	6
4	7
0	7
110	0
2	628
1	417
0	344
1	14
17	701
0	42
2	32
34	379
0	19
269	421
10	421
1	1
37	0
10	14
3	5
0	11
0	3
239	5
0	28
1	7
7	28
14	0
18	0
110	0
0	0
13	0
124	0
0	1
5	0
3	0
10	0
1	16
4	16
4	0
5	0
0	116
0	102
0	81
0	89
0	650
0	131
0	75
0	599
0	628
0	136
0	586
0	153
17	4
1	12
78	3
5	173
0	790
0	824
0	637
0	596
0	562
0	603
5	3
102	6
15	135
2	133
61	132
3	4
3	12
3	11
33	0
7	0
5	0
5	0
16	1
3	11
3	11
114	0
3	89
3	89
66	321
3	5
2	314
0	7
2	2
11	2
4	0
0	1
6	1
0	2
0	6
6	3
0	74
0	74
0	74
0	70
2	7
0	4
0	9
0	70
0	36
1	76
0	19
23	1
0	32
0	36
0	23
8	4
3	4
1	2
13	1
0	1
9	134
15	134
41	0
14	0
2	8
0	8
4	12
6	2
1	14
0	0
4	2
1	0
12	0
4	25
6	6
0	9
10	34
0	23
5	27
0	11
0	21
73	38
1	11
3	2
17	8
17	9
77	19
0	0
0	18
0	0
3	5
3	23
24	13
2	24
0	0
0	0
118	14
20	2
3	2
1	25
2	16
8	0
17	0
0	0
2	0
1	0
12	1
12	3
0	2
4	1
123	24
72	24
22	1
31	0
0	883
26	482
0	1474
0	886
0	1471
0	3
0	187
3	1
4	0
0	374
0	358
5	1
0	185
0	169
0	403
374	30
7	5
0	156
35	25
0	387
0	140
0	4
1	4
2	3
2	1
8	0
74	0
3	0
48	0
16	0
14	1
39	0
3	0
1	0
2	6
0	10
7	4
3	41
4	42
1	8
105	87
1	89
2	0
1	7
6	65
2	0
2	0
0	7
103	65
0	6
108	0
0	40
1	3638
0	561
0	758
0	758
1	3397
0	924
0	711
16	560
1	3496
1	8
0	3804
16	749
0	648
2	40
14	0
214	0
21	1001
12	1151
40	1110
4	1
2	1
151	1
0	13
2	1
0	1959
20	1963
0	2102
149	0
0	502
0	511
0	508
0	526
0	520
0	505
0	255
47	0
87	0
1	4
0	4
3	0
8	0
1	2
69	2
3	0
1	0
26	185
192	185
33	278
0	153
2	17
1	128
260	1121
0	313
8	273
0	800
491	0
3	0
249	0
308	0
2	63
0	63
2	0
3	0
28	0
1	0
9	0
1	0
0	25
7	0
2	5
0	2
9	99
6	20
10	8
0	3
0	122
7	39
0	21
13	24
3	110
0	36
2	30
0	16
4	11
18	87
0	99
0	87
4	4
2	1
13	2
0	2
27	0
163	25
1	0
4	0
29	0
1	3
0	16
59	14
6	0
0	59
0	54
0	13
6	1
7	46
0	71
2	44
13	0
4	6
12	58
1	58
23	11
1	0
0	0
1	2
2	0
25	1
0	11
4	11
28	1
42	117
1	116
8	0
1	12
12	0
16	2
14	4
46	10
1	0
62	12
14	13
5	9
1	7
2	15
1	4
44	18
26	13
14	4
0	0
1	12
0	13
62	64
12	64
6	6
58	12
0	0
2	0
0	0
331	32
58	32
4	67
79	67
4	0
0	0
43	0
0	0
0	68
4	5
1	773
16	1160
23	0
1409	1165
0	167
89	503
4	503
0	0
2	0
6	0
6	0
45	0
83	0
0	40
31	40
0	229
234	229
0	270
0	48
0	275
0	277
0	282
11	219
0	282
0	289
0	222
21	370
5	370
0	17
6	2
0	2
37	6
3	16
2	4
0	14
1	0
8	14
1	2
3	14
1	3
1	14
6	0
2	3
1	3
0	0
15	0
2	11
1	7
0	6
0	6
5	0
6	1
0	21
0	21
2	16
4	16
26	0
0	0
35	1
0	93
0	95
0	240
1	79
1	244
3	246
0	20
90	20
0	640
0	849
0	815
0	214
0	680
0	855
0	845
2	115
14	138
148	221
0	68
0	328
0	322
0	579
0	146
0	319
1	573
4	354
396	354
86	0
82	0
10	0
15	0
38	0
3	0
42	5
231	1
116	23
63	23
2	408
2	586
0	20
12	565
8	588
0	534
0	17
0	535
5	531
5	45
41	143
0	12
0	0
22	249
3	23
1	0
62	0
53	0
4	1
0	1
4	9
0	4
1	14
0	5
7	15
48	30
0	2
97	30
0	2
0	3
0	1
3	2
84	6
3	133
3	133
0	1070
0	998
0	270
0	1103
0	1098
0	1042
0	335
1	48
0	1003
0	290
4	417
7	294
0	1053
0	1048
0	1037
0	1
9	0
5	0
6	0
6	0
0	239
0	239
38	583
1	184
16	275
543	965
90	815
254	0
0	30
0	32
0	27
0	29
0	63
1	63
123	102
63	102
4	6
6	3
0	2
0	0
7	2
3	5
3	5
17	5
10	5
2	13
1	17
3	1
7	5
11	10
2	10
2	1
1	2
0	0
4	3
2	6
3	3
0	3
6	4
26	0
3	0
2	1
0	1
3	0
241	0
24	0
4	0
1	0
8	378
0	25
0	4
9	153
211	83
0	343
2	1
3	47
3	25
19	17
0	153
1	1
3	104
25	56
40	52
0	18
1	0
0	1
1	0
0	0
0	10
11	10
30	1
0	1
25	1
0	51
9	51
33	40
0	27
4	10
389	1
3	2
0	2306
11	647
42	166
39	0
6	2159
0	773
4	2188
0	2264
6	0
58	0
4	0
0	2
0	2
7	221
9	635
12	635
508	0
0	13
0	155
0	189
0	108
0	142
5	142
0	50
0	3727
0	2732
0	1374
3	10
1	1414
0	3693
0	2766
0	2806
0	2772
386	0
4	0
8	0
3	0
0	22
143	22
0	0
0	0
1	0
0	257
211	257
21	120
0	45
0	0
6	278
5	55
9	286
4	1
0	0
4	4
2	8
4	8
25	2
0	322
20	1357
655	314
81	1357
0	280
0	305
135	278
0	297
4	0
5	0
0	165
0	156
0	160
0	158
0	151
0	153
0	11
0	2
40	2
0	10
7	2
0	8
1	13
0	11
129	10
0	8
1	6
6	6
0	9
0	134
1	155
3	47
0	105
5	117
28	2
7	2
4	10
144	0
25	0
1	57
26	55
90	163
18	140
0	23
52	44
6	44
3818	0
0	92
3	105
2	92
0	101
1	1
0	104
7	42
0	102
0	1
94	717
3	708
18	848
4	1067
2	737
1	1103
3	0
4	1
0	0
5	0
0	0
2	0
49	0
59	0
9	3
30	2
0	0
95	25
4	25
0	0
196	0
2	10
1	10
0	754
0	733
0	119
0	762
0	87
0	114
0	110
0	725
0	3
0	103
0	98
0	94
0	91
10	0
7	0
3	0
2	0
0	0
168	1
22	0
1174	0
108	0
6	0
1	0
0	0
10	5
3	12
10	0
9	11
74	0
0	45
0	18
2	57
0	17
4	53
4	12
1	4
0	4
4	0
1	0
0	5
56	0
0	5
7	7
2	7
1	0
14	0
0	6
0	90
7	1
4	98
6	9
1	1
0	59
0	1
5	7
1	0
3	3
9	116
8	11
1	11
0	175
12	54
0	10
7	3
0	8
3	20
3	150
1	1
2	6
8	0
2	0
0	1
0	1
16	0
14	49
15	0
0	6
1	0
0	43
3	0
6	0
30	189
7	189
0	39
344	39
1	0
107	161
3	161
265	21
2	21
2	6
1	0
13	8
36	4
4	0
10	9
6	168
8	16
15	16
6	99
1	23
113	267
2	3
1	3
10	3
2	0
68	0
9	0
4	0
7	0
7	0
1	0
87	0
116	0
1	1
662	9
28	6
0	871
0	1066
0	16
0	1786
0	1582
7	483
52	557
0	584
0	1209
0	78
2	699
0	14
0	474
1	2
4	2
1	3
1	1
2	0
2	0
828	10
294	0
69	3
3	3
0	10
6	0
36	2
21	1379
6	41
11	1399
0	1433
7	55
0	0
0	1772
1	368
0	1138
0	319
2	379
0	1778
0	926
0	57
0	1895
0	916
0	1901
0	1184
0	798
0	1178
0	63
2	0
0	63
27	0
12	157
15	157
17	259
16	259
2	0
1	0
8	0
0	5
2	5
0	0
0	0
3	9
20	10
2	0
2	0
5	10
8	11
7	3
15	9
0	2
6	4
6	4
0	2
1	2
5	1
4	0
0	6
8	0
3	3
1	3
246	0
162	420
35	410
0	65
0	10
21	0
1	501
0	480
0	497
0	502
0	510
0	525
0	508
4	27
3	47
0	75
3	5
7	500
1	0
1	10
0	8
0	502
0	519
0	76
4	0
3	0
2	0
6	0
2	0
95	0
6	0
27	1
52	0
8	0
5	2
17	149
5	24
2	15
3	10
0	29
0	19
0	33
99	158
18	19
1	6
0	11
12	27
8	50
3	2
3	2
10	2
19	0
0	3
0	5
49	358
8	26
0	50
96	358
0	90
3	35
1	0
1	3
0	3
2	0
0	0
4	0
8	0
0	0
54	0
74	686
97	686
5	0
2	0
5	1
9	5
1	0
0	8
4	8
0	16
0	3
2	8
0	4
0	12
1	1
4	1
1	7
3	43
2	1
0	2
0	50
4	0
2	0
4	1
3	1
14	1
7	0
8	3
0	3
2	1
8	0
0	23
1	23
1	0
9	0
96	4
3	1
2	4
0	205
0	71
0	187
0	1
0	961
56	961
1	18
0	18
15	106
5	106
0	2
1	2
0	1016
4	371
0	341
2	22
112	259
1	1004
0	274
0	354
0	1308
0	467
0	1052
0	1381
0	264
61	257
0	1342
0	1345
0	308
0	1308
0	128
0	313
0	1297
0	1347
1	1341
0	1299
0	134
4	1384
0	102
0	390
1	103
0	96
0	1415
18	0
5	0
1	0
4	0
0	0
14	0
1	396
2	305
0	416
0	325
0	411
1	13
0	320
4	87
0	29
0	4
11	33
0	360
1	382
0	191
24	141
13	359
11	118
9	376
0	22
5	34
0	30
2	0
10	12
0	12
11	36
0	36
2	81
69	14
22	334
660	320
2	0
13	26
12	2
9	29
10	35
25	27
0	4
2	23
0	110
88	493
42	447
7	18
0	18
1	389
0	63
23	154
11	0
8	15
22	15
14	2
43	0
14	0
2	0
0	0
17	0
2	4
2	4
33	7
53	0
0	103
336	103
268	192
14	213
0	21
25	688
60	688
2	2931
35	37
10	2931
233	2925
36	2544
4	2862
0	2791
122	7
1	29
62	2927
0	9
9	0
5	0
34	0
7	1
1	0
5	0
3	0
11	0
2	0
11	0
2	0
34	185
13	185
106	256
0	256
250	0
2	0
18	790
13	790
1	492
4	292
0	2
0	4
8	14
5	16
0	1552
0	1222
0	1603
1	466
1	566
0	897
3	617
0	846
7	0
6	0
9	0
3	1
0	37
0	37
3	0
5	0
2	0
0	2
1	3
3	5
0	38
2	39
14	39
199	8
28	0
0	9
4	7
3	0
6	692
0	6
12	14
32	481
0	6
7	295
72	694
5	14
4	3
3	0
6	0
6	0
2	0
101	0
154	0
14	430
70	422
0	430
0	698
0	1016
0	452
0	459
0	1262
0	1342
0	539
0	1096
0	1
299	1
162	0
5	165
46	385
0	12
1	118
1	2521
0	2188
54	37
0	2582
5	2143
13	1087
4	0
7	0
5	0
8	0
57	174
2	281
515	552
2	13
0	442
10	461
7	157
5	212
17	478
1	3
23	0
4	0
2	0
1	0
3	0
4	3
14	0
3	0
778	1
4	1
5	188
194	214
0	26
0	1
0	1
0	24
8	56
15	83
2	59
0	1
1	1
3	12
6	4
3	11
0	11
5	7
13	13
52	8
25	3
79	4
3	6
32	4
72	2
388	335
32	186
299	352
3	64
44	4
1	0
4	0
3	0
22	110
3	113
36	113
0	72
239	1
0	406
0	46
378	453
2	118
0	1170
3	913
0	931
0	191
116	899
0	1275
0	728
17	502
249	4
0	4
19	2
0	2
245	2783
230	2783
9	1
3	0
72	0
10	2
31	7
0	7
5	2
0	4
2	0
0	4
2	3
0	4
1	4
10	2
56	7
25	18
1	0
0	2
1	2
6	4
4	4
6	17
63	1
43	10
1	0
2	0
1	0
21	0
3	0
3	0
0	4
98	1
6	1
0	30
2	1318
28	1309
0	5
4	0
19	900
72	900
14	7
7	1
4	0
4	0
0	44
1	44
2	44
0	0
9	0
1	41
2	41
0	33
0	0
8	70
7	84
15	84
0	3
1	0
99	241
4	238
4	862
0	618
488	862
0	167
34	1029
4	5
2	8
17	230
18	419
8	1029
0	414
2	0
2	0
6	0
48	0
3	0
1	1
2	1
132	0
3	151
21	425
19	425
0	32
5	422
53	288
88	288
5	195
378	195
0	181
13	0
0	0
0	0
312	0
0	202
1	179
0	172
8	773
0	863
6	682
0	1186
0	379
0	385
0	63
0	1180
9	0
214	0
74	0
101	0
0	45
493	575
7	575
0	1856
0	1902
0	1909
0	1840
0	1879
0	1893
0	253
0	1895
0	1902
0	1835
0	1886
0	1886
0	45
0	47
0	47
16	0
1	0
5	0
3	0
6	0
11	0
38	0
0	170
175	170
3	447
12	891
12	996
2	74
10	991
12	0
4	0
15	0
3	0
4	0
4	0
0	1
1	1
1395	3
217	0
1	3
64	0
8	38
12	68
18	366
22	363
2	30
7	0
8	0
10	1
10	1888
8	2094
0	2017
0	1994
0	2278
0	78
0	1733
1000	15
1836	1
3	0
11	0
59	0
53	0
15	0
3	0
3	0
13	0
1	0
337	0
76	0
4	143
0	89
1	41
10	229
0	4
12	0
25	313
236	859
13	858
2	228
2	10
0	5
4	39
0	165
1	5
54	204
43	0
8	0
2	3
11	155
0	137
0	180
0	22
16	51
4	0
0	19
4	134
0	1
3	42
0	20
0	0
12	111
8	0
10	4
7	0
4	0
3	0
1	48
6	48
591	180
2	3
4	176
30	484
35	484
0	838
0	585
0	830
2	177
0	835
0	520
1	178
0	846
0	580
6	0
2	0
6	0
4	0
16	0
47	52
1	191
0	1
20	196
0	70
6	1
5	9
365	9
0	1041
349	699
0	490
0	1000
0	449
2	0
1	0
2	0
128	0
15	0
0	148
0	103
28	148
554	0
351	0
340	295
49	295
2	108
0	697
1	348
0	596
778	92
2	92
0	10
125	2727
8	2727
3	0
9	3
175	0
5	9
7	9
6	0
2	132
5	132
2	90
1	0
3	5
13	38
5	72
14	134
0	20
0	139
4	92
1	44
8	0
4	0
0	99
8	22
0	0
3	0
2	0
3	0
4	0
2	0
15	0
3	0
4	0
6	0
1	0
6	0
125	0
2	0
1	0
0	0
1	0
0	0
2	0
1	0
10	0
3	0
4	0
2	0
4	0
0	0
1	0
6	194
48	194
0	0
1	0
4	0
0	0
2	0
4	0
9	0
3	0
11	0
4	0
1	2
17	2
5	21
0	12
2	16
26	0
4	0
6	0
9	0
45	8
3	8
5	8
12	0
3	3
0	3
2	0
0	0
46	0
6	0
16	0
3	0
2	0
3	0
6	0
12	0
1	0
3	0
2	0
1	0
6	0
2	0
28	0
5	0
6	0
2	0
16	0
2	0
0	0
1	0
0	0
4	0
7	1
2	0
1	0
0	0
5	0
4	0
9	0
3	0
4	0
0	0
2	0
0	1
2	1
5	0
7	0
2	0
0	15
0	15
0	0
2	0
0	0
1	0
0	0
1	0
1	0
58	0
23	0
12	0
2	0
25	0
6	0
2	0
10	1
3	1
8	0
3	0
11	0
1	0
0	0
3	101
14	101
0	105
8	105
4	107
2	0
4	1
1	41
8	41
10	0
15	0
4	0
3	0
0	0
2	0
10	0
0	0
1	0
99	0
14	0
47	7
2	0
0	0
3	0
2	0
0	0
6	0
4	0
8	0
4	0
0	0
0	0
1	0
6	2
0	2
3	0
5	0
5	0
0	0
5	0
0	0
0	1
2	2
7	0
3	0
1	0
0	0
3	0
5	0
1	0
2	0
8	0
27	0
2	0
1	0
1	0
8	0
3	0
23	0
3	0
11	1
2	0
9	0
5	0
0	0
4	0
5	0
1	0
10	0
8	0
3	0
3	0
0	1
0	1
6	0
1	0
2	0
2	0
2	0
0	0
4	0
7	0
4	0
2	0
5	0
2	0
4	0
0	3
1	3
2	0
1	0
10	0
7	0
3	0
2	0
5	0
2	0
4	0
8	0
4	0
4	0
2	0
5	0
1	0
1	0
3	0
3	0
6	0
6	0
4	0
10	0
2	0
6	0
4	0
3	0
9	0
3	0
2	0
2	0
7	0
2	0
8	0
26	0
0	4
16	4
2	0
3	1
1	0
6	0
1	0
0	0
7	0
5	0
4	0
1	0
1	0
3	0
5	0
2	0
1	0
7	0
4	0
41	0
6	0
8	0
3	0
18	0
0	4
4	4
35	0
0	0
38	0
16	0
3	0
4	0
2	0
2	0
6	0
3	0
0	0
1	0
1	0
5	0
4	4
7	0
2	0
4	0
2	0
1	0
2	0
2	0
8	2
4	0
25	2
0	5
0	5
3	1
3	1
2	0
3	0
2	1
0	1
0	1
0	0
20	2
14	0
5	0
0	0
6	0
23	0
7	0
0	0
0	0
3	0
12	0
0	0
8	0
4	0
64	0
7	0
10	0
7	0
2	0
8	0
0	0
13	0
8	0
2	0
6	0
14	0
5	0
3	0
0	0
7	0
4	0
3	0
6	0
196	0
10	1
19	0
6	0
3	0
10	0
4	0
0	98
0	98
17	3
7	0
2	0
14	0
4	0
0	0
2	0
3	0
0	2
1	2
1	0
5	0
0	0
0	1
2	1
2	0
0	0
3	0
6	0
5	0
2	0
1	3
1	3
6	0
3	0
14	0
2	0
22	0
10	6
0	6
12	0
4	0
1	0
0	21
3	21
2	0
0	180
4	179
3	180
2	0
12	0
18	0
2	0
1	7
3	7
3	1
18	0
0	0
1	0
2	0
2	0
89	0
71	0
1	0
0	0
3	0
64	0
2	0
0	0
5	66
7	66
3	0
5	0
4	0
2	3
3	3
3	0
2	0
2	0
2	0
1	0
2	0
2	1
4	0
2	0
2	0
2	6
0	6
3	0
1	0
3	0
2	0
0	0
5	0
4	0
2	0
4	0
0	0
1	0
1	0
1	0
1	0
1	0
1	0
2	0
2	0
1	0
1	0
2	0
2	0
0	0
3	0
1	0
6	0
1	0
1	0
0	0
2	0
0	0
7	0
3	0
2	0
1	0
0	0
0	0
1	0
0	1
1	0
0	0
2	0
6	0
1	0
1	0
1	0
2	0
1	0
1	0
5	0
5	0
3	0
7	0
0	0
1	0
2	0
2	0
1	0
0	0
3	0
5	0
3	0
2	0
2	0
1	0
0	0
7	0
5	0
4	0
3	0
4	0
2	0
2	0
5	0
4	0
0	0
3	0
3	0
4	0
4	0
5	0
1	0
3	0
0	0
13	0
2	0
11	0
1	0
5	0
3	0
8	90
13	90
7	0
4	0
0	0
0	0
3	0
2	0
14	2
3	0
20	0
0	0
4	0
3	0
2	0
7	0
0	2
3	2
4	0
4	0
1	0
1	0
0	0
10	1
31	1
35	0
5	0
3	0
5	0
8	0
5	0
6	0
3	0
4429	2
5	0
12	0
14	0
1	0
3	0
73	0
223	4
435	0
3	0
20	0
2	0
6	4
0	4
14	0
4	0
4	0
16	0
4	0
0	54
25	54
32	0
8	0
7	0
8	0
11	0
43	0
6	0
2	0
1	0
0	0
22	0
2	0
6	0
3	0
3	0
1	0
1	0
0	5
0	5
0	4
0	5
0	5
0	5
2	0
11	0
2	0
0	0
0	0
32	1
27	0
12	0
18	0
0	0
2	0
9	0
1	0
1	5
3	0
2	0
0	0
3	0
4	0
2	0
0	0
4	0
4	0
4	0
12	0
5	0
5	0
2	0
1	0
13	0
4	0
6	0
3	0
0	0
2	0
1	0
1	0
8	0
4	0
58	0
3	0
2	0
3	0
11	0
1	0
4	0
10	0
0	0
5	0
1	0
5	0
7	0
4	0
2	0
9	0
6	0
2	0
3	0
2	0
4	0
2	0
3	0
19	0
14	0
11	0
3	0
0	0
5	0
3	0
2	0
2	0
1	0
4	0
3	0
3	0
2	0
1	0
4	0
4	0
5	0
6	0
6	0
4	0
2	0
14	0
4	0
3	0
3	0
4	0
2	0
0	6
0	6
2	0
2	0
2	0
11	0
4	0
14	0
4	0
6	0
3	0
11	0
2	0
3	0
1	0
3	0
2	0
1	0
17	0
2	0
2	0
3	0
78	0
0	0
1	0
3	0
0	0
1	0
2	0
2	0
22	0
1	0
1	0
14	0
0	0
5	0
3	0
5	0
1	0
1	0
4	0
6	0
0	0
7	0
1	0
3	0
5	0
9	0
1	0
3	0
0	0
4	0
4	0
4	0
3	0
6	10
3	10
6	3
5	0
3	0
4	0
8	0
4	0
0	2
2	2
2	0
0	0
1	0
1	0
3	1
4	0
3	0
4	6
1	0
2	1
2	1
7	0
1	0
7	0
12	0
4	0
1	0
4	0
1	0
20	0
0	0
3	0
1	0
1	0
3	0
3	0
9	0
2	0
2	0
7	0
5	0
4	0
1	0
2	0
3	0
2	0
5	0
1	0
3	0
1	0
0	0
1	1
2	0
1	0
2	0
2	0
2	4
4	0
3	0
1	0
2	0
0	0
2	0
7	0
4	2
2	0
2	0
5	0
3	0
1	0
11	0
2	0
3	0
0	0
1	0
0	0
9	0
3	0
1	0
7	4
3	0
5	0
1	0
6	0
2	0
4	0
2	0
2	1
2	0
2	0
4	0
3	0
6	0
0	0
3	1
2	1
3	0
4	0
2	0
0	0
4	0
4	0
2	0
4	0
4	0
2	0
7	0
2	0
6	0
1	0
3	0
6	0
0	0
5	0
2	0
0	0
9	0
5	0
3	0
2	0
2	0
2	0
1	0
2	0
2	0
5	0
1	0
4	0
6	0
1	0
4	0
1	0
7	0
2	0
1	0
1	0
5	0
57	0
2	0
4	0
3	0
0	0
2	3
0	3
4	0
13	0
3	0
2	0
1	0
3	0
3	0
1	0
6	0
7	0
5	0
2	0
12	0
5	0
2	0
23	21
0	21
2	0
0	0
3	0
8	0
8	0
5	0
0	0
3	0
1	0
1	0
4	0
16	0
1	0
2	0
0	3
2	1
4	1
2	0
0	0
6	0
1	0
4	0
5	0
2	8
1	8
4	0
4	0
6	0
2	2
7	0
4	0
3	0
2	0
2	0
11	0
8	0
5	0
3	0
1	0
5	0
3	1
6	0
2	0
0	0
4	0
5	0
1	0
2	0
4	0
0	0
2	0
1	0
2	0
3	0
6	0
5	0
7	0
6	0
3	0
0	4
0	4
7	2
2	0
0	3
0	3
2	0
0	0
16	0
3	0
2	0
1	1
0	0
3	0
4	0
5	0
3	0
2	0
4	0
8	0
8	0
3	0
7	0
53	0
1	0
2	0
3	0
2	0
1	0
6	104
6	104
5	0
6	0
4	0
9	0
1	0
5	0
2	0
3	0
3	0
1	0
12	0
2	0
6	0
3	3
2	3
1	0
3	0
2	0
4	0
1	0
1	0
2	0
0	1
0	1
1	0
4	0
6	0
0	0
0	0
7	0
3	1
3	0
3	0
0	0
5	0
2	1
4	0
4	0
0	0
6	0
4	0
1	2
2	2
5	0
4	0
6	0
2	0
3	3
2	3
32	9
0	9
1	0
3	0
2	0
1	0
7	0
1	0
7	1
0	1
3	0
5	0
3	0
5	0
11	0
1	0
5	0
2	0
2	1
2	0
5	0
2	0
1	0
2	0
2	0
2	0
7	0
4	0
3	0
0	0
1	0
0	0
1	0
2	0
8	1
0	1
2	0
3	0
1	0
22	0
2	0
3	0
9	0
1	0
0	0
6	0
4	0
6	0
1	0
0	0
17	0
1	0
1	0
3	0
1	0
5	0
2	0
9	5
2	0
4	0
5	0
5	0
3	0
0	4
6	0
1	0
13	0
4	0
5	0
5	0
3	4
0	4
26	0
5	0
12	0
4	0
5	0
3	0
2	0
4	0
1	0
0	0
5	0
0	0
1	0
0	0
5	0
5	0
1	0
3	0
3	0
3	2
2	0
5	0
2	0
0	0
1	0
1	0
3	0
2	0
7	0
2	0
1	0
5	0
4	0
120	0
8	0
2	0
8	0
3	0
27	8
14	5
4	0
9	0
3	0
4	0
9	0
10	0
5	0
2	0
1	0
5	0
0	0
3	0
1	0
0	0
10	0
0	0
0	1
1	0
5	0
4	0
3	0
0	2
1	0
7	0
1	0
2	0
0	0
2	0
12	0
0	0
7	0
11	0
4	0
5	0
11	0
2	0
5	0
1	0
15	0
2	0
2	0
2	3
1	3
1	0
7	0
3	0
12	0
6	8
0	0
10	0
4	0
2	0
2	0
3	0
15	2
4	0
7	2
9	0
2	0
1	0
0	0
4	0
0	1
0	1
6	0
1	0
3	0
4	0
0	0
3	0
9	1
11	0
2	0
2	0
5	0
3	0
3	0
5	0
2	0
1	0
2	0
2	0
8	0
5	0
2	0
5	0
8	0
9	0
1	0
4	0
12	0
3	0
0	5
0	116
0	104
0	105
0	115
37	190
41	190
1	0
35	0
0	0
0	0
3	0
25	0
38	0
42	0
21	0
1	1
0	1
85	0
8	0
1	0
3	332
60	545
0	257
2	521
9	520
3	0
2	0
0	0
0	0
78	23
2	23
1	0
7	0
2	60
55	60
1	0
1	0
3	8
6	8
1	3
0	3
0	3
8	0
0	3
40	0
0	0
6	4
41	4
417	0
6	0
102	19
0	19
17	0
97	0
3	0
4	0
15	1
0	1
1	2
2	117
9	115
14	2
3	3
0	39
0	42
0	25
0	22
7	0
3	1
2	0
1	0
23	0
1	6
4	6
2	10
15	35
0	35
22	1
22	124
117	124
179	47
7	47
202	0
338	0
0	0
5	0
2	27
3	27
16	30
10	91
170	91
2	0
6	0
5	16
31	16
1	282
15	281
0	19
2	163
59	163
2	19
4	0
11	0
0	12
3	327
1	327
72	0
5	1
2	1
0	1
0	0
2	0
15	3
2	3
18	0
0	0
162	0
11	0
2	0
10	10
4	0
3	0
2	0
3	0
1	0
1	0
83	10
1	10
88	0
81	127
4	127
13	0
2	0
5	28
4	28
33	0
6	107
0	113
2	105
6	3
0	3
326	0
1	21
1	21
0	0
0	0
2	0
26	0
1	0
5	0
52	0
16	0
7	0
1	15
2	15
3	5
1	5
0	68
0	71
0	60
0	79
144	0
18	0
11	1
9	0
75	0
4	0
45	0
4	0
0	2
0	116
14	116
2	116
71	0
102	0
2	0
48	0
0	5
67	5
13	0
17	0
2	12
6	12
1	60
5	60
1	56
3	5
0	5
19	245
44	245
0	0
4	1
111	0
1	0
17	0
28	2
2	0
1	18
13	0
6	1
19	0
11	0
6	55
96	55
16	0
4	7
0	7
1	2
0	11
5	11
5	1
1	1
2	0
0	28
1	55
53	55
2	0
4	0
0	1
0	3
3	3
6	0
0	2
12	2
2	1
3	1
19	1
393	2
1	12
0	12
0	365
1	581
3	584
30	597
0	0
2	37
5	37
13	11
2	11
10	5
6	5
29	0
1	1
124	67
0	67
4	0
0	0
1	0
29	78
0	78
55	15
3	15
8	0
1	0
87	0
2	0
0	0
1	0
3	0
1	0
1	0
0	0
3	0
5	0
3	0
3	0
1	0
2	2
2	2
5	0
1	0
4	0
4	0
7	0
2	3
4	0
3	0
0	0
2	0
1	0
3	0
4	0
3	0
0	0
3	0
0	0
4	0
3	0
3	0
4	0
2	0
9	0
6	0
2	0
7	0
1	0
1	0
1	0
0	0
2	0
7	0
25	0
2	1
0	1
3	0
5	0
0	0
1	0
1	0
2	0
3	0
8	0
5	0
2	0
2	0
0	0
3	0
1	0
0	0
2	0
3	0
5	0
2	0
8	0
0	0
3	0
1	0
5	0
8	0
1	0
2	0
4	0
2	0
11	0
2	0
1	0
1	0
6	0
8	0
4	0
0	0
4	1
11	0
3	0
2	0
2	0
0	0
3	0
2	0
7	0
4	0
3	0
8	2
2	1
0	1
2	0
1	0
1	0
4	0
6	0
0	0
0	0
3	0
2	0
7	0
4	0
2	1
2	0
2	0
4	0
4	2
2	0
8	0
5	0
2	0
8	0
6	0
3	0
2	0
0	0
1	0
0	0
5	0
3	0
1	0
2	0
0	0
4	0
0	20
1	20
0	0
2	0
4	0
6	0
4	0
4	0
3	0
12	0
1	0
1	0
2	0
4	0
3	0
3	0
4	0
4	0
0	4
33	4
5	17
1	17
9	0
282	0
2	0
1	0
1	0
2	0
4	3
1	0
1	0
1	0
0	0
1	0
1	0
3	0
6	0
1	0
4	0
254	0
6	0
3	0
2	0
9	0
0	0
0	0
5	0
15	0
14	0
1	0
61	4
2	0
5	0
3	0
0	4
4	4
3	38
1	38
7	0
2	0
3	0
2	0
3	0
12	0
1	5
0	5
0	0
1	0
3	0
2	0
0	2
0	1
6	2
1	0
2	0
1	0
1	0
4	0
5	0
3	0
4	0
3	0
4	0
4	0
7	0
2	0
8	0
2	0
7	0
2	0
2	0
1	0
25	0
2	0
7	0
186	0
5	0
1	0
13	1
2	0
8	0
2	2
0	2
33	0
4	0
1	0
3	0
16	0
6	0
1	2
1	2
43	0
16	0
78	0
0	125
0	125
0	125
4	0
0	0
4	1
0	1
78	0
2	0
3	0
2	0
0	0
4	0
3	0
13	0
15	0
1	0
1	0
2	0
68	0
6	6
4	0
7	0
3	0
1	0
3	2
0	2
6	0
0	0
2	0
3	3
4	3
4	0
7	0
9	0
5	0
2	0
1	5
11	0
7	0
0	0
3	0
0	0
0	0
4	0
9	0
3	7
2	7
9	0
3	4
10	0
1	0
5	0
2	0
30	0
24	0
1	0
5	0
2	0
5	4
0	4
5	0
4	0
0	0
206	0
2	0
2	0
0	2
0	2
1	0
10	0
220	0
6	1
8	4
6	3
0	46
5	22
39	27
0	67
0	42
3	61
0	71
40	4
0	1
29	0
113	0
105	0
0	82
0	71
1	66
0	94
0	84
0	81
0	69
0	63
0	48
0	101
0	63
0	86
16	19
1	99
0	70
1	15
3	22
137	47
0	47
5	487
76	485
4	487
4	99
4	99
0	3
0	50
2	50
84	0
0	82
37	141
3	2
4	97
14	44
2	0
30	25
9	1
20	25
76	328
3	168
0	160
53	1
193	47
3	46
2	1
4	0
8	0
0	9
14	9
37	12
0	12
50	491
1	357
0	134
1	0
524	0
5	0
3091	2
0	12
1	12
129	0
3	0
51	0
1	4
17	0
4	855
14	741
4	9
88	855
9	868
2	0
269	174
0	174
0	288
0	288
0	256
0	183
0	215
0	229
0	193
0	266
0	302
0	215
0	7
214	7
1	5
1	5
3	3
15	10
598	7
0	7
0	504
106	504
0	2
145	0
5	0
43	5
0	0
1	0
52	0
93	0
45	0
4	0
0	26
6	151
4	151
84	0
2	106
3	84
2	21
0	106
12	0
1	0
3	0
4	21
57	22
0	17
1	173
2	666
1	1
387	684
89	0
7	120
5	120
2	2
63	32
0	32
1	0
0	57
0	30
0	54
0	19
0	24
0	33
39	9
93	9
34	5
3	14
2	14
30	595
9	595
0	648
0	648
6	4
0	3
0	3
1	6
2	7
4	0
3	104
1	2
6	85
0	127
2	0
5	76
0	19
7	19
2	0
7	0
10	85
44	96
0	11
1	0
156	0
12	313
1	313
0	56
30	56
374	0
522	0
0	85
0	84
0	349
0	356
0	332
0	373
8	64
3	1
11	483
4	483
4	0
0	107
0	329
0	107
0	329
0	295
3	131
1	326
233	457
21	0
23	7
76	189
6	182
2	0
2	0
0	3
5	3
1	242
7	242
111	412
0	4
15	412
1	1
38	5
22	0
2	187
139	187
389	4
7	90
0	90
0	0
122	0
1	7
18	7
64	0
164	0
3	0
0	93
116	93
36	0
2	0
3	28
7	28
26	4
7	4
10	0
210	0
155	0
10	117
65	117
3	33
23	0
73	129
102	129
25	0
26	13
8	13
6	84
7	84
2	0
7	137
2	209
31	209
1	30
0	20
1	52
1	0
1	0
3	55
2	29
5	54
3	2
2	8
8	9
1	4
3	0
35	0
5	0
96	0
700	659
4	659
1	32
4	74
4	245
0	48
0	244
0	166
0	126
0	164
0	86
0	27
0	27
0	0
2	0
329	0
3	250
5	250
4	7
0	7
260	246
11	246
4	0
4	13
0	20
10	0
0	102
0	15
0	61
0	148
3	0
21	118
16	118
492	5
0	68
1	0
9	560
1	615
10	564
25	678
68	0
198	0
8	0
198	7
4	7
1	0
0	0
77	0
103	0
5	27
2	27
139	0
28	0
8	0
21	0
2	138
216	138
3	0
0	372
0	369
0	87
0	84
59	0
5	0
10	5
1	3
2	1
1	0
1	0
0	4
2	0
5	1
0	5
2	2
0	2
0	5
0	2
3	254
66	728
4	728
4	0
13	257
0	308
0	278
0	343
6	168
0	302
6	0
28	0
6	0
203	0
20	4
1	1
1	2
12	6
0	3
1	4
130	2
0	1
17	307
11	90
20	217
14	1
126	583
93	583
5	109
5	111
0	217
18	215
1	0
4	0
47	11
0	11
130	78
0	71
0	12
11	12
26	279
8	311
11	1
287	311
9	159
5	0
0	306
0	203
0	290
0	306
0	282
0	279
0	293
0	285
0	117
0	296
0	203
0	220
0	0
1543	1161
57	1166
86	0
4	0
0	0
69	30
8	30
0	0
0	4
420	4
362	0
0	24
26	24
13	200
22	200
44	6
15	0
1	0
0	0
5	1
3	2
2	7
0	7
19	163
67	432
11	6
29	432
716	0
1	0
24	18
2	18
11	0
0	33
0	0
0	35
0	29
0	12
0	38
0	42
0	39
0	16
6	0
22	743
40	743
4	0
3	0
5	0
4	0
4	0
2	0
3	0
1	0
8	0
4	0
7	0
3	0
10	0
3	0
43	0
2	0
8	0
3	0
3	0
5	0
3	0
2	0
2	0
8	0
14	0
1	0
1	0
8	0
3	0
1	0
4	0
7	0
1	0
3	0
33	0
1	0
3	0
1	0
1	0
5	0
1	0
2	0
1	0
3	0
5	0
3	0
3	0
24	0
11	0
3	0
2	0
9	0
2	0
6	0
19	0
3	0
8	0
6	0
6	0
4	0
4	0
6	0
2	0
20	0
1	0
1	0
16	0
3	0
3	0
6	0
5	0
3	0
4	0
4	0
4	0
5	0
1	0
3	0
2	0
1	0
3	0
2	0
0	0
11	0
7	0
5	0
2	0
1	0
4	0
1	0
6	5
1	0
1	0
3	0
5	0
4	0
1	0
5	0
14	0
2	0
3	0
1	0
6	0
212	0
0	439
22	91
0	446
0	454
0	447
77	0
2	226
473	575
0	575
22	591
3	591
2	91
1	0
3	0
0	1
26	1
0	35
1	131
21	131
132	0
7	213
2	90
46	303
3	0
6	158
0	21
4	153
0	213
17	59
2	79
5	79
0	15
258	15
6	0
117	570
2	40
28	266
11	351
14	0
0	0
1	0
4	1
2	1
5	8
119	8
2	31
2	31
0	7
2	1
1	0
0	4
0	4
1	3
0	1
73	1
0	11
4	11
130	0
0	3
33	3
16	3
29	681
24	681
141	14
0	14
0	0
1	1
0	387
0	392
0	391
0	386
0	386
0	381
1113	0
34	90
2	90
1	149
1	50
2	153
4	44
9	195
5	197
29	0
0	0
17	0
86	967
27	967
58	25
356	0
0	25
2	0
0	158
0	158
0	163
0	153
2	0
2	0
0	477
0	474
0	407
0	429
0	455
0	452
0	226
0	259
0	298
0	331
5	0
3	0
0	0
3	4
0	122
0	127
36	140
0	283
0	293
0	280
0	137
0	278
0	124
160	0
0	19
0	2
0	423
3	424
4	393
102	0
184	0
342	0
597	6
0	6
0	15
117	15
147	55
5	50
10	343
28	343
0	1
180	272
2	272
55	219
0	430
94	430
4	0
3	1
2	0
2	8
10	10
0	10
0	10
4	1
0	741
14	714
1	112
1	117
18	568
2	695
4	522
0	758
0	0
17	182
0	206
3	423
3	429
2	440
0	457
2	248
2	0
5	0
0	78
337	78
0	2
9	0
0	394
0	425
22	469
0	482
1	513
232	0
7	11
9	56
0	85
108	92
2	21
0	364
0	253
1	399
0	410
1	366
0	292
156	433
56	47
1	47
1	36
1	36
2	0
0	0
2	7
1	7
3	125
7	125
15	73
2	40
56	83
0	83
10	54
30	0
88	0
173	3
0	67
0	74
4	71
0	24
0	22
22	0
6	72
0	72
42	0
0	0
0	0
0	0
4	45
18	89
4	44
3	15
2	238
48	283
39	614
14	334
21	0
281	0
0	25
5	26
5	25
0	656
1	306
0	688
0	663
0	658
0	686
0	661
8	0
8	0
6	0
3	739
22	739
0	14
0	10
0	140
235	0
0	0
152	14
84	0
1	2
0	128
4	107
1	126
3	107
0	7
0	0
17	0
2	0
1	0
2	0
168	2
88	3539
1807	4404
21	4342
0	161
0	169
0	164
0	156
141	65
4	65
0	230
0	141
0	239
30	40
0	195
0	220
0	156
0	157
0	180
0	237
0	208
0	238
2	256
0	256
0	247
3	23
6	0
587	3990
367	5715
356	5536
17	1479
0	281
0	145
0	326
0	311
0	332
0	296
4	77
0	302
4	124
0	348
0	318
0	77
0	107
200	111
2	111
0	27
21	384
4	384
38	0
203	0
3	0
20	0
24	364
23	364
5	0
0	3
9	3
2	0
0	2
0	2
0	0
3	0
3	0
4	1
2	0
2	4
0	18
0	4
0	8
2	5
0	19
6	3
2	0
0	4
1	707
0	1081
0	1457
0	8
9	618
5	1155
0	1474
0	1337
0	1479
0	675
0	1091
0	1401
15	0
3	0
0	46
3	46
53	0
4	160
3	10
778	237
0	227
1	221
243	0
0	780
13	1151
20	1174
1	415
84	615
25	730
1	13
16	1189
2	0
15	0
17	0
5	0
2	5
85	0
14	30
0	30
0	0
58	0
9	100
9	40
5	100
17	0
45	0
33	0
2	0
4	0
1	0
5	1
1	1
0	232
6	232
177	0
19	0
13	227
2	223
0	223
3	220
0	2
16	209
3	4
24	0
2	0
22	163
8	163
2	0
0	0
5	0
24	0
0	38
0	0
11	38
2	9
2	429
0	627
146	82
0	620
19	47
0	657
1	575
0	650
2	0
278	525
6	508
1	17
8	0
2	1
3	0
2	218
87	256
35	233
2	1
0	1
0	250
0	248
0	256
0	258
0	87
0	86
0	156
0	187
0	1425
1	5
0	1424
3	4
0	1425
0	1425
3	0
5	30
11	30
2	1
16	1
2	380
7	503
0	548
0	191
0	180
0	537
11	347
6	347
6	5
2	0
8	5
1	1
6	13
1347	0
0	1
16	15
2	0
2	0
0	422
92	422
3	0
2	0
166	0
0	63
6	63
0	522
0	515
0	494
0	428
0	527
0	249
0	254
0	489
0	440
0	433
0	496
0	435
0	520
0	501
13	0
0	82
33	82
0	82
0	82
33	116
1	401
0	292
0	401
6	400
89	1397
0	1540
466	435
0	292
0	292
0	401
0	82
0	82
0	292
0	82
0	292
0	82
0	82
1	401
4	0
5	0
14	274
0	274
0	5
182	6
1	67
0	1
20	1
4	67
8	0
168	0
3	9
0	9
62	0
3	4
95	0
50	0
0	39
0	173
5	78
0	249
0	247
0	323
1	0
4	10
162	0
8	0
19	0
50	0
5	1
0	811
0	300
0	252
0	763
10	0
13	0
4	0
13	0
0	0
3	0
3	0
335	0
2	22
21	64
0	0
0	64
1	26
404	44
5	43
1	1
6	0
13	0
14	0
3	106
0	5
15	106
3	104
49	0
0	0
28	0
2	11
0	131
0	67
0	125
0	189
0	124
0	182
8	0
2	33
0	33
94	0
14	61
4	61
602	125
0	125
4	121
4	121
1	21
8	18
10	50
1	54
6	2
13	22
0	14
165	0
0	44
1	44
0	1
3	476
1	1
122	476
0	73
0	0
139	102
0	29
24	0
0	0
23	0
62	0
4	0
2	0
2	0
2	0
4	6
0	6
15	1
0	1
0	1
16	1
41	0
4	0
0	1
6	1
3	5
1	4
1	2
3	17
0	16
0	144
0	160
0	139
0	155
259	0
4	127
495	127
64	0
54	0
377	201
2	201
7	960
0	2
122	960
2	94
35	610
10	207
60	811
2	212
0	295
3	0
0	120
0	153
0	226
0	229
0	19
0	22
4	221
215	237
3	237
0	0
0	106
0	5
450	111
17	0
59	4
357	0
9	0
4	40
3	85
0	27
0	80
1	116
0	63
0	116
1	0
0	0
4	0
10	1
8	0
2	0
13	0
4	0
0	36
0	36
0	36
5	0
1	0
3	0
12	0
0	0
3	0
7	0
0	0
9	0
17	0
4	0
3	0
2	0
5	0
3	0
1	17
85	18
2	0
29	0
4	0
5	1
1	0
3	0
34	0
7	0
2	0
0	0
3	0
5	0
3	0
1	0
2	0
26	0
9	0
12	0
31	0
18	0
13	0
3	0
10	0
16	0
3	0
3	0
2	0
2	0
1	0
1	0
5	6
5	0
5	0
159	0
2	0
12	0
1	0
7	1
2	0
1	0
3	0
5	0
2	0
2	0
17	1
4	0
3	0
3	0
0	2
7	2
7	0
20	0
7	0
6	0
1	0
5	0
8	0
2	0
3	0
4	0
5	2
2	0
5	0
10	0
21	0
1	0
4	0
76	0
2	0
2	13
0	13
1	4
2	0
4	0
6	0
7	0
0	0
3	0
8	0
2	0
5	0
6	0
1	2
5	0
2	0
14	0
312	0
2	0
3	0
5	0
3	0
5	0
16	0
5	0
11	0
2	4
5	0
2	0
27	6
2	0
0	0
24	0
5	0
1	0
2	0
2	0
7	0
2	0
1	0
7	0
12	0
2	0
3	4
5	0
2	0
4	0
8	1
2	0
1	0
3	0
4	0
164	0
5	0
6	0
18	0
2	0
0	0
2	0
1	0
3	0
9	0
2	0
4	0
3	0
4	0
2	0
5	0
14	0
8	0
3	0
1	0
8	3
2	0
6	0
9	0
2	39
3	39
4	0
4	0
3	0
6	0
3	0
4	0
8	0
126	0
2	0
1	0
11	0
1	0
10	0
5	0
7	0
14	0
6	0
3	0
2	0
1	0
5	0
3	0
11	0
5	0
9	0
5	0
0	0
4	1
1	0
4	0
8	0
4	0
1	0
3	0
1	0
2	0
1	0
3	0
1	0
3	0
3	0
0	0
1	0
2	0
4	0
1	0
1	0
0	3
0	3
3	0
2	0
3	0
6	0
3	0
1	0
2	0
0	0
3	0
3	0
5	0
1	0
1	0
2	0
2	0
2	0
1	0
2	0
3	0
3	0
2	0
3	0
2	0
4	0
1	0
1	0
3	0
4	0
2	0
2	0
1	0
1	0
3	0
2	0
1	0
1	0
3	1
1	0
1	0
3	0
3	0
2	0
1	0
3	0
2	0
1	0
1	0
3	0
3	0
2	0
2	0
1	0
3	0
2	0
2	0
1	0
3	0
2	0
1	0
2	0
3	0
7	0
0	0
1	0
2	0
1	0
4	0
3	1
2	0
5	0
4	0
1	0
2	0
1	0
2	0
1	0
6	0
2	0
3	0
4	0
1	0
1	0
1	0
2	0
5	0
2	0
2	1
3	0
3	0
10	0
6	0
4	0
0	0
3	0
0	0
0	0
4	0
1	0
3	0
1	0
1	0
1	0
2	0
3	0
3	0
1	0
3	0
7	42
0	42
1	0
7	0
1	0
3	1
0	1
1	0
2	0
10	0
1	0
2	0
0	3
0	3
1	1
0	1
12	0
0	0
10	0
2	0
52	0
0	0
2	0
297	0
63	0
46	28
0	28
100	0
152	0
2	10
2	27
4	27
0	7
9	0
20	0
1	0
62	0
0	0
39	0
7	0
7	0
3	0
1	109
1	108
0	108
1	108
0	2
6	2
0	2
1	2
5	0
7	0
9	0
33	0
47	0
48	0
2	2
3	2
0	0
3	79
12	68
7	0
0	0
14	0
0	12
2	12
32	0
8	0
6	0
5	0
0	0
15	0
3	0
1	37
26	105
7	93
1	12
28	0
2	0
4	4
2	4
1	0
3	0
1	14
0	14
0	0
35	45
17	45
20	20
1	20
1	5
7	20
37	31
4	14
2	2
2	2
0	7
0	7
27	0
11	0
13	0
1	0
4	0
8	0
4	0
1	0
181	0
4	0
1	14
4	14
15	0
1	0
0	11
0	11
1	11
1	0
2	81
62	72
15	0
9	2
0	2
4	0
6	2
5	0
1	0
17	0
7	0
2	0
4	0
16	0
109	0
3875	3
4	3
2	3
0	0
0	0
0	1
0	1
1	0
166	0
2	0
4	0
25	0
3	0
16	0
1	0
3	0
4	50
6	50
0	2
17	2
18	0
19	0
0	0
3	0
7	0
5	0
95	0
53	0
51	0
40	0
2	0
33	0
177	0
16	15
3	3
2	3
2	0
5	0
3	0
13	59
2	18
2	41
2	0
73	0
0	0
2	1
2	1
9	0
1	0
0	0
25	0
27	0
3	0
6	0
0	0
1	0
5	18
2	18
219	0
2	98
19	98
0	0
0	1
53	1
34	0
14	0
5	0
8	1
56	14
0	0
2	14
0	0
30	34
2	34
11	0
0	0
22	6
2	6
0	21
11	22
0	1
4	0
9	0
15	3
1	0
28	0
6	0
4	0
7	0
4	0
7	0
243	0
2	0
2	2
5	0
0	0
0	2
1	2
1	0
32	0
66	0
7	0
7	0
3	0
1	0
0	12
2	12
7	0
3	0
13	1
3	0
4	0
6	0
10	0
7	0
0	0
1	0
5	0
2	0
4	0
3	0
7	0
10	0
2	0
3	0
4	0
0	0
1	0
0	0
4	2
1	0
2	0
12	0
5	0
5	0
12	0
2	0
3	0
2	0
13	0
7	0
0	0
4	0
133	63
2	63
0	0
2	0
0	0
1	0
1	0
7	0
5	0
2	0
3	0
2	0
3	0
6	0
1	0
4	0
3	0
2	2
3	2
5	0
12	0
0	0
15	0
12	0
6	0
2	0
5	0
1	0
2	0
14	0
2	0
3	0
10	0
4	0
1	0
1	0
2	0
2	0
2	0
2	0
2	0
6	0
5	0
4	0
2	0
3	0
2	0
2	2
0	2
6	0
7	0
8	0
2	0
0	0
5	0
7	0
5	0
2	10
0	10
1	0
2	0
9	0
7	0
4	0
3	0
3	0
7	1
2	0
2	0
1	2
0	2
1	0
3	0
3	0
0	0
1	0
3	0
3	0
1	0
2	0
2	0
0	0
5	0
3	0
5	0
3	0
0	0
0	0
4	0
0	0
0	0
4	0
9	0
2	0
0	0
3	0
10	0
0	0
3	0
4	9
4	9
12	49
5	49
5	0
3	0
5	0
1	0
4	0
3	0
3	0
5	0
2	0
4	0
18	0
2	0
6	0
1	0
2	0
9	0
5	0
12	0
0	0
2	0
5	0
2	0
3	0
4	0
8	0
1	0
0	0
3	0
3	0
3	0
1	0
4	0
3	0
2	0
3	0
20	0
3	0
4	0
3	0
7	0
1	0
2	0
3	0
3	0
3	0
8	0
2	0
7	0
4	0
1	2
0	2
1	0
5	0
4	0
5	0
7	0
2	0
0	0
31	0
6	0
8	0
1	0
3	0
5	0
8	0
1	0
3	0
0	0
8	0
0	0
7	0
1	0
2	0
15	0
2	0
3	0
1	0
6	0
6	0
4	0
8	0
1	0
2	0
9	0
3	0
3	1
7	0
6	1
3	0
2	0
4	0
5	0
7	0
3	0
1	0
3	0
8	0
2	0
1	0
3	0
10	2
2	0
2	0
1	0
13	0
6	0
3	0
3	0
5	0
2	0
0	0
1	0
0	0
3	0
4	4
2	0
6	0
3	0
1	3
0	3
3	0
1	0
2	0
1	0
6	0
4	0
5	0
5	32
0	32
57	0
2	0
3	0
4	0
8	0
1	0
4	0
2	0
4	0
4	0
3	0
0	0
6	0
4	0
2	0
1	2
5	0
7	0
1	0
3	0
1	0
4	0
2	0
4	2
1	2
0	5
2	5
3	0
4	0
3	0
2	0
6	0
4	0
16	0
3	0
2	0
2	0
3	0
0	0
1	0
17	0
3	0
0	0
2	0
1	0
1	0
1	0
3	0
2	3
2	3
9	0
9	0
0	0
6	0
14	0
0	0
3	0
7	2
2	0
0	0
6	0
5	0
2	0
5	0
1	0
0	0
0	0
18	12
0	12
2	0
5	0
1	0
3	0
3	0
4	0
3	0
1	0
2	0
1	0
3	0
3	0
6	0
6	0
5	0
10	0
1	0
2	0
3	0
0	0
5	0
11	0
4	0
6	0
6	0
2	0
4	0
0	0
4	0
5	0
2	0
4	0
8	0
13	0
0	0
2	0
1	0
2	0
9	0
39	0
5	0
18	0
5	0
8	0
1	0
5	0
7	0
4	0
4	0
0	1
2	1
5	0
3	0
5	0
0	0
0	0
6	0
14	0
0	0
3	0
1	0
3	0
21	0
5	0
3	0
2	0
5	0
3	0
5	0
0	0
2	0
5	0
1	0
4	0
1	0
0	0
3	0
7	0
14	0
9	0
1	0
148	0
3	0
3	0
8	0
1	0
2	0
5	0
5	0
5	0
2	0
15	0
2	0
3	0
1	0
16	0
1	0
12	0
11	0
3	2
4	2
6	0
8	0
10	0
2	0
15	0
1	5
0	5
3	0
4	0
7	20
0	20
1	0
4	0
2	0
3	0
11	0
6	0
21	0
2	0
111	7
22	0
2	291
205	291
20	3
1	3
0	3
4	0
93	0
4	0
1	0
93	2
10	0
7	0
2	0
165	0
3	1
0	0
2	0
0	0
0	0
6	0
0	2
8	2
4	0
0	125
1	125
1	17
20	0
0	3
5	3
1	0
0	0
5	0
0	9
3	9
0	0
111	152
16	194
45	340
0	3
70	4
17	0
1	0
6	0
3	0
4	0
46	4
0	2
4	2
3	0
18	0
0	5
1	5
1	0
15	0
12	0
1	0
3	0
4	0
36	0
17	0
8	0
3	1
2	7
2	7
247	133
4	133
0	2
5	0
0	0
13	22
5	22
19	0
8	0
1	13
0	13
124	0
2	0
958	0
141	0
0	63
0	64
1	64
3	30
26	0
15	0
47	32
3	32
4	27
2	0
0	329
30	399
3	70
14	12
2	12
1	12
351	0
3	1
16	0
0	12
0	6
0	26
0	32
7	47
5	47
1	0
6	0
3	0
3	0
4	0
4	0
13	0
4	0
0	3
12	3
14	0
27	0
20	0
0	1
0	1
3	0
13	0
1	0
1	0
7	93
170	93
297	0
6	0
2	0
0	6
0	6
1	17
31	17
13	1
137	1
329	0
0	21
7	21
9	0
23	0
9	0
4	0
8	0
4	0
0	0
1	0
0	5
0	5
4	0
0	0
1	0
40	1
5	0
2	0
0	0
3	0
37	4
0	4
0	3
2	0
0	3
8	0
0	0
2	2
0	2
0	145
93	145
17	0
10	3
1	3
0	0
13	0
3	0
4	0
10	0
14	0
0	0
1	0
1	0
0	0
26	0
4	0
1	32
13	32
3	3
9	3
13	0
3	0
1	0
91	0
58	0
7	0
7	0
7	0
11	0
6	6
0	5
15	1
87	0
0	2
17	0
0	2
1	0
2	0
2	0
0	0
3	0
516	0
172	0
0	0
5	0
3	0
105	0
1	0
31	0
0	7
0	166
2	136
0	68
2	0
1	0
1	44
0	53
4	108
5	108
10	10
0	10
7	0
0	0
7	0
41	0
15	4
4	5
0	5
3	0
5	0
7	0
4	0
5	0
88	0
2	0
5	0
1	0
2	0
5	2
7	0
1	0
1	0
0	0
5	0
5	0
1	0
4	0
25	0
1	0
0	0
4	0
16	0
2	0
3	0
1	0
2	0
2	0
6	0
2	0
4	0
1	0
1	0
3	0
2	0
3	0
3	0
8	0
25	0
2	0
4	0
7	0
6	0
3	0
3	0
10	0
1	0
3	0
6	0
6	0
1	0
1	0
6	0
1	6
1	6
2	0
12	0
4	0
8	0
3	0
36	0
4	0
3	0
0	0
1	0
7	0
2	0
16	0
0	0
18	0
4	0
2	0
2	0
1	0
5	0
6	0
0	0
5	0
2	0
1	0
20	0
4	0
3	0
2	0
3	0
2	0
3	0
2	0
3	0
5	0
2	0
2	2
3	2
5	0
5	0
4	0
8	0
3	2
2	0
0	0
5	0
2	0
0	0
2	0
2	0
3	0
10	0
3	0
4	0
1	0
0	0
6	1
1	0
0	0
5	0
3	0
2	0
1	0
0	0
3	0
2	0
13	1
4	0
1	0
6	0
3	0
1	0
1	0
4	0
1	0
3	0
3	0
2	0
2	0
8	0
3	0
2	0
3	0
1	0
3	0
1	0
1	0
2	0
3	0
9	0
3	0
2	0
3	0
2	0
4	0
3	2
1	0
4	0
10	0
5	0
6	0
1	0
6	0
3	0
2	1
2	0
6	0
4	0
2	0
1	0
0	1
1	1
2	0
2	0
2	0
3	0
10	0
2	0
0	0
3	0
2	0
4	0
3	0
2	0
0	0
6	0
4	2
1	1
4	0
1	1
0	1
5	0
3	0
3	0
7	0
1	0
7	0
2	0
3	0
3	0
3	0
3	0
0	0
3	0
3	6
4	6
3	0
3	0
3	0
9	0
5	0
4	0
2	0
46	0
2	0
1	0
13	0
1	0
4	0
1	30
1	30
5	0
3	0
34	0
4	0
3	0
1	0
19	0
9	0
10	0
4	0
3	0
2	0
8	0
2	0
2	0
1	0
3	0
8	0
1	0
3	0
4	0
6	0
0	0
5	0
3	0
3	0
1	1
0	1
1	0
4	1
2	0
3	0
2	0
5	0
1	0
9	0
0	0
2	0
8	0
2	0
11	0
18	0
2	0
1	0
2	0
8	0
12	0
0	0
4	0
2	10
2	10
3	0
3	0
2	0
3	0
3	0
2	0
3	0
2	0
3	0
3	0
1	0
5	0
3	0
1	0
6	0
1	0
3	0
2	0
5	0
2	1
7	1
8	0
4	0
3	0
16	0
248	0
6	0
2	0
3	0
20	0
0	0
4	0
14	0
0	0
2	0
2	0
3	0
3	0
3	0
3	0
9	3
1	0
7	0
0	0
8	0
3	0
39	0
4	0
3	0
6	0
1	0
5	0
0	0
8	0
7	0
0	0
4	0
0	0
1	0
5	0
20	0
12	0
2	1
4	0
14	0
4	0
3	0
21	0
13	0
2	0
2	0
7	0
4	0
2	0
8	0
4	0
0	0
1	0
5	0
1	0
3	0
1	0
2	5
0	5
18	0
2	0
3	0
0	0
3	0
3	0
2	0
4	0
24	1
2	0
2	0
3	0
2	0
6	0
1	0
1	0
0	1
1	1
1	1
5	1
6	0
2	0
2	0
1	0
2	0
5	0
3	0
3	0
2	0
3	0
7	0
19	0
13	0
9	0
5	0
2	0
12	0
8	4
5	0
3	0
4	0
4	0
2	0
2	0
3	1
2	0
0	0
1	0
5	0
1	0
2	0
0	4
0	4
6	0
2	0
2	0
1	0
2	0
4	0
31	0
7	0
2	0
4	0
4	0
3	0
0	0
0	0
0	0
2	0
1	0
4	0
3	0
5	0
4	0
1	0
3	0
2	0
2	0
1	0
2	6
1	6
3	0
6	0
2	0
3	0
2	0
22	0
2	0
6	0
7	0
5	0
10	1
14	0
1	0
1	0
3	0
12	0
1	0
1	0
7	0
4	0
0	7
5	7
1	5
17	5
13	0
0	7
2	7
6	0
0	0
3	2
0	2
1	0
4	0
6	0
7	0
37	0
0	3
2	3
4	0
4	0
1	0
27	6
0	6
62	0
1	0
3	124
1	124
13	0
3	0
3	0
7	2
1	0
4	0
6	0
2	0
5	0
4	0
0	0
2	0
0	0
1	0
6	0
1	35
0	35
6	0
6	0
3	0
15	0
12	0
4	0
23	0
10	0
4	2
0	2
0	2
3	0
8	0
2	0
4	0
0	0
2	0
1	0
4	0
0	0
2	0
0	5
1	5
6	0
4	0
10	0
2	0
1	0
5	0
1	0
0	0
6	0
4	0
3	2
5	9
4	0
49	0
2	2
2	2
0	0
0	0
0	0
0	0
2	0
15	0
11	0
0	0
1	0
0	0
1	0
16	247
9	266
0	239
11	0
2	0
1	0
1	0
6	0
7	0
4	1
0	29
13	29
8	0
1	0
7	0
0	0
1	0
0	1
1	1
0	0
30	0
2	0
1	0
2	0
20	0
1	0
1	0
0	0
4	0
2	0
3	0
37	0
1	19
0	19
4	0
1	0
5	0
1	0
11	0
1	0
1	0
10	13
0	3
0	10
1	0
4	0
0	0
0	0
0	0
7	0
8	1
195	0
13	0
1	3
3	2
3	0
5	0
4	0
0	0
1	0
5	0
3	0
7	0
4	0
0	0
1	0
2	0
1	1
2	1
2	0
5	0
2	0
0	0
1	0
4	0
2	0
9	0
1	0
3	0
13	0
2	0
8	0
4	1
4	0
2	0
4	0
2	0
4	0
1	0
1	0
3	0
2	0
5	0
2	0
4	0
4	0
8	0
2	0
3	0
6	0
2	0
3	0
1	0
5	0
2	0
6	0
2	0
0	0
3	0
0	0
1	3
1	3
1	0
1	0
2	0
3	0
0	0
3	0
5	0
1	0
3	0
2	0
2	0
7	0
5	0
1	0
5	0
2	0
8	0
2	0
3	0
6	0
2	0
0	0
4	0
5	0
3	0
4	0
0	0
2	0
5	0
2	0
3	0
5	0
5	0
2	0
4	0
3	0
1	0
4	0
1	1
2	0
1	0
2	0
0	0
1	0
2	0
3	0
3	0
4	0
11	0
2	0
0	0
4	0
5	0
8	3
3	0
3	0
2	0
2	0
3	0
4	0
4	0
0	0
3	0
7	0
0	0
0	1
3	1
1	0
1	0
3	0
3	0
4	0
2	0
9	0
4	2
3	0
14	0
5	0
1	0
1	0
1	0
2	0
3	0
2	0
1	0
1	0
1	0
2	0
3	0
4	0
2	0
3	0
6	0
1	2
0	2
0	0
2	0
3	0
4	0
2	0
6	0
3	0
0	0
3	0
1	0
3	0
5	0
3	0
3	0
2	0
7	0
2	0
6	0
1	0
3	0
2	0
1	0
0	0
3	0
4	0
2	0
2	0
2	0
3	0
4	0
1	0
3	0
1	0
3	0
2	0
0	0
1	0
3	0
4	0
1	0
2	0
3	0
10	0
8	0
6	0
2	0
4	0
4	0
3	0
2	0
8	0
3	0
2	0
1	0
4	0
1	0
3	0
2	0
0	0
5	0
0	0
1	0
3	0
2	0
5	0
4	0
1	0
2	0
28	0
6	0
70	0
2	0
1	0
25	0
1	0
2	0
0	0
3	0
2	0
4	0
5	0
8	0
4	0
1	0
17	0
3	0
5	0
1	0
2	0
1	0
2	0
0	0
1	0
3	0
2	0
3	0
6	0
3	0
3	0
2	0
2	0
10	0
4	0
2	0
3	0
3	0
0	0
2	0
3	0
3	0
4	0
1	0
3	0
9	0
7	0
11	0
1	0
4	0
2	1
4	0
3	0
4	0
5	0
0	0
1	0
2	0
2	0
4	0
4	0
0	0
7	0
2	0
4	0
2	0
26	0
2	0
0	0
3	0
7	0
7	0
1	0
3	0
4	0
9	0
2	0
3	0
5	0
1	0
1	0
1	0
3	0
1	1
30	0
6	0
3	0
0	0
3	0
9	1
2	0
19	0
0	0
3	0
20	0
2	0
2	0
6	0
2	2
1	2
4	0
2	0
6	0
5	0
0	0
13	0
9	0
210	0
0	3
2	3
2	0
0	0
3	0
6	0
4	0
3	0
1	0
2	0
10	0
12	0
2	0
2	0
10	0
6	0
8	1
1	1
3	0
9	0
110	0
3	0
2	0
4	0
18	0
0	0
2	0
20	0
10	0
14	2
25	0
3	0
6	0
7	0
4	0
6	0
10	0
2	0
2	0
15	0
9	0
4	0
1	0
32	0
7	0
2	0
7	0
2	0
3	0
13	0
2	0
0	0
2	0
4	0
4	0
2	0
2	0
1	0
2	0
1	0
3	1
44	2
0	0
4	0
0	0
3	0
1	0
10	0
113	0
2	0
8	0
4	0
7	0
7	12
8	12
1	3
0	34
16	34
12	0
224	0
1	11
58	11
5	31
2	31
29	0
9	0
0	347
0	330
0	186
0	169
13	25
8	0
14	70
31	115
0	45
10	0
0	10
107	10
3	78
20	43
14	78
14	14
12	14
34	0
0	0
2	0
73	0
0	20
0	20
0	20
0	20
31	0
5	0
5	0
36	40
3	40
2	0
0	1
0	1
185	163
2	163
1	0
6	0
2	0
17	63
3	22
2	41
3	14
2	15
0	2
19	2
26	16
210	36
0	33
21	0
2	3
2	0
21	31
25	0
124	3
2	3
227	18
18	31
2	49
0	0
13	53
2	53
10	0
4	0
2	0
20	8
0	8
6	55
4	47
37	1282
18	1282
58	0
281	0
2	71
27	71
0	0
0	1
3	1
0	0
0	0
35	0
4	0
9	110
203	110
5	0
0	0
0	0
21	0
19	33
22	33
87	0
0	68
0	0
41	0
21	68
0	191
1	44
40	495
2	555
34	382
14	542
6	0
3	0
47	0
115	0
17	0
7	4
3	4
14	1
141	0
12	182
9	209
4	135
0	217
91	52
2	52
2	49
0	49
0	14
1	14
2	11
5	120
13	120
3539	11
1	8
2	8
18	0
0	0
105	0
0	41
5	0
215	41
19	0
13	0
8	0
5	72
0	111
0	42
0	41
2	112
2	64
7	171
23	171
1	4
64	2
2	6
12	0
59	0
0	30
0	30
0	3
0	1
10	4
113	0
101	519
2	519
1	3
0	3
2	3
35	196
11	196
0	24
0	76
0	269
0	88
0	281
0	22
12	0
0	19
0	273
23	267
1	273
3	234
0	21
5	0
4	0
198	0
4	3
0	9
0	7
6	2
0	12
0	6
2	12
3	6
1	2
86	0
0	7
90	7
2	0
0	1094
0	1141
0	1213
0	1130
0	1202
0	1080
0	1008
33	1
149	6
2	6
0	1
0	1
26	0
1	4
0	7
0	7
0	7
0	7
2	255
157	255
20	35
0	35
4	18
0	23
64	23
72	4
0	3
2	1
0	1
19	298
0	25
6	253
1	45
4	0
2	174
1	286
53	460
196	21
0	0
0	21
11	3
0	3
42	0
5	0
141	0
1	67
4	67
34	0
3	0
6	0
6	0
16	0
0	0
0	0
159	0
9	0
97	106
0	106
741	0
117	0
5	0
130	0
3	7
4	9
5	8
3	7
24	0
18	0
28	0
99	0
255	4
8	4
4	0
2	0
3	0
0	0
0	238
1320	238
4	0
0	66
18	174
6	174
2	0
14	0
0	185
3	95
1	165
0	0
0	88
33	88
3	0
14	0
181	0
25	386
2	262
0	410
17	0
6	0
5	0
58	54
6	54
3	51
48	0
0	19
0	19
14	0
2	0
23	2
7	2
5	3
0	2
2	1
22	319
37	319
16	0
8	0
0	45
31	45
0	111
0	0
5	111
50	0
43	0
79	76
2	76
3572	746
7	746
23	0
6	0
34	53
0	53
0	3
35	3
0	0
37	2
0	2
9	44
3	44
47	0
12	0
2	0
6	112
68	210
3	98
71	0
0	3
4	0
8	0
0	17
2	17
1	0
3	8
2	8
0	6
0	3
2	0
0	122
2	7
8	118
7	112
20	112
14	0
225	0
197	0
3	32
88	32
10	117
524	117
2	0
3	26
0	105
3	0
0	10
0	74
8	16
2	169
7	0
0	21
0	192
4	192
4	32
13	20
6	0
17	33
2	3
11	0
4	1
3	0
1	0
6	0
4	0
0	0
6	0
2	0
4	1
2	0
1	4
4	4
4	0
3	0
249	0
2	0
6	0
10	0
2	0
39	0
3	0
3	0
3	0
4	0
4	0
0	0
12	0
0	3
1	3
1	0
3	0
2	0
0	0
3	0
1	0
1	0
0	0
0	0
15	0
6	0
0	0
4	0
3	0
0	0
1	0
8	0
3	0
3	0
3	0
1	0
8	0
27	0
2	0
6	0
2	0
4	0
0	0
5	0
3	0
13	0
2	0
2	0
11	0
10	0
2	0
2	0
4	0
10	0
4	0
2	0
4	0
56	0
2	0
15	0
15	0
2	0
0	0
2	0
3	0
0	0
102	0
6	0
0	0
0	4
11	4
5	0
1	0
0	0
3	0
2	0
4	0
5	0
2	0
4	0
7	0
1	0
4	0
3	0
5	0
4	0
12	0
7	0
8	0
3	0
1	0
2	0
31	0
4	0
5	0
3	0
3	0
2	0
3	0
3	0
1	0
3	0
4	0
5	0
2	0
2	0
7	1
3	0
6	0
13	0
3	0
5	0
23	0
3	0
1	0
1	0
6	0
3	0
7	0
4	0
24	0
3	0
0	0
5	0
2	0
1	0
4	0
0	0
4	0
38	0
2	0
3	0
102	0
2	0
2	0
3	0
6	0
6	0
21	0
1	0
2	0
9	0
0	0
7	0
20	0
0	0
4	0
19	0
4	0
3	0
4	0
4	0
7	0
16	0
2	0
0	0
0	0
1	3
0	3
5	0
3	0
1	0
2	4
1	4
3	0
17	0
4	0
3	0
8	0
0	0
8	0
3	0
2	0
0	0
6	0
5	0
1	0
2	0
4	0
4	0
1	0
7	0
8	0
21	0
4	0
3	0
2	0
4	0
4	0
1	0
1	0
4	0
1	0
11	0
3	0
5	0
2	0
6	0
4	0
7	0
10	0
2	0
1	0
2	0
23	0
8	2
5	0
6	0
1	0
0	0
2	0
0	0
2	0
2	0
2	0
3	0
1	0
20	0
4	0
1	0
5	0
4	0
3	0
0	0
1	0
0	0
1	0
6	0
2	0
5	0
7	0
1	0
2	0
3	0
4	0
3	0
7	0
1	0
1	0
2	0
0	0
1	0
2	0
1	0
42	0
0	1
0	1
2	0
9	0
9	0
3	0
12	0
1	0
6	0
5	0
0	12
3	0
2	0
7	0
0	0
1	0
2	0
2	0
3	1
2	0
3	0
2	0
5	0
6	0
3	0
2	0
4	0
2	0
2	0
16	0
2	1
2	0
10	0
5	0
3	0
2	0
5	0
1	0
5	0
4	0
5	0
1	0
1	0
1	0
2	0
3	0
2	0
1	0
5	0
4	0
4	0
3	0
8	0
4	0
12	0
4	3
2	0
1	0
6	0
4	0
0	0
10	0
0	0
5	0
4	0
7	0
7	0
1	0
3	0
2	0
3	0
8	0
12	0
1	0
3	0
2	0
13	0
7	0
1	0
0	0
4	5
5	0
0	0
5	0
6	0
3	0
2	0
2	0
2	1
7	0
0	0
2	0
22	0
3	0
5	0
18	0
5	0
2	0
2	0
2	0
9	0
6	0
66	0
1	0
0	0
2	0
5	0
0	0
6	0
4	0
2	0
2	0
2	0
5	0
1	0
2	0
3	0
2	0
1	0
5	0
1	0
4	0
5	0
5	0
7	0
7	0
11	0
1	0
2	0
17	0
2	0
4	0
1	1
3	0
3	0
3	0
5	0
2	0
1	0
1	0
2	0
1	0
9	0
12	0
0	0
0	1
0	1
0	0
3	0
2	0
2	0
2	0
1	0
3	0
16	0
32	0
5	0
7	0
2	0
1	0
1	0
2	0
8	0
1	0
33	0
2	0
4	0
3	0
2	0
2	0
4	0
11	0
2	0
2	0
7	0
16	0
5	0
4	0
2	0
2	0
1	0
2	0
7	0
5	2
2	0
3	0
3	0
0	0
5	2
6	0
1	0
2	0
5	0
3	0
6	0
2	0
2	0
4	0
1	0
5	0
2	0
0	0
3	0
1	0
0	0
2	0
0	0
2	0
4	0
7	0
4	0
1	0
1	0
3	0
2	0
2	0
1	0
5	0
4	0
1	1
1	1
0	0
5	0
2	0
2	0
2	0
2	0
4	0
3	0
2	0
4	0
1	0
2	0
5	0
3	0
2	0
4	0
5	0
0	0
2	0
2	0
2	0
0	0
2	0
7	0
5	0
2	0
1	0
4	0
1	0
7	0
2	0
2	0
1	0
5	0
2	0
3	0
2	0
5	0
3	0
7	0
9	0
2	0
1	0
2	0
1	0
4	0
3	0
2	0
1	0
3	0
3	0
5	0
6	1
1	0
3	0
3	0
1	1
2	0
3	0
4	0
3	0
2	0
3	0
3	5
4	0
2	0
1	0
4	0
0	0
1	0
4	3
4	0
3	0
3	0
3	0
10	0
0	2
2	2
1	1
2	0
4	0
1	0
3	0
1	0
4	0
3	0
2	0
3	0
2	0
0	0
0	0
3	0
3	0
0	0
4	0
4	0
3	0
0	0
1	0
0	0
1	0
1	0
2	0
2	0
2	0
3	0
4	0
7	0
3	0
2	0
2	0
5	0
5	0
1	0
0	0
5	0
2	0
1	0
3	0
3	0
1	0
2	0
3	0
2	0
3	0
3	0
2	0
2	0
3	0
2	0
2	0
0	0
2	0
10	0
6	0
2	0
2	0
7	0
2	0
1	0
4	0
1	0
5	0
0	0
1	0
6	0
5	0
0	0
13	0
2	0
3	0
3	0
6	0
5	0
3	0
4	0
3	0
2	0
3	0
4	0
4	0
2	1
4	0
2	0
4	10
0	17
1	8
94	0
15	45
37	45
1	0
0	0
1	24
5	6
13	20
1	20
0	20
75	0
21	0
8	0
0	83
3	245
14	245
61	0
4	0
2	0
4	15
10	15
19	0
12	0
6	0
12	0
18	0
3	0
1100	0
0	1
3	21
1	21
3	0
287	0
3	137
10	137
2	0
5	0
4	0
0	12
7	12
15	0
0	25
5	25
9	0
3	100
4	100
53	0
7	0
3	0
4	25
4	25
0	1
5	1
19	0
5	9
0	10
106	15
0	15
0	6
0	6
0	1
0	1
57	0
15	103
7	103
0	47
4	0
2	0
0	30
32	30
3	0
0	10
10	10
5	0
0	170
0	3
2	173
5	0
139	77
2	69
2	77
6	0
8	1
5	1
2	42
110	156
4	146
2	32
23	107
5	0
5	0
0	16
113	32
6	32
22	192
31	192
4	92
6	0
0	21
0	25
0	24
0	22
6	1
1	1
278	0
1	123
0	49
53	172
8	0
0	4
0	4
4	49
4	17
6	49
22	0
7	0
5	45
87	105
3	132
9	0
23	0
35	0
2	26
0	26
2	0
2	0
3	0
4	0
1	0
32	0
12	0
33	0
0	0
353	0
1	0
0	86
20	86
56	0
6	0
3	3
989	0
14	1
5	1
5	0
2	0
12	0
4	0
7	43
3	43
24	0
41	0
0	1
2	1
0	4
0	13
0	1
5	19
3	8
1	16
0	3
0	1
0	4
29	209
8	209
2	68
4	0
1	0
27	0
1	0
2	0
2	0
0	10
8	15
10	1
2	15
21	0
2	61
1	61
0	0
2	32
4	32
4	0
0	85
0	82
0	63
0	85
0	63
0	60
149	7
1	7
2	117
92	117
0	0
90	0
0	89
0	89
0	89
118	0
76	0
2	20
59	20
4	0
2	0
0	1
1	6
2	7
1	3
1	2
2	21
4	21
0	6
8	324
27	324
152	0
24	0
100	178
5	178
18	128
6	128
6	0
162	78
9	68
0	10
85	0
3	0
806	20
1	20
5	17
9	17
0	120
2	122
184	242
68	37
0	37
34	0
3	295
7	295
6	222
5	117
33	222
19	0
8	0
6	0
2	46
2	46
0	1
4	0
3	0
14	0
1	12
1	12
31	0
33	0
382	0
0	0
2	0
0	0
0	0
0	0
0	0
0	0
23	98
5	190
2	169
1	0
10	0
0	38
8	38
0	0
5	3
0	3529
0	3527
3	16
19	16
17	0
6	0
80	129
0	129
4	0
17	21
6	15
0	6
1	11
3	11
10	0
3	0
153	0
13	0
0	0
2	4
10	4
17	0
5	0
22	2
0	2
0	0
3	0
150	0
2	34
36	34
0	118
0	94
0	80
0	132
78	0
76	0
12	0
2	0
8	0
2	0
1	0
0	0
7	0
2	0
59	0
2	0
4	0
3	1
0	1
2	0
3	0
5	0
9	0
3	0
2	0
1	0
1	0
5	0
8	0
42	0
42	22
2	22
3	0
7	0
10	0
4	0
5	0
0	0
3	0
7	12
2	12
3	0
1	0
0	0
2	0
2	0
3	0
0	0
2	0
2	0
10	0
5	0
6	0
0	0
3	0
2	0
5	0
5	0
4	0
5	0
12	0
6	0
8	0
5	0
5	0
1	0
1	0
1	0
2	0
3	0
2	0
10	0
20	0
1	0
0	0
97	20
1	20
3	0
2	0
17	0
3	0
3	0
4	0
0	0
2	8
4	8
1	0
5	0
2	0
2	0
5	0
6	0
0	0
1	0
0	0
4	0
143	0
2	0
6	0
1	0
8	0
11	0
12	0
18	0
12	0
1	0
7	0
1	0
0	0
3	0
3	0
0	0
0	0
5	0
1	0
5	0
2	0
1	0
2	0
1	0
6	0
14	1
1	1
6	0
1	0
0	0
1	0
5	0
5	0
3	1
0	0
1	0
1	0
1	0
2	0
2	0
4	0
3	0
1	0
4	0
2	0
1	0
2	0
1	1
1	1
3	0
2	0
2	0
2	0
4	0
1	2
0	2
0	0
2	1
2	1
2	0
4	0
147	4
2	8
3	0
1	0
0	0
13	0
8	0
46	0
18	0
5	0
5	0
1	0
5	0
8	0
11	0
6	0
1	0
0	0
8	0
1	3
1	3
5	0
3	0
4	11
3	11
4	0
0	3
3	3
5	0
0	0
3	0
0	6
0	6
9	0
3	0
5	0
21	0
10	0
2	0
2	0
0	0
5	0
18	0
0	0
3	0
0	0
26	0
66	0
2	8
26	8
12	0
22	0
2	0
1	0
9	0
5	1
3	0
1	0
3	0
10	0
3	0
2	0
5	0
3	0
2	0
1	0
1	0
3	0
3	0
2	0
3	0
1	0
3	0
1	0
2	0
1	10
0	10
1	0
2	0
3	0
3	0
1	0
1	0
7	0
5	0
4	0
3	0
4	0
4	0
4	0
6	0
4	0
1	0
12	0
11	0
3	0
8	1
1	0
0	0
19	0
10	0
5	0
3	0
4	0
0	4
0	4
10	0
12	0
7	1
5	0
1	0
1	10
0	8
0	10
6	0
1	0
0	5
0	5
3	0
63	0
11	0
8	0
4	0
5	0
3	0
8	0
1	0
0	0
1	0
3	0
4	0
1	0
0	0
0	0
5	0
2	0
7	0
4	0
2	0
2	0
13	0
4	0
5	0
6	0
9	0
2	0
4	0
5	0
18	0
1	0
2	0
0	0
10	0
1	0
17	0
3	0
5	0
8	0
1	0
2	0
5	0
4	0
4	0
2	0
2	0
2	0
10	0
7	0
4	0
4	0
4	0
8	0
3	0
3	0
5	0
3	0
0	0
1	0
1	0
0	0
10	0
10	0
45	0
3	0
2	0
7	0
2	0
3	0
1	0
9	0
1	0
0	0
3	0
12	0
3	0
2	9
2	0
0	0
6	0
2	1
2	0
1	0
21	0
6	0
1	0
1	0
2	0
2	0
7	0
2	0
2	0
2	0
6	0
5	0
2	0
5	0
2	0
6	0
3	1
1	0
0	0
4	0
0	0
23	0
11	0
8	0
2	0
2	0
2	0
0	0
3	0
1	0
4	0
2	0
4	0
12	0
3	0
1	0
3	1
0	0
1	0
0	0
3	0
1	0
1	0
6	0
4	0
5	0
5	0
2	0
1	0
2	0
3	0
5	0
0	2
135	0
1	0
2	0
2	0
2	0
1	0
5	0
11	0
11	0
5	0
1	0
2	0
8	0
7	0
5	0
5	0
5	0
2	0
0	0
3	0
2	0
3	0
1	0
5	0
3	0
2	0
2	0
1	0
2	0
1	0
4	0
5	0
3	0
4	0
2	0
1	0
1	0
3	0
0	0
1	0
4	0
2	0
1	0
1	0
2	0
3	0
10	0
8	0
15	0
127	0
4	0
3	0
8	0
2	0
1	0
1	0
3	0
19	0
1	0
4	0
3	0
3	0
2	0
3	0
4	0
13	0
8	0
0	1
0	1
3	0
1	0
3	0
25	0
2	0
3	0
2	0
0	0
1	0
0	0
0	0
0	0
1	0
0	0
3	0
4	0
6	0
1	0
0	0
5	0
3	0
2	0
5	0
3	0
2	0
20	0
14	0
2	0
1	0
6	0
0	0
3	0
8	0
0	0
1	0
4	0
1	0
4	0
3	0
1	0
1	0
0	0
1	0
0	0
3	0
1	0
1	0
1	0
3	0
8	0
2	0
3	0
3	0
8	0
3	0
12	0
3	0
3	0
4	0
2	0
3	0
1	2
2	2
5	0
7	0
2	0
6	0
39	0
10	0
2	0
0	0
1	0
8	0
2	0
11	0
11	0
2	0
3	0
1	0
7	0
5	0
7	0
1	0
10	1
2	0
4	0
2	0
5	0
7	0
3	0
10	0
2	0
8	0
2	0
4	0
3	0
4	0
3	0
2	0
2	0
0	0
5	0
12	0
0	0
7	1
5	0
1	0
2	0
1	0
3	0
1	0
19	1
2	0
4	1
0	0
2	0
2	0
5	5
3	1
2	0
3	0
4	0
2	0
4	0
5	2
5	0
8	0
2	0
3	0
1	0
2	0
3	0
7	0
11	0
4	0
6	0
8	0
10	0
13	0
2	0
4	0
1	0
3	0
0	0
1	0
2	0
1	0
4	0
14	0
3	0
2	0
9	1
6	0
4	0
1	0
5	0
3	2
2	2
3	0
0	0
0	0
4	0
7	0
6	0
8	0
2	0
0	0
0	0
3	0
1	0
3	0
2	3
0	3
0	0
2	0
2	1
0	1
2	0
76	0
4	0
8	0
2	0
1	0
1	0
1	0
5	0
5	0
225	91
0	91
10	0
2	0
6	0
1	0
1	0
3	0
0	0
3	0
10	0
0	0
2	0
4	0
18	0
14	0
0	0
6	0
1	1
1	1
1	0
2	0
9	0
6	0
2	0
1	0
1	0
1	34
0	34
0	0
0	0
7	5
4	1
0	7
3	0
2	0
2	0
0	2
2	2
16	0
4	0
9	0
7	0
3	0
1	0
1	0
2	0
2	0
1	0
0	0
0	0
12	0
9	0
1	0
2	1
0	1
4	0
8	0
7	0
5	0
4	0
3	0
1	0
2	0
2	0
2	0
1	2
1	2
13	0
3	0
1	0
5	0
5	1
11	0
5	0
4	0
4	0
6	0
6	0
8	0
6	0
4	0
11	0
2	0
3	0
8	0
2	0
4	0
0	0
1	0
0	0
2	0
1	0
1	0
5	0
6	0
2	0
0	0
2	0
0	1
7	0
3	0
2	0
1	0
22	0
12	0
5	0
4	0
2	0
3	2
0	0
2	0
0	0
6	5
3	5
17	0
11	0
20	0
0	7
0	7
0	7
0	7
3	0
0	0
6	0
2	0
2	0
1	0
4	0
4	0
7	0
1	0
1	0
0	1
110	1
1	0
1	0
0	1
4	1
4	0
0	0
14	0
0	0
7	0
0	0
6	0
1	0
2	0
2	0
3	0
8	0
9	0
5	1
1	2
1	3
0	21
0	38
1	42
77	0
2	16
32	199
6	184
0	1
9	0
33	98
4	98
539	0
76	452
4	165
3	287
485	0
8	69
0	69
225	0
55	0
218	0
1	0
85	13
0	13
11	0
12	0
0	1
135	1
131	0
0	3
15	1
2	3
0	106
0	585
0	642
0	562
0	665
1	0
1	0
1	7
3	7
19	0
5	0
0	124
0	123
0	1
87	36
0	35
6	24
0	9
16	0
2	0
2	0
11	0
9	0
6	0
0	0
688	0
6	0
2	89
0	89
415	0
0	0
5	0
1118	29
0	29
5	0
1	0
0	0
127	46
0	46
5	49
21	43
169	49
4	0
1	920
654	854
419	1272
1	258
0	257
6	378
0	92
6	371
3	85
107	0
0	19
311	19
137	0
0	0
19	0
14	0
2	17
144	17
1	0
3	0
0	122
9	69
1	99
0	136
0	180
0	156
0	78
0	422
0	130
0	52
0	130
0	422
14	319
5	319
394	337
4	337
2	1
2	0
7	0
168	0
42	346
3	2
6	346
2	0
0	921
0	6
514	921
0	13
0	204
3	140
2	202
254	0
1	116
25	116
6	82
97	0
30	156
8	156
2	110
0	1
189	1
24	0
0	476
0	442
0	457
0	448
0	461
0	467
0	126
0	165
52	291
351	11523
136	11523
0	652
1	892
0	662
0	422
0	14
160	0
8	5
101	20
18	69
5	49
2	20
3	2
3	64
8	140
28	140
84	0
3	0
857	85
0	85
5	0
10	64
11	64
8	169
4	169
0	252
0	479
0	483
0	248
2	19
51	24
0	15
2	24
4	19
0	327
0	311
0	314
0	324
2	192
10	0
8	1
0	0
2	0
3	6
3	6
0	6
8	6
53	0
6	9
6	9
0	8
2	13
0	9
115	13
87	0
13	41
54	41
0	10
72	135
84	125
0	9
1	9
3	0
1	0
9	323
709	774
4	451
3	0
7	0
118	457
7	457
186	0
164	0
1	0
1	27
4	16
0	27
0	5
0	5
345	177
1	177
9	0
0	355
0	222
3	45
0	284
0	269
0	224
0	329
0	226
0	282
0	415
5	0
11	0
48	12
5	12
0	169
8	10
112	179
0	0
48	0
1	488
2	1296
3	11
12	629
0	604
79	1412
0	0
2	0
0	231
0	186
0	31
0	233
0	434
0	389
4	66
3	0
3	25
9	25
129	0
7	0
0	0
253	162
2	162
2	92
38	419
10	419
6	20
2	0
0	0
0	70
226	286
10	285
25	20
0	21
21	290
4	290
0	0
4	0
55	65
1	65
1	0
1	0
3	10
6	11
19	5
2	94
166	99
2160	666
0	666
2	0
0	218
76	218
0	0
0	0
11	0
0	2
0	6
2	2
171	5
78	4
1	0
4	4
3	6
8	5
1	4
12	5
2	6
1	2
2	5
0	125
6	44
4	63
2	128
4	64
1	68
9	2
27	2
7	0
0	273
0	257
0	233
0	217
0	43
8	0
86	30
0	30
319	705
0	10
56	542
50	695
26	19
0	79
242	182
0	103
2173	0
2	0
2	0
2	22
101	22
191	42
0	42
0	4
2	55
116	54
771	255
10	255
1	0
111	0
5	300
14	300
2	30
2	0
2	76
0	176
0	183
1	20
0	146
0	167
0	155
0	174
25	20
96	0
1	20
6	0
6	105
39	105
376	0
1	0
109	43
2	43
21	0
152	0
0	156
0	31
0	151
1	144
0	226
0	113
0	238
184	0
2	0
1	7
0	34
17	41
97	0
84	1
0	1
158	0
6	0
3	3
4	3
5	11
3	23
3	23
4	0
0	3
0	257
0	4
0	247
0	135
0	134
0	246
0	258
4	2
0	2
7	374
6	374
1	142
26	231
2	7
0	231
73	81
2	6
254	6
0	37
0	88
0	78
2	163
0	153
49	459
10	459
6	127
0	6
7	0
24	0
0	8
63	8
10	0
4	0
4	3
46	87
29	16
10	83
4	34
3	0
2	2
124	669
8	669
6	12
4	3
0	7
1	19
0	17
0	3
6	2
9	32
5	29
5	34
1	9
3	17
22	303
6	303
0	394
0	375
0	400
0	415
0	404
0	401
0	96
0	421
0	416
0	401
0	393
0	102
0	388
0	396
0	402
0	387
0	395
0	395
0	394
0	422
0	403
1	91
170	91
2	0
17	65
3	65
531	16
0	16
0	0
3	283
76	325
26	42
1050	0
7	424
7	424
2	0
357	0
1	0
130	0
0	406
0	404
0	426
0	428
1	0
1	0
2	0
10	0
3	0
4	0
6	0
23	0
2	0
2	0
7	0
2	0
0	0
5	0
2	0
8	6
1	0
2	0
4	0
6	0
2	0
3	0
0	0
1	0
17	0
2	0
2	0
4	0
5	0
4	0
7	0
3	0
2	0
9	0
6	0
5	0
2	0
3	0
3	0
2	0
3	0
1	0
5	0
3	0
2	0
1	0
14	0
4	0
9	0
2	0
3	0
2	0
4	0
7	0
8	0
1	0
0	1
63	1
3	0
17	0
2	0
22	0
2	0
2	0
0	0
7	0
3	0
1	0
2	0
2	0
73	0
1	5
2	5
1	5
3	0
1	0
1	0
4	0
14	0
3	0
0	0
3	0
1	0
3	0
2	0
0	0
1	0
2	0
3	0
8	0
17	0
1	0
0	0
20	0
9	0
3	0
0	0
2	0
3	0
4	0
2	0
2	0
3	0
1	0
3	0
3	0
2	0
4	0
11	0
1	0
8	0
2	0
1	0
5	0
2	0
7	0
7	0
5	0
3	0
3	0
4	0
1	2
0	2
9	0
4	0
8	0
4	0
4	0
2	0
5	0
1	0
0	0
0	2
1	2
3	0
2	0
0	0
1	0
2	0
2	0
3	0
5	0
2	0
4	2
3	0
4	1
3	0
4	0
2	0
6	0
7	0
2	0
1	0
12	0
6	0
2	1
5	0
2	0
2	0
5	0
1	0
3	0
8	0
4	0
3	0
3	0
1	0
1	0
1	0
1	0
1	1
0	1
4	0
59	0
8	0
2	0
0	0
7	0
3	0
3	0
9	0
3	0
1	0
3	0
2	0
0	0
6	0
14	10
3	0
3	0
4	0
2	0
4	0
0	0
2	0
4	0
2	0
3	0
2	0
4	0
6	0
2	0
4	0
2	0
2	0
11	0
2	0
0	0
0	0
0	0
8	0
4	0
8	0
2	0
2	0
5	0
7	0
4	0
9	0
2	0
2	0
3	0
3	0
5	0
4	0
4	0
4	0
13	0
1	0
2	0
4	0
0	0
1	0
1	0
6	0
1	0
2	0
4	0
4	0
2	0
2	0
4	0
9	0
22	2
2	0
0	2
2	2
7	0
6	0
4	0
14	0
0	0
0	0
0	0
0	0
1	0
0	0
0	0
3	0
0	0
0	0
5	0
4	0
2	0
3	0
1	0
0	65
27	70
0	68
0	80
11	80
88	3
0	0
0	0
0	32
24	233
2	86
1	115
2	114
5	114
0	19
1	100
72	531
11	531
7	0
3	1
0	1
5	1
6	3
2	3
11	0
2	9
2	9
10	23
408	23
3	219
1	219
1	1
0	44
31	44
5	0
2	0
2	0
5	1
1	0
20	0
1	0
5	0
11	0
1	3
0	3
5	0
0	0
7	0
2	0
0	0
0	25
0	10
4	14
0	11
0	24
4	0
1	0
263	0
67	0
334	1
5	0
18	0
7	0
7	0
0	251
0	358
0	309
0	300
25	0
2	1
0	1
2	0
0	0
0	21
0	145
0	147
0	171
0	169
18	320
25	320
8	0
0	2
1	2
1	0
16	67
3	67
2	1
4	0
0	3
10	3
29	4
13	0
12	184
39	184
11	84
3	0
12	52
0	52
0	4
1	3
0	1
4	0
144	36
0	36
2	17
32	133
4	116
90	16868
103	16206
6	123
10	18813
11	0
7	0
19	0
3	0
8	0
5	0
11	0
3	0
7	0
27	0
6	0
0	10
1	178
221	178
4	2
0	2
3	0
0	149
2	110
4	136
6	375
9	343
15	375
0	0
0	0
121	0
156	0
56	0
2	132
27	188
63	188
5	0
1	0
174	21
5	21
0	0
22	0
4	11
5	11
27	0
16	0
3	0
2	9
23	9
58	0
6	0
15	3
18	0
1	0
16	0
4	1
21	17
0	4
6	7
1	5
1	8
197	0
5	0
4	0
31	10
50	10
0	14
0	14
0	0
26	0
12	0
0	28
2	28
28	0
11	0
11	0
21	10
0	49
5	101
0	101
9	6
0	0
60	0
72	0
56	0
19	0
38	0
101	0
5	0
0	0
40	6
0	6
7	3
99	18
1	18
12	0
1	0
21	357
7	357
0	80
3	71
32	74
123	0
0	9
18	9
178	0
88	25
61	0
5	26
15	1
41	37
1	37
9	12
43	12
2	1
2	255
123	255
2	1
34	0
14	3
2	0
38	0
39	1
8	88
0	68
0	88
1	0
3	0
0	0
157	0
43	0
46	0
25	64
24	64
2	0
13	0
90	0
8	0
1	0
2	70
2	125
10	125
0	5
108	9
0	9
561	0
2	9
9	2
2	6
0	105
220	105
1	92
0	92
1	0
447	101
4	9
1	9
10	110
16	0
45	0
1	4
10	4
0	0
0	0
0	0
0	0
97	0
0	0
0	0
0	0
0	0
0	0
0	0
3	0
7	0
15	0
0	44
1	39
1	37
0	41
5	42
1	46
4	0
696	2
0	2
195	2
3	86
65	86
17	52
19	0
0	2
18	2
0	2
521	9
4	41
30	41
2	9
2	37
154	40
6	2
0	117
0	116
0	167
0	168
1	35
0	1
0	1
0	2
0	1
1	1
2	16
369	16
185	16
55	0
564	0
4	15
16	16
3	0
1	0
2	11
0	11
5	0
1	0
5	0
1	0
5	0
1	0
0	0
6	1
1	0
1	0
3	0
1	7
5	0
4	0
5	0
4	0
2	0
3	0
0	0
4	0
2	0
8	0
3	0
3	0
2	0
4	0
2	1
0	0
2	0
5	0
8	0
2	0
5	0
1	0
5	0
2	0
1	0
2	0
3	0
2	0
4	0
5	0
0	0
4	0
4	0
4	0
0	0
0	0
3	0
2	0
1	0
1	0
2	0
6	0
4	0
5	1
2	0
4	0
3	0
4	0
3	0
3	0
6	0
4	0
0	0
0	0
0	0
10	3
5	0
3	0
2	0
0	1
3	0
7	0
0	2
0	2
5	0
7	0
3	0
1	0
2	0
2	0
1	0
1	0
3	0
3	0
4	0
0	0
1	0
5	0
3	0
14	0
4	0
2	0
2	0
0	0
2	0
3	0
0	2
3	2
5	0
2	0
165	0
7	0
3	0
3	0
2	0
7	0
1	0
7	1
2	1
7	0
15	0
2	0
11	0
1	0
23	0
0	2
6	2
2	0
12	0
4	0
4	0
2	5
2	5
6	0
11	0
30	0
4	0
4	0
0	31
17	31
44	0
1	0
2	0
2	0
0	0
20	0
8	0
2	0
0	0
0	0
0	0
2	0
7	0
3	0
4	0
1	1
0	1
4	0
9	0
0	0
2	0
3	0
7	0
2	0
9	0
6	0
0	0
3	0
8	0
2	0
0	0
3	0
1	2
3	2
3	0
2	0
0	0
1	0
16	0
56	0
7	0
5	0
6	0
13	0
1	0
3	0
4	0
0	24
0	4
6	28
14	0
8	0
0	0
1	0
0	0
3	0
1	0
1	0
2	0
10	0
0	0
3	0
4	0
6	0
5	0
4	0
3	0
0	0
5	0
3	0
3	0
3	3
0	3
5	0
5	0
6	0
0	0
2	0
2	0
1	0
1	0
1	0
0	1
2	0
3	0
0	0
1	0
1	0
1	0
2	0
4	0
18	0
3	0
6	0
4	0
0	0
0	0
1	0
2	0
3	0
0	0
5	0
0	0
3	3
11	3
1	0
1	0
1	2
3	0
4	0
2	0
0	2
0	2
1	0
1	0
1	0
1	0
2	0
6	0
2	0
2	0
11	0
5	0
1	0
1	0
0	0
7	0
3	0
4	0
2	0
1	0
7	0
3	0
1	0
7	0
6	0
6	0
7	0
0	0
1	0
3	0
7	0
6	0
5	0
1	0
5	0
0	0
0	0
2	0
1	0
0	1
0	1
1	0
7	0
16	0
9	0
3	0
4	0
5	0
5	0
1	0
6	0
4	0
4	0
1	0
12	0
2	0
3	0
5	0
4	0
2	0
0	2
0	2
4	0
10	0
73	0
1	0
4	0
11	0
15	2
2	0
20	0
0	0
1	1
2	1
2	0
8	0
1	0
7	0
2	0
3	0
0	0
8	0
6	7
1	7
4	0
2	0
14	0
1	0
2	0
3	0
1	0
2	0
6	1
4	1
1	0
23	26
0	26
3	0
18	0
26	70
1	70
1	0
2	0
6	0
2	4
0	3
0	3
2	1
7	1
4	0
6	0
1	0
0	0
2	0
0	7
20	7
112	3
4	0
3	0
3	2
11	0
3	0
7	0
1	4
3	4
1	0
2	0
4	0
1	0
1	0
3	0
0	0
4	0
15	0
1	0
86	0
0	16
30	15
1	20
0	23
0	23
0	20
0	4
0	4
1	0
1	0
3	0
7	195
20	195
7	0
19	1
5	0
0	0
10	0
1	0
5	0
3	0
3	0
0	9
1	9
2	0
5	0
2	0
4	0
2	0
1	0
3	0
3	0
11	0
107	0
0	190
6	133
11	191
5	0
2	0
6	0
7	0
8	0
1	0
13	0
10	0
6	0
2	0
3	9
5	10
0	0
3	0
4	0
0	17
0	17
0	17
1	17
0	17
1	0
1	0
4	0
3	0
4	0
3	2
4	2
4517	1
24	0
4	0
0	0
0	0
0	1
13	1
3	0
1	0
2	0
8	61
8	0
2	1
0	1
1	1
8	154
170	132
24	0
0	0
3	0
7	0
11	0
49	0
0	0
4	0
1	0
1	0
2	2
3	2
9	0
2	0
2	0
7	0
15	0
5	0
8	0
6	0
3	2
35	6
4	0
4	0
0	0
0	0
61	0
3	12
6	12
5	0
0	0
1	0
0	0
0	0
0	0
430	0
10	0
2	0
9	0
10	0
5	0
5	0
2	0
1	0
5	0
3	0
0	0
3	1
3	0
3	0
0	0
5	0
1	0
1	0
5	0
4	0
2	0
3	1
4	0
2	0
1	0
3	0
9	0
1	0
3	1
0	0
8	0
0	2
4	2
1	0
2	0
6	0
3	0
2	0
0	0
4	0
0	0
1	0
2	0
2	0
1	0
2	0
0	0
3	0
4	0
0	0
7	0
4	0
2	0
2	0
2	0
4	0
5	0
4	0
1	0
2	0
2	0
2	0
2	0
8	0
0	56
366	56
40	1
5	0
5	0
1	0
43	4
1	2
27	0
5163	0
6	8
3450	659
4	659
0	193
0	324
1	308
18	428
14	57
0	334
48	414
7	172
0	2
32	11
2	6
9	197
9	197
17	132
2	133
5	133
2	62
187	62
0	114
0	114
0	704
0	700
0	718
0	714
2	0
2	0
2	0
0	0
0	0
1	536
29	536
11	38
17	81
24	48
2	36
0	18
7	11
8	0
9	0
1	567
0	526
0	530
0	563
72	0
6	0
1	0
10	0
2	0
5	0
3	0
0	275
427	604
7	598
1	6
6	0
64	0
0	8
0	26
190	1212
50	528
19	707
0	6
0	23
2	6
21	366
16	216
39	149
32	371
1	1
0	2
246	24
0	22
0	6
0	6
0	6
0	6
0	6
0	6
0	6
214	1626
9	1626
0	6
0	6
1	6
16	160
0	186
1	151
62	1
790	0
10	0
0	0
10	0
11	5
1	0
271	80
9	80
4	4
5	4
24	5
9	6
13	2
149	0
1	0
0	111
1	43
45	363
3	4
6	261
21	43
1	0
5	0
8	0
18	0
145	1
877	1018
2	1018
160	659
8	471
0	688
3	43
1	4
3	0
0	0
67	15
0	15
0	512
28	512
8	4
0	376
0	495
0	622
0	374
0	497
1	259
0	541
12	0
3	1
7	36
0	36
0	1
5	12
0	11
0	4
0	2
2	14
0	8
3	7
15	12
1	11
2	8
1	5
3	4
0	163
0	114
0	104
12	13
4	2
0	4
0	153
0	5
4	5
0	161
0	151
7	0
37	0
32	293
1	293
91	0
50	0
3	0
15	0
256	0
21	7
36	966
207	1412
0	104
1	531
10	0
0	0
1	0
2	0
3	0
0	0
176	2
96	0
17	405
0	408
3	167
60	0
295	0
2	0
3	0
3	0
183	103
0	103
116	0
90	0
1	63
42	63
215	0
0	658
0	657
0	643
0	644
1	482
6	429
213	429
5	282
142	69
2	64
5	69
0	19
161	0
45	1
302	19
108	0
15	0
0	1
0	703
2	2510
0	1668
3	2510
6	0
3	0
3	0
0	0
24	0
5	132
4	1
0	96
0	131
0	234
0	87
0	116
0	225
7	645
1000	1171
0	805
0	366
0	313
1	0
0	26
9	26
6	15
1	15
13	6
0	5
94	0
3	0
3	0
39	0
1	0
664	0
12	260
0	194
3	2
24	260
0	6
28	140
48	425
24	285
49	0
0	600
0	263
0	280
0	617
0	609
8	194
0	594
0	340
0	257
0	357
0	238
0	592
0	575
0	334
0	315
0	586
1	168
6	2
15	0
4	0
2	0
2	0
4	0
3	0
4	0
3	2
0	276
0	371
0	366
0	366
0	276
24	56
0	371
0	138
129	0
0	8
1	8
124	27
2	27
62	0
58	0
113	3
357	199
0	41
2	158
0	0
2	1
0	1
0	0
0	1
178	0
0	1
1	0
11	0
3	0
0	0
4	0
1	0
4	28
1	28
4	234
38	234
20	2
14	0
27	0
0	1
8	5
0	1
2	10
1	8
6	6
2	5
5	14
182	2
2	1
87	1
0	1
29	286
0	545
0	545
2	153
5	286
0	2
7	0
400	72
2	4
2	68
1	0
2	0
0	0
1	0
0	278
0	248
0	250
0	280
134	0
273	0
293	0
0	769
0	1022
0	757
0	1051
0	286
0	728
0	740
0	568
17	0
4	0
0	0
0	0
4	0
0	312
0	19
0	382
0	326
0	256
2	28
0	612
0	622
1	612
0	49
0	622
0	59
34	0
281	0
73	0
282	0
243	0
1	37
2	37
745	0
0	90
389	90
91	93
6	1169
24	87
24	820
0	1232
3	7
1	141
0	141
0	9
0	9
0	9
0	9
0	9
0	9
1	0
0	0
23	3
261	0
157	0
4	208
62	208
2	138
61	1246
15	1246
0	2
46	1062
3	948
5	1017
1	993
241	0
2	0
1	1
9	1
379	1
24	2
64	361
5	194
38	361
0	2
0	205
0	203
0	234
0	235
0	233
0	236
5	0
2	105
0	320
31	320
43	0
0	65
275	65
0	393
0	1162
1	1083
500	0
3	30
2	30
9	152
17	151
0	319
0	116
0	153
0	295
0	140
0	332
0	98
14	56
46	687
10	445
1	631
0	0
126	361
0	361
2	0
6	0
19	91
115	91
1	2026
6	412
6	1881
2	1898
5	40
0	2156
0	2420
0	2198
0	2086
52	1722
0	1898
4	492
0	2020
12	1615
0	2266
0	2113
0	2301
12	0
0	25
1287	25
43	0
8	1998
338	2239
1	251
2	0
1	0
63	3
1	3
8	57
0	57
1	35
58	49
0	14
2	9
32	198
2	113
258	426
0	228
0	9
1	0
1	0
4	0
2	45
20	332
17	332
1	332
109	882
8	106
0	951
1	154
0	275
0	255
97	1162
2	8
0	318
2	66
9	97
0	919
0	221
50	0
7	0
8	0
1	0
4	0
51	1
40	0
0	0
4	19
2	19
288	3
46	0
31	2
54	149
54	0
41	149
0	814
0	814
0	801
3	0
0	795
0	808
0	805
0	800
0	804
0	801
2	19
0	809
0	817
0	814
0	809
0	805
0	787
0	812
0	805
1	0
12	0
0	11
0	11
17	0
10	0
8	0
0	138
0	83
2	84
0	108
0	81
0	133
0	131
0	132
0	87
0	138
2	8
0	139
0	82
0	114
0	137
1	310
2	588
0	269
97	588
0	549
3	0
2	0
0	5
0	282
0	272
0	271
0	261
126	0
0	1
5	473
96	0
0	473
0	1
7	0
4	0
0	0
1	0
134	496
2702	496
9	12
22	41
0	41
2	40
74	0
9	630
44	630
3	0
0	73
81	309
2	333
72	282
2	1
60	243
0	31
0	169
0	34
0	131
0	166
2	4
5	139
19	139
0	1
644	0
1	99
3	115
2	115
3	105
0	4
9	3
2	0
1	0
3	0
0	0
468	4299
304	4299
33	0
1	656
0	655
2180	695
0	679
0	693
2	0
297	0
21	0
3	5
0	5
0	65
0	65
480	65
118	0
4	162
0	1123
0	1122
0	199
0	1513
0	1512
0	676
20	302
0	733
0	681
0	1090
0	1076
0	667
0	327
0	719
0	1086
0	193
0	662
0	1072
0	4
105	9
3	0
2	0
1	0
3	30
3	30
0	32
0	92
6	52
0	5
2	31
0	90
0	67
0	95
0	27
0	29
0	19
21	19
0	3
4	5
0	0
41	287
229	281
1	0
15	0
2	0
10	92
4	92
0	175
0	183
0	174
0	166
7	3
68	3
1	0
29	909
0	1256
0	712
0	562
34	528
0	1296
0	527
0	1018
218	1
3	0
0	793
19	7
0	503
0	527
0	593
0	883
0	617
12	200
5	0
20	17
6	17
31	0
0	24
0	98
0	123
0	86
0	111
0	37
754	216
0	216
1	0
635	0
2	5
2	5
2727	0
5	0
0	623
20	539
4	410
0	266
0	548
0	14
6	14
10	592
530	592
29	244
4	0
4	0
11	171
2	171
1	257
42	257
7	191
65	0
4	315
20	160
1	180
2	137
2	148
0	105
0	70
0	12
202	0
5	571
0	572
0	571
0	4
0	576
10	76
0	565
0	3
0	3
6	375
5	375
12	452
17	452
0	135
157	0
0	0
32	2
27	96
7	1581
0	1879
0	1650
8	1664
1	1670
3	1437
1	0
0	1
0	1
116	1
4	26
4	18
0	12
34	8
18	11
0	9
65	0
5	4
2	0
0	470
0	499
0	645
0	469
0	500
0	675
3	2
0	400
0	470
0	742
328	138
0	467
0	470
0	500
0	500
0	712
3	338
4	93
23	87
1	75
30	93
3	11
1	6
3	0
1	0
16	1207
64	1276
0	1688
1	2071
30	78
4	133
0	1
1	0
2	0
4	39
0	39
46	355
0	239
0	753
0	372
0	620
0	43
8	0
102	10
0	10
2	2
2	2
19	0
142	0
76	2
120	2
0	2
2	138
8	138
502	2
26	0
52	213
1	137
0	40
0	29
60	1619
4	186
0	45
0	1386
37	1328
2	1621
3	182
1	1500
0	1391
18	9
4	0
24	0
14	0
2	0
1	0
174	0
0	475
16	475
0	2
14	6
0	6
0	0
2	0
1	0
1	4
4	5
1	9
1	8
1	19
0	3
1	4
4	3
0	8
5	9
4	5
1	18
2	10
3	11
0	0
0	9
2	9
91	9
1	9
1	1140
2	1219
2	1115
0	1193
0	1173
0	1147
2	1146
0	1114
0	1077
0	1
20	0
15	0
11	0
4	0
0	0
1	0
1	6
13	6
45	0
1	179
14	231
1	231
1	25
0	25
0	40
7	37
149	2
12	3
4	128
0	40
80	128
1	48
76	290
10	290
0	117
8	221
44	387
30	387
12	208
6	233
63	991
12	550
0	33
46	1008
6	0
1	13
0	862
0	1424
190	79
0	993
0	1293
0	65
116	492
0	492
3	0
0	43
0	44
0	44
0	43
0	40
0	43
0	40
1	42
0	40
1	40
0	43
3	0
41	0
1	0
0	0
1	0
4	0
0	243
0	294
0	268
0	309
0	258
0	143
0	87
0	202
0	285
0	165
1	1
12	9
0	2
2	1
14	14
2	1
0	7
3	5
8	4
1	3
2	4
2	14
3	1
5	10
1	1
1232	3232
14	1468
20	3228
13	1
9	0
22	0
1	3
63	3
103	0
0	0
62	280
8	177
3	103
41	0
60	566
0	566
0	1
1	574
3	676
0	695
491	0
81	0
2	0
148	3
0	7
5	0
0	415
0	384
0	359
0	337
0	452
0	405
0	347
0	291
0	1812
0	2314
0	2307
0	1682
0	1791
0	2486
0	2365
0	2428
0	2416
0	1698
0	2474
0	2372
7	0
13	0
7	0
252	137
5	137
2	0
10	487
0	602
0	1105
41	1013
47	0
6	0
0	0
7	0
2	0
24	64
60	64
2	42
3	29
84	42
0	75
0	358
0	387
0	407
0	436
1	400
9	115
0	166
0	205
3	426
478	426
130	0
21	0
7	0
6	0
1	0
14	0
4	0
4	0
0	6
13	186
15	441
0	441
2	203
2	176
6	133
838	0
12	0
0	3
2	46
0	53
1	63
0	66
4	57
11	117
0	48
1	43
0	3
0	41
1	0
7	0
1	0
0	0
0	155
0	366
0	383
0	360
0	389
0	288
0	75
1860	1
1	0
147	173
14	173
2	0
8	1
4	0
4	0
252	0
60	0
244	2
0	2
1	1
2	5
3	1
8	3
1	5
0	2
0	2
0	2
0	3
0	4
537	227
0	227
0	2
0	2
0	2
0	2
0	2
0	341
0	357
0	349
0	349
4	0
2	0
6	1
173	1122
1	690
78	1246
513	124
5	1033
259	0
0	18
30	0
0	0
0	52
22	49
0	5
161	59
117	73
0	14
193	0
0	171
0	194
0	197
0	194
2	0
5	0
2	0
0	2
22	2
132	0
0	693
0	774
24	203
0	973
0	721
0	210
0	761
0	237
4	140
0	225
0	1
6	0
0	51
1	337
0	343
0	308
0	346
0	345
0	338
0	7
0	343
0	313
0	341
3	160
0	340
0	294
7	55
0	276
5	6
5	0
7	0
1	0
1	57
4	913
12	913
5	548
46	134
0	0
2	0
21	0
23	7
13	7
0	7
55	40
0	100
7	107
2	29
0	0
0	1
273	7
0	7
0	7
53	1
18	152
3	77
2	75
3	31
8	0
103	0
16	0
10	34
688	34
0	14
2	14
0	2
11	2
5	1
300	32
2	32
20	56
7	56
0	2
133	0
22	0
75	90
0	294
54	42
0	284
9	0
1	31
0	133
3	276
0	131
8	0
1	61
4	61
6	44
1	45
24	1
1	56
2	10
26	56
1	1
2	144
633	1418
5	1417
3	3
0	3
21	11
2	11
11	0
6	0
1	0
1	58
150	58
5	66
2	277
11	277
22	272
4	0
2	0
1	0
0	163
0	147
0	154
0	34
0	117
8	0
6	0
37	0
5	0
3	0
15	4
0	2
0	3
2	1
15	179
0	179
0	12
4	1
1	18
0	22
28	8
10	8
1	12
1	22
11	12
130	0
3	0
1	0
3	1
0	3
12	3
15	0
0	1
3	0
11	0
7	0
38	0
11	37
0	37
22	3
6	16
1	5
1	11
7	0
51	96
0	96
0	1
0	5
6	5
2	13
19	5
0	1
2	469
0	460
0	100
0	495
12	55
0	86
1	5
0	8
3	59
0	498
0	481
3	15
168	4
13	0
6	0
0	394
0	427
0	404
0	629
2	232
0	417
0	639
2	0
1	0
0	0
1	0
0	0
2	0
0	0
2	1
4	0
0	0
4	0
3	0
2	0
1	0
2	0
3	0
0	0
2	0
2	0
2	0
3	0
2	0
6	0
4	0
34	0
1	0
4	0
47	0
4	0
0	0
4	0
12	0
1	0
1	0
1	0
2	0
4	0
0	0
17	163
0	163
3	0
2	0
1	0
2	0
4	0
0	0
1	0
5	0
2	0
7	0
3	0
0	0
2	0
6	0
3	0
2	0
3	0
3	0
4	0
1	1
2	0
3	0
2	0
6	1
5	0
3	0
6	0
5	0
1	0
0	0
4	0
2	0
6	0
1	0
3	0
4	0
1	0
2	0
2	0
1	0
0	0
2	0
0	0
1	0
2	0
1	0
0	1
0	1
2	6
4	0
1	0
2	0
5	0
2	0
1	0
2	0
1	0
5	0
1	0
4	0
4	0
1	0
2	0
1	0
6	1
6	0
1	0
4	0
2	0
2	0
3	0
4	0
3	0
2	0
4	0
3	0
1	0
0	0
3	0
2	0
3	0
3	0
1	0
5	0
1	0
2	0
9	0
4	0
3	0
4	0
1	0
4	0
3	0
3	0
3	0
1	0
1	0
2	0
0	0
3	0
4	0
3	0
2	0
0	1
2	1
0	540
0	731
0	803
6	21
0	553
0	744
0	612
0	675
2	0
1	404
4	251
2	111
1	456
0	529
24	213
0	34
20	0
51	0
165	9
1	9
0	0
14	142
14	38
1	104
1	2
451	62
423	64
39	0
7	0
42	0
115	0
0	9
267	9
8	0
7	0
36	0
6	0
0	3
2	32
9	119
14	88
31	88
1	31
3	2
2	1
6	8
169	0
70	0
24	0
2048	42
0	37
12	50
0	43
0	84
0	40
0	81
6	3
1	54
59	54
0	139
0	147
0	151
0	159
23	0
45	0
1	0
0	0
0	9
2	15
2	19
0	9
1	9
0	14
3	15
4	1
0	17
2	14
0	10
2	10
2	19
178	138
2	138
139	0
2	0
391	0
16	797
6	869
32	869
3	0
4	0
42	0
297	3
2	3
0	234
0	345
0	313
0	312
0	280
59	187
2	3
0	202
60	30
401	0
141	0
4	2
14	2
6	0
1	0
7	0
5	200
0	162
3	186
0	148
1	0
3	0
9	81
1	405
1	387
7	255
1	0
2	393
2	235
36	329
5	329
0	1
4	0
3	0
1	0
1	0
9	0
7	0
17	31
2	28
0	3
1	0
117	35
3	35
45	0
0	1
5	0
2	0
0	0
0	36
0	16
0	16
0	16
0	16
0	37
0	16
0	37
0	36
0	34
28	27
53	35
0	707
0	855
0	858
0	856
0	854
0	706
0	708
0	710
16	6
0	0
1	69
6	70
0	70
2	2
135	2
0	70
9	0
4	0
109	0
37	0
142	1
4	1
15	176
14	176
3	87
6	303
4	315
0	32
46	0
3	0
5	0
6	0
1	0
271	86
5	86
2	0
2	0
0	0
93	1
2	62
174	62
1	54
45	54
4	0
1	188
258	188
1	108
0	0
1	262
1	241
0	262
3	263
10	241
1	207
1	264
13	356
5	478
1	454
105	478
39	95
1	207
0	63
0	293
0	263
0	410
0	3
0	440
8	5
105	0
2	34
1	57
7	173
30	173
2	81
1	0
3	0
0	1
0	1
4	33
105	33
1295	0
10	0
11	458
20	458
0	47
24	0
6	72
30	72
333	370
2	370
0	1
0	453
0	559
7	190
0	635
0	555
0	639
3	253
23	0
65	4
0	4
628	0
1	0
1	0
2	1
2	1
8	0
0	0
40	28
10	61
0	62
3	0
47	443
79	13
378	443
0	4
8	8
0	72
32	146
7	80
201	0
12	0
326	0
233	2
263	307
12	307
4	260
2	0
6	0
0	10
0	11
1	22
0	23
4	3
205	91
2	91
1	0
4	19
47	19
33	0
2	148
23	148
207	0
28	0
106	58
0	58
0	619
0	559
0	772
2	832
0	3
7	0
0	597
16	293
0	594
0	594
0	486
2	0
8	0
0	0
25	0
13	161
11	715
19	715
7	0
1	3
2	3
2	0
58	0
65	0
94	0
89	0
1	0
2	5
0	3
0	6
0	2
3	0
18	0
0	0
4	0
3	675
35	298
5	634
0	403
6	796
25	447
2	447
53	7
112	0
2	18
29	18
361	0
2	6
5	902
7	1198
0	1321
7	792
1	6
1	5
14	5
0	0
12	76
8	62
31	40
14	3
9	0
0	0
10	0
41	0
0	90
1	309
15	399
13	0
14	0
3	0
1	1
0	1
0	161
0	141
0	127
0	107
0	1
17	322
7	322
2	92
6	0
4	24
246	30
1	6
4	0
78	0
2	0
2	58
2	58
0	1
53	0
111	122
0	122
5	576
34	576
0	0
23	357
21	232
21	357
3	0
5	0
4	0
0	1469
0	1011
0	1493
0	979
0	1501
0	1525
0	0
13	0
2	47
9	47
0	16
0	15
0	4
0	3
0	106
0	101
0	53
0	58
0	4
0	16
83	16
24	0
9	0
0	1094
0	1217
0	1290
0	1165
0	1097
0	1288
0	1130
0	1096
0	1095
0	1217
0	1288
0	1289
0	1167
0	1253
0	1290
0	1255
0	1094
0	1287
0	1287
0	1252
37	153
0	1164
0	1219
4	24
0	1220
0	1097
0	1218
0	1254
0	1220
68	0
2	24
7	254
19	255
0	15
1	13
0	16
1	26
2	11
10	139
4	139
2	0
12	176
22	176
0	0
3	1
5	2
0	9
4	11
0	1
52	1
3	0
3	21
1	26
16	68
0	81
1	29
1	0
2	0
0	124
0	117
0	122
0	129
422	0
0	10
5	829
83	829
8	33
1	0
4	0
102	79
1	79
175	119
3	119
31	0
60	0
4	0
2	3
705	82
0	7
0	82
0	4
264	6
0	6
2	0
17	1
197	0
290	0
12	9
0	9
18	0
7	447
2	362
8	421
0	6
97	11
2	11
6	3
0	107
3	22
0	85
0	81
0	111
2	0
7	232
37	232
169	0
56	0
23	0
2	2
5	2
10	0
20	0
11	0
21	183
6	48
10	135
0	1
2	3
7	217
2	212
40	220
445	58
1	58
6	0
0	53
5	0
2	0
2	226
84	226
13	824
5	875
89	822
0	22
2	0
0	1
75	1
245	0
2	14
1	14
2	3
55	2
0	2
3	0
2	0
277	0
0	576
0	641
0	618
0	621
0	599
0	573
0	596
0	554
0	680
0	690
0	127
0	673
0	710
0	695
0	688
0	695
0	675
2	0
27	0
0	103
145	103
130	6
0	6
121	0
13	0
0	128
0	214
2	35
0	170
0	37
0	184
4	27
4	145
0	180
0	153
0	218
10	0
9	0
1	0
13	0
3	0
2	0
0	24
1	420
0	420
0	15
5	15
3	280
431	280
1	0
24	0
0	26
39	26
58	4
0	0
17	400
36	427
16	27
0	4
2	32
1	32
0	14
2	14
0	1
14	0
0	2
1	0
0	2
153	267
56	279
24	279
0	21
43	21
1	34
0	88
35	88
61	336
29	336
443	0
0	887
0	421
86	695
0	379
0	845
13	0
2	0
8	0
4	0
6	0
9	0
0	0
4	0
1	0
0	0
30	16
0	16
0	22
162	22
102	0
4	41
0	41
2	30
378	30
2	0
0	6
2	6
6	0
0	1111
34	887
206	1222
1	111
0	97
3	266
6	266
38	0
71	2
21	0
2199	0
4	0
3	0
8	0
0	9
361	9
1	0
33	0
2	0
0	0
0	0
2	85
492	90
0	5
2	0
21	0
0	0
34	0
0	50
33	50
182	0
9	0
10	0
7	0
107	253
10	253
6	0
3	0
0	0
0	0
6	0
8	15
1	15
105	0
25	0
21	0
8	0
4	0
7	261
12	261
0	146
102	146
0	0
13	21
1	18
1	8
0	21
0	4
3	7
0	7
5	0
4	0
5	16
2	16
1	1
15	0
0	0
4	0
4	0
2	0
2	0
0	1
1	1
3	0
6	0
0	0
9	0
14	0
4	0
7	0
65	0
0	0
2	0
0	0
5	0
3	0
4	72
10	72
30	138
12	0
4	0
7	0
28	0
1	0
9	0
3	0
0	36
7	5
14	31
50	0
0	4
0	4
1	0
1	1
34	0
4	0
89	1
52	0
5	44
72	44
3	2
5	2
4	0
3	0
5	0
4	0
32	0
1	0
2	0
2	0
1	0
2	2
0	2
19	0
12	0
4	0
203	0
0	7
18	7
6	0
1	0
6	0
1	0
3	0
9	0
4	1
0	0
4	27
32	27
2	0
11	43
16	43
3	0
5	0
64	0
10	0
3	1
0	1
10	0
4	0
3	0
0	0
1	0
1	0
7	0
1	0
7	0
0	0
70	12
2	12
2	0
4	0
13	0
3	0
6	1
3	14
0	14
6	0
5	0
23	0
0	2
2	2
0	3
0	3
17	3
9	3
0	0
0	2
48	2
3	4
2	4
1	0
262	0
75	0
1	0
136	0
4	0
0	0
0	0
3	0
3	0
91	0
7	0
21	0
0	0
1	2
1	2
0	4
2	4
3	0
1	0
2	0
4	0
1	0
4	0
1	0
4	0
0	0
2	0
3	0
0	0
1	0
0	0
1	0
2	0
1	0
1	0
4	0
2	0
3	0
4	0
0	0
4	0
2	0
5	0
1	0
4	0
0	0
1	0
1	0
1	0
1	0
1	0
3	0
2	0
1	0
1	0
6	0
1	0
1	0
2	0
2	0
2	0
2	0
2	0
2	0
2	0
0	0
1	0
4	0
0	0
2	0
4	0
4	0
2	0
1	0
7	0
0	0
4	0
1	0
1	0
2	0
2	0
2	0
5	0
4	0
4	0
1	0
3	0
0	0
1	0
1	0
3	0
2	0
2	0
2	0
0	0
1	0
5	0
3	0
3	0
1	0
3	0
2	2
2	0
0	0
1	0
2	0
2	2
3	0
2	0
1	0
2	0
1	0
2	0
10	0
1	2
0	2
5	0
1	0
1	0
2	21
1	21
2	0
5	37
16	37
2	0
1	0
3	0
4	0
0	3
8	3
2	0
1	0
2	0
21	0
1	0
3	0
1	0
22	0
0	0
6	0
0	0
5	0
16	0
5	0
2	0
0	0
5	0
5	0
17	0
9	0
3	0
7	0
4	0
3	149
10	140
10	134
92	0
1	0
2	0
3	1
2	1
2	0
0	0
17	0
3	0
3	0
4	0
1	0
1	0
2	0
3	0
1	0
3	0
1	0
6	0
1	0
3	0
0	0
3	0
2	0
2	0
2	0
3	0
0	0
3	0
2	0
1	0
0	0
2	0
2	0
0	0
4	1
1	0
3	0
6	0
1	0
3	0
3	0
2	0
9	0
2	0
4	0
2	0
6	0
0	0
3	0
10	0
2	0
4	0
4	0
4	0
3	2
1	0
1	0
2	0
2	0
2	0
2	0
1	0
6	0
4	5
3	0
2	0
0	0
1	0
2	0
0	2
4	2
1	0
0	0
4	0
2	0
1	0
2	0
3	0
3	0
4	0
0	0
4	0
4	0
7	0
1	0
2	0
1	0
3	0
0	0
1	0
1	0
3	0
0	0
4	0
1	0
1	0
6	0
3	0
2	0
3	0
3	0
0	1
4	1
3	0
3	0
0	0
1	0
4	0
6	0
12	0
8	0
16	15
0	15
31	0
4	0
4	6
16	10
9	0
4	0
1	6
5	6
3	0
4	0
0	0
0	0
8	0
18	0
10	0
22	0
5	0
1	0
15	0
1	0
4	0
2	0
17	0
3	0
5	0
4	0
7	0
5	0
3	0
13	0
7	0
4	0
2	0
1	0
3	0
2	3
2	0
2	0
1	0
1	20
10	20
3	0
2	0
2	0
27	0
10	0
1	0
0	0
0	3
5	3
3	0
0	0
9	0
0	0
2	0
5	0
18	0
1	0
0	0
7	0
1	0
4	0
8	0
2	0
4633	1
7	0
19	0
16	4
6	0
29	0
17	0
4	0
6	0
4	0
1	0
9	0
4	0
2	0
2	0
2	0
2	0
5	0
3	0
0	0
4	0
2	0
3	0
2	0
5	0
4	0
3	0
3	0
3	0
6	0
4	0
2	0
2	0
2	0
2	0
4	0
3	0
4	0
2	0
2	0
1	0
3	0
2	0
3	0
4	0
2	0
3	0
3	0
2	0
1	0
4	0
1	0
7	0
4	0
4	0
1	0
5	0
6	0
1	0
5	0
11	0
9	0
3	0
3	0
2	0
3	0
1	0
0	0
2	0
5	0
5	0
3	0
1	0
2	0
3	0
2	0
8	0
2	0
5	0
2	0
5	0
3	0
0	0
3	0
3	0
3	2
3	0
4	0
3	0
2	0
4	0
2	0
1	0
2	0
9	0
3	0
3	0
3	0
0	0
3	0
1	0
6	0
1	0
4	0
5	0
3	0
8	0
5	0
0	0
2	2
7	0
3	0
3	0
0	0
2	0
3	0
4	0
2	0
3	0
9	0
1	0
2	0
0	0
1	0
2	0
2	0
0	0
1	0
0	0
2	0
2	0
3	1
7	0
10	0
3	0
2	0
4	0
11	0
4	0
5	0
2	0
0	0
1	0
6	0
1	0
2	0
3	0
3	0
3	0
3	0
6	0
7	0
3	0
6	0
0	0
3	0
2	0
2	0
7	0
8	0
3	0
0	2
1	2
1	0
1	0
2	0
1	0
0	3
5	0
3	0
1	0
1	0
0	0
9	0
4	0
3	0
3	0
3	0
1	0
1	0
4	0
1	0
4	0
2	0
2	0
3	0
6	0
3	0
2	0
8	0
0	0
4	0
3	0
1	0
1	0
2	0
4	0
2	0
2	0
2	0
1	0
2	0
1	0
1	0
2	0
6	0
2	1
0	1
3	0
0	0
1	0
3	0
0	13
27	13
1	0
16	0
4	0
6	0
8	3
0	0
1	0
3	0
3	1
3	1
6	1
0	0
4	0
1	0
3	0
2	0
0	0
6	0
1	1
1	1
1	0
0	2
10	0
1	0
2	0
3	0
0	0
2	0
6	0
47	0
5	0
7	0
1	0
3	0
4	0
1	0
2	0
1	0
3	0
1	0
5	0
1	0
1	0
1	0
7	0
0	0
4	0
1	0
6	0
10	0
2	0
1	0
2	0
0	0
6	0
3	0
2	0
5	0
2	0
2	0
5	0
10	0
4	0
2	0
1	0
2	0
1	0
3	0
7	0
2	0
1	1
5	0
2	0
3	0
0	0
2	0
3	0
2	0
5	0
0	1
0	1
9	0
1	0
1	0
10	0
5	1
5	0
1	0
3	0
3	0
1	0
8	0
3	0
5	0
2	0
3	0
2	0
3	0
5	0
2	0
0	0
0	0
3	0
7	0
5	0
5	0
7	0
0	0
2	0
3	0
1	0
1	0
0	0
6	0
3	0
2	0
1	0
2	0
0	0
1	0
3	0
5	0
4	0
2	0
2	0
5	0
3	0
4	0
4	0
2	0
1	0
3	0
2	0
2	0
4	0
3	0
5	0
4	0
3	0
0	0
1	0
7	2
3	0
1	0
2	0
2	2
11	1
1	0
1	0
1	0
1	0
1	0
7	0
2	0
2	0
1	0
3	0
2	0
3	0
3	0
1	0
7	0
1	0
4	0
0	0
5	0
3	0
5	0
3	0
2	0
5	0
0	0
0	0
4	0
1	0
12	0
5	0
6	0
2	0
0	0
8	0
1	0
6	0
2	0
7	0
4	0
4	0
1	0
4	0
5	0
0	0
4	0
1	0
3	0
4	0
0	0
5	0
2	0
0	0
1	0
0	0
1	0
8	2
3	0
3	0
16	0
4	0
2	0
4	0
8	2
0	0
6	0
1	0
1	0
2	0
1	0
1	0
2	0
14	7
2	7
6	0
1	0
2	0
2	1
4	4
4	0
2	0
3	0
3	0
1	0
5	0
2	0
4	0
5	0
1	0
9	0
12	1
5	0
2	0
2	0
2	0
6	0
10	0
5	0
3	0
1	0
9	0
5	0
0	0
0	0
5	0
5	0
6	4
14	109
18	109
5	0
3	0
5	0
6	3
8	0
2	0
3	0
7	0
1	0
3	0
14	2
5	0
3	0
4	0
1	0
5	10
6	0
3	0
1	0
2	0
9	0
9	0
4	0
7	0
3	0
1	0
5	0
2	0
22	0
23	0
5	0
3	0
133	0
6	0
6	0
4	0
0	0
2	0
5	0
3	0
8	0
3	0
7	0
2	1
6	0
4	0
3	0
1	0
0	0
4	0
2	0
8	0
15	0
4	0
14	0
3	0
4	0
5	0
192	0
0	0
16	0
5	0
13	0
6	0
5	0
4	0
2	2
4	0
8	0
4	0
4	0
7	0
2	0
0	0
6	0
8	0
8	0
0	0
5	0
48	1
3	0
0	0
6	0
2	0
26	0
4	0
9	0
1	0
2	0
2	0
1	0
2	0
7	0
3	0
1	0
1	0
3	0
2	0
0	0
4	0
0	0
0	0
4	0
3	0
3	0
1	0
1	0
2	0
2	0
0	0
1	0
1	0
4	0
2	0
0	0
1	0
3	0
3	0
0	0
1	0
0	0
1	0
2	0
0	0
1	0
2	0
2	0
1	0
2	0
5	0
0	0
3	0
1	0
3	0
6	0
3	0
2	0
0	0
1	0
1	0
1	0
2	0
3	0
2	0
1	0
1	0
3	0
2	0
2	0
1	0
3	0
0	0
1	0
0	0
0	0
4	0
0	2
2	2
2	0
2	0
2	0
1	0
1	0
3	0
1	0
6	0
3	0
3	0
1	0
0	0
1	0
0	0
3	0
3	0
5	0
2	0
2	0
3	0
20	0
1	0
0	0
2	0
3	0
3	0
9	0
20	0
0	0
7	0
3	0
3	0
0	2
7	1
0	2
1	2
7	0
15	0
5	2
0	2
4	0
29	0
42	11
0	11
16	0
2	0
1	0
10	4
2	0
0	0
83	0
96	0
15	1
8	0
2	0
1	0
98	0
0	0
5	0
7	0
1	0
4	2
4	0
1	2
1	0
2	0
29	0
9	0
4	0
16	0
5	0
4	0
138	0
7	0
4	0
0	0
0	0
5	0
7	0
1	0
0	0
4	0
112	7
4	7
4	0
2	1
2	6
0	6
7	0
14	0
2	1
1	1
0	1
1	1
0	1
0	0
4	0
2	4
0	4
11	0
0	148
13	148
0	148
12	0
0	0
2	0
2	0
70	0
144	0
13	0
23	0
7	0
6	0
5	0
3	0
1	4
0	4
0	0
11	0
30	0
0	2
3	2
1	0
26	0
2	3
14	3
8	1
0	1
2	4
9	4
0	11
4	11
0	4
0	4
14	0
7	0
7	0
5	0
23	0
6	0
3	0
14	0
3	0
0	0
1	0
5	0
6	13
3	13
5	0
1	0
2	0
3	0
3	0
2	0
20	3
13	0
24	0
3	0
1	0
2	0
4	0
2	0
2	0
11	0
13	0
54	51
0	51
4	0
12	0
2	0
2	0
2	0
4	0
1	0
7	0
3	0
5	0
3	0
2	0
13	0
0	0
0	0
6	0
1	0
26	0
7	0
1	0
2	0
6	0
4	0
4	0
1	0
0	0
2	1
5	0
4	0
2	0
2	0
0	1
0	1
1	0
1	0
3	0
6	0
1	0
4	0
4	0
1	0
9	0
5	0
2	0
1	0
2	0
2	0
0	3
1	3
7	0
1	0
0	0
5	0
7	0
4	0
6	5
0	5
4	0
4	0
4	0
2	0
8	0
3	0
4	0
331	0
12	10
1	10
12	0
2	0
0	0
10	0
6	0
2	0
2	145
9	145
5	0
11	0
0	0
0	0
9	0
5	0
1	0
1	0
0	46
3	46
2	0
5	0
4	62
0	62
4	0
3	0
0	1
3	1
2	0
2	4
6	4
11	0
3	44
10	44
0	0
3	0
5	0
2789	5
13	1
3	0
6	0
2	0
2	0
2	0
9	0
21	0
1	0
4	0
6	0
0	4
1	4
14	0
2	0
20	0
4	0
2	0
5	1
1	21
1	20
0	0
1	0
1	0
3	0
5	0
6	0
20	2
1	0
1	0
2	0
2	0
19	0
1	0
1	0
0	0
1	0
2	0
0	0
1	0
3	0
1	0
57	0
0	0
11	0
8	0
4	0
39	0
0	0
0	0
0	0
222	0
1	0
84	0
1	0
7	0
2	0
4	0
5	0
8	7
1	0
1	0
1	0
3	0
3	0
4	0
1	0
4	1
0	0
3	0
3	0
1	0
1	0
0	0
13	0
1	0
8	0
7	0
0	0
3	0
1	0
1	0
1	0
8	0
11	0
3	0
0	0
1	0
6	0
3	0
6	0
1	0
8	0
16	0
4	0
3	0
0	0
2	0
2	0
2	0
8	0
1	0
8	0
3	0
2	0
4	0
9	0
2	0
3	0
2	0
0	0
4	0
5	0
5	0
2	0
5	0
1	0
3	0
2	0
6	0
4	0
2	0
2	0
7	0
3	0
3	0
9	0
3	0
2	0
2	0
4	0
7	0
1	0
0	2
1	2
0	2
2	0
10	0
3	0
3	0
1	2
3	2
2	0
1	0
3	0
2	0
3	0
2	0
1	0
3	0
3	0
8	0
2	0
1	0
1	0
2	0
3	0
3	0
3	0
1	0
1	0
2	0
0	0
2	0
0	0
2	0
3	0
6	5
3	0
0	0
4	0
4	0
4	0
6	0
0	0
3	0
6	0
2	0
3	0
2	0
2	0
3	0
7	0
2	0
2	0
5	0
3	0
1	0
1	0
4	0
4	0
1	0
4	0
2	0
3	0
4	0
3	0
1	0
5	0
2	0
2	0
3	0
2	0
1	0
1	0
5	0
2	0
0	0
0	0
2	0
2	0
1	0
0	0
2	0
0	0
6	0
0	0
2	0
3	0
1	0
2	0
7	0
2	0
0	1
4	1
49	0
2	0
3	0
3	0
1	0
4	0
0	0
1	0
2	0
2	0
5	0
121	0
2	0
2	0
2	0
6	0
2	0
1	0
5	0
3	0
3	0
2	0
5	0
1	0
2	0
0	1
3	0
4	0
1	0
1	0
3	0
6	0
3	0
6	0
0	0
4	0
0	0
1	0
1	0
0	0
3	0
2	0
5	0
5	0
1	0
2	0
3	0
38	0
0	0
5	0
0	5
1	5
4	0
4	0
2	0
2	0
3	0
3	0
0	5
2	5
8	0
2	0
1	0
9	0
50	108
3	108
42	0
6	0
0	0
1	0
0	2
0	2
4	0
10	0
158	0
9	10
4	0
5	0
2	0
7	0
47	0
6	0
11	0
2	0
10	69
3	69
44	0
26	0
3	0
9	0
9	0
14	1
0	0
3	0
112	0
18	0
7	0
89	0
3	0
8	0
3	0
17	0
3	0
2	0
1	0
2	1
1	1
7	0
8	0
15	0
12	0
0	0
20	0
1	0
1	0
12	0
1	0
2	0
21	0
8	0
5	0
3	0
2	0
6	0
1	1
3	0
2	0
1	0
3	0
1	0
5	0
3	0
2	0
3	0
1	0
0	0
1	0
2	0
9	0
1	0
2	0
3	0
8	0
4	0
1	0
3	0
3	0
3	0
5	0
2	0
4	0
5	0
5	0
6	0
4	0
1	5
0	5
4	0
8	0
3	0
3	0
4	0
2	0
1	0
3	0
2	0
2	0
4	0
3	0
0	0
4	0
5	0
1	0
2	0
1	0
2	0
3	0
7	0
1	0
3	0
1	0
2	0
3	0
0	0
3	0
1	0
4	0
3	0
0	0
1	0
3	0
3	0
4	0
6	0
4	0
1	0
0	1
0	0
3	0
6	0
2	0
3	0
0	0
0	0
4	0
4	0
1	0
2	0
1	0
4	0
2	0
2	0
0	1
1	1
2	0
2	0
4	0
6	0
4	0
2	0
8	0
3	0
3	0
3	0
5	0
6	0
5	0
2	0
4	0
3	0
0	2
5	0
6	0
4	0
1	0
12	0
3	0
8	0
3	0
4	0
5	0
20	0
5	0
5	0
8	0
3	0
4	0
2	0
9	0
3	0
1	0
3	0
3	0
2	0
1	0
4	0
4	0
12	0
2	0
7	0
1	0
9	0
3	0
1	0
2	0
1	0
4	0
5	0
5	0
3	0
3	0
0	0
0	0
8	0
64	0
2	0
18	0
9	1
4	0
0	0
1	0
7	0
6	0
4	0
2	0
3	0
2	0
0	0
7	0
4	0
0	0
20	0
3	0
6	0
3	1
2	0
35	0
10	0
5	0
1	0
1	0
8	0
2	0
6	0
5	0
18	0
5	0
135	0
3	0
6	0
0	0
9	0
9	1
12	0
1	0
1	0
0	0
3	0
1	0
2	2
0	2
41	0
6	0
2	0
3	0
2	0
3	0
2	0
3	0
8	0
3	0
5	0
0	0
4	0
5	0
1	0
2	0
9	0
1	0
2	0
2	0
3	0
0	1
2	1
1	0
6	0
0	0
4	0
2	0
4	0
5	0
5	0
2	0
3	0
2	0
2	0
2	0
1	0
6	0
10	0
7	0
1	1
1	1
1	1
0	0
3	0
0	0
1	0
6	0
4	0
2	0
2	0
4	0
4	0
0	0
2	0
6	0
3	0
1	0
3	0
2	0
8	0
4	0
3	0
2	0
2	0
0	0
9	0
7	0
2	0
3	0
7	0
1	0
3	0
4	0
3	0
7	0
1	0
6	0
1	0
0	0
2	0
9	0
3	0
2	0
4	0
2	0
3	0
2	0
4	0
4	0
1	0
2	0
3	0
3	0
3	0
9	1
1	0
1	0
4	0
4	0
3	0
2	0
0	0
0	0
9	0
6	0
1	0
2	0
3	0
3	0
3	0
4	0
2	0
6	0
1	0
2	0
2	0
3	0
2	0
1	0
2	0
4	0
2	0
3	0
1	0
3	0
2	0
1	0
3	0
3	0
1	0
2	0
3	0
3	0
1	0
1	0
3	0
4	0
4	0
5	0
4	0
1	0
1	0
3	0
1	0
5	0
1	2
1	0
0	0
4	0
1	0
3	0
0	0
1	0
1	0
1	0
7	0
4	0
1	0
6	0
1	0
5	0
12	0
5	0
1	0
0	0
2	0
3	0
9	0
2	0
2	0
12	0
2	0
2	0
3	0
4	0
0	0
7	0
4	0
3	0
3	0
1	0
5	0
76	1
5	0
0	0
0	0
23	0
2	0
2	0
2	0
0	1
2	1
1	0
7	0
6	0
14	0
13	0
0	0
5	0
1	1
4	0
4	0
15	0
5	0
8	0
1	0
1	0
0	0
1	0
4	0
1	0
11	0
1	32
1	32
2	0
14	0
1	0
4	0
24	0
7	0
12	23
1	23
0	0
6	0
5	0
5	0
8	0
12	0
12	0
37	0
6	0
1	1
0	1
4	0
5	0
2	0
0	2
1	2
1	0
8	0
50	1
4	0
65	0
1	0
3	0
55	0
2	0
4	0
2	0
5	0
1	0
8	0
8	0
2	0
4	0
37	0
4	0
5	2
0	0
1	0
1	0
60	0
5	0
1	11
4	11
3	0
1	0
4	0
16	0
9	0
6	0
1	0
2	0
2	0
1	0
99	0
3	0
24	0
5	0
1	0
9	0
35	0
1	0
1	0
0	0
3	0
6	0
4	0
3	0
4	0
105	0
4	0
4	0
0	0
0	0
2	0
1	0
3	0
5	0
3	1
1	0
4	0
5	0
1	0
3	0
5	0
2	0
2	0
2	0
2	0
5	0
3	0
4	0
0	0
2	0
3	0
6	0
1	0
2	0
2	0
1	0
3	0
5	0
2	0
2	0
3	0
0	0
2	0
2	0
3	0
12	0
3	0
2	0
6	2
6	0
1	0
2	0
9	0
0	0
1	0
9	0
16	0
4	0
4	0
5	0
5	0
4	0
1	0
3	0
4	0
4	0
23	0
2	0
2	0
8	0
4	0
4	0
2	0
3	0
2	0
7	0
3	0
3	0
3	0
1	0
1	0
4	0
1	0
5	0
4	0
6	0
0	0
9	0
2	0
1	0
16	0
2	0
2	0
3	0
5	0
1	0
0	0
0	0
6	0
4	0
6	0
4	0
3	0
3	0
3	0
4	0
0	0
2	0
2	0
5	0
0	0
2	0
1	0
2	0
1	0
7	0
1	0
1	0
3	0
3	0
3	0
6	0
5	0
7	0
1	0
8	0
1	0
0	0
2	0
4	0
3	0
0	0
1	0
3	0
3	0
2	0
2	0
2	0
4	0
1	0
1	0
1	0
3	0
3	0
1	0
1	0
2	0
4	0
1	0
2	0
1	0
0	0
0	0
2	0
4	0
8	0
7	0
3	0
2	1
2	0
2	0
1	0
3	0
5	0
5	0
1	0
2	0
7	0
3	0
2	0
2	0
2	0
0	0
1	0
2	0
2	0
2	0
2	0
2	0
3	0
3	0
7	0
3	0
1	0
1	0
3	0
0	0
3	0
2	0
0	0
5	0
4	0
3	0
2	0
2	0
1	0
1	0
3	0
2	0
1	0
1	0
1	0
1	0
3	0
4	0
5	0
2	0
7	0
9	0
1	0
16	6
0	6
3	21
0	21
6	0
18	0
5	0
0	0
1	0
4	0
4	0
4	0
5	0
3	0
3	0
1	0
1	1
3	0
3	0
3	0
2	0
6	0
9	0
4	0
4	0
14	0
2	0
7	0
1	0
4	0
7	0
3	0
2	0
5	0
2	0
4	0
2	0
6	0
4	0
4	0
2	0
1	0
7	0
11	0
0	0
4	0
3	0
8	0
3	0
2	0
11	0
4	0
3	0
2	0
2	0
9	0
2	0
2	4
3	4
6	0
1	0
0	0
5	0
4	0
4	0
6	0
3	0
2	0
4	0
2	0
4	0
4	0
3	0
13	0
1	0
5	0
1	0
0	0
0	0
3	0
0	0
6	0
3	0
3	0
25	0
2	0
8	0
18	0
2	0
0	0
0	0
7	0
0	0
4	0
0	0
3	0
5	0
3	0
9	0
4	0
9	0
4	0
6	0
4	0
6	0
9	0
8	0
2	0
4	16
1	0
1	0
0	0
0	0
72	0
2	0
1	0
7	0
0	0
8	0
3	0
14	0
12	1
3	0
4	0
49	0
3	0
11	0
4	0
1	0
0	0
6	0
0	0
2	0
0	6
3	6
4	0
10	0
1	0
8	0
4	0
3	0
3	0
1	0
1	0
7	0
14	0
6	0
7	0
3	0
0	0
3	0
30	0
3	0
19	0
1	0
2	0
6	0
3	0
5	0
93	2
0	0
5	0
2	0
2	0
2	0
0	129
0	127
0	128
0	0
2	0
30	28
0	28
31	0
1	0
3	0
2	0
2	0
2	0
1	0
2	0
19	0
3	0
10	0
0	2
2	2
21	0
3	0
1	0
14	0
8	0
16	0
3	0
3	0
5	0
3	0
1	0
1	0
3	0
1	0
8	0
1	0
1	0
1	0
0	0
13	0
10	0
10	0
21	0
3	1
3	1
2	0
3	0
5	0
7	1
2	0
5	0
5	0
30	4
5	0
6	0
13	0
1	0
1	0
37	0
1	0
4	0
0	0
5	0
8	0
5	0
14	0
3	0
5	0
1	0
8	0
2	0
6	0
1	0
2	0
3	0
4	0
5	0
3	0
4	0
4	0
6	0
1	0
1	0
12	0
3	0
2	0
5	0
4	0
7	0
3	0
0	0
4	0
1	0
5	0
3	0
3	0
3	0
5	0
14	0
1	0
4	0
4	0
2	0
4	0
6	0
3	0
6	0
2	0
2	0
1	0
10	0
4	0
5	0
4	1
2	0
7	0
6	0
3	0
0	0
1	0
0	0
4	0
3	0
3	0
3	0
2	0
4	0
1	0
3	0
13	35
2	35
2	0
0	8
0	8
2	26
4	26
0	0
0	0
1	0
2	0
1	0
5	0
2	0
7	0
1	0
7	0
3	0
4	0
28	0
3	0
7	0
2	0
3	0
1	0
1	0
4	0
0	0
5	0
5	0
2	0
8	0
2	0
1	0
0	0
1	0
2	0
3	0
8	0
9	0
5	0
3	0
1	0
6	0
7	0
7	0
2	0
4	0
2	0
7	0
3	0
1	0
4	0
3	0
5	0
13	4
3	0
1	0
7	0
2	0
3	0
2	0
3	0
4	0
2	2
2	0
4	0
6	0
3	0
0	7
1	7
1	0
1	0
3	0
2	0
0	0
9	0
1	0
3	0
0	0
3	0
5	0
0	0
1	0
1	0
1	0
3	0
3	0
2	0
0	0
1	0
3	0
1	0
2	0
6	0
2	0
4	0
1	0
1	0
5	0
6	0
3	0
4	0
0	2
40	0
20	2
5	0
4	0
1	0
23	0
12	0
4	0
4	0
3	0
7	0
14	0
23	1
0	1
17	0
3	0
4	0
0	0
5	0
25	0
3	0
3	0
1	0
21	0
8	0
0	0
10	0
2	0
2	0
7	0
4	0
1	0
4	0
11	0
13	0
5	0
2	317
127	317
7	0
7	0
0	0
5	0
31	2
19	0
31	0
1	0
0	12
0	12
74	0
4	0
5	0
0	0
0	0
5	0
25	0
1	0
12	0
0	7
3609	11
2	0
11	0
5	0
0	0
1	0
1	1
34	0
1	1
10	0
6	0
0	0
10	0
9	0
18	0
11	0
0	55
84	55
1	0
6	0
7	0
6	0
6	0
2	0
0	0
0	0
11	0
3	0
1	0
0	0
0	4
1	4
1	0
4	0
3	0
7	0
0	0
7	0
9	0
0	0
0	0
4	4
2	4
2	0
4	0
1	1
1	0
2	0
2	36
0	36
2	0
4	0
7	0
18	0
5	0
3	0
1	0
4	0
1	0
1	0
10	0
7	0
1	0
15	0
1	0
3	38
0	38
5	0
8	0
7	0
4	0
0	0
0	2
3	2
4	0
0	0
4	0
3	0
3	2
0	2
3	0
2	0
5	0
3	0
2	0
7	0
0	0
1	0
1	0
6	0
6	0
6	0
0	0
1	0
0	0
1	0
0	0
3	0
15	0
3	0
4	0
6	0
2	0
10	0
315	20
0	20
4	0
1	0
2	0
4	0
2	0
16	0
31	0
2	1
0	0
3	0
2	0
3	0
3	0
3	0
12	0
22	0
0	0
11	0
4	0
18	0
0	0
1	0
5	0
1	0
2	0
13	0
3	0
5	0
3	0
0	1
6	0
5	0
6	0
7	0
0	0
1	0
2	0
5	1
1	0
4	0
3	0
4	0
1	0
3	0
2	0
0	0
1	0
17	0
3	0
5	0
29	0
3	0
1	240
5	240
16	0
6	0
0	0
0	0
0	0
12	0
2	0
9	0
0	0
0	0
0	0
2	3
2	3
5	0
7	10
8	10
4	0
1	0
2	1
2	1
4	0
3	0
3	0
2	0
3	0
0	0
3	9
2	9
1	0
3	0
17	0
1	0
1	1
0	1
8	0
5	0
9	0
0	0
2	0
11	0
2	0
6	0
5	4
1	4
3	0
0	45
0	56
0	45
3	56
3	0
9	0
4	0
51	0
2	0
2	0
7	0
4	1
58	0
7	0
4	0
3	0
2	0
4	0
3	0
5	0
9	0
14	0
6	0
21	0
1	0
31	0
7	0
27	102
4	102
0	80
54	0
44	0
99	0
5	0
2	0
2	1
0	1
9	0
2	2
2	2
4	10
0	10
5	0
42	0
0	0
0	33
60	33
4	0
157	0
1	4
0	4
1	0
4	0
1	0
34	0
24	0
7	0
3	0
0	0
2	46
6	46
1	0
9	0
11	15
0	15
2	0
0	2
2	2
2	0
1	0
13	0
23	0
3	0
11	0
6	0
5	0
6	0
3	4
0	4
2	4
2	0
5	0
3	0
11	0
1	0
2	4
1	4
0	0
39	0
41	0
67	0
1	0
3	0
5	0
5	0
6	0
0	0
0	93
0	97
0	90
0	100
19	0
2	0
1	41
105	41
12	0
2	0
25	0
0	38
103	38
231	0
9	69
87	69
11	0
0	4
8	4
18	0
8	0
6	0
202	25
0	25
5	0
0	208
1	263
18	333
2	278
0	0
6	0
20	0
10	100
2	104
0	5
0	30
0	55
0	47
0	38
9	0
0	0
0	0
14	57
2	57
2	0
17	0
4	0
3	0
7	0
0	0
1	0
185	32
1	32
0	0
0	6
4	6
3	0
2	0
12	0
0	196
428	196
2	0
35	0
8	0
37	0
2	0
5	0
18	0
48	60
1	60
0	30
16	35
0	36
10	0
1	29
3	29
9	0
6	0
0	18
12	18
4	171
1	40
0	2
0	188
5	0
1	0
0	0
13	0
5	0
9	0
0	0
12	0
0	0
1	0
0	0
5	63
5	25
0	63
0	118
27	433
2	433
3	0
0	1
13	0
1	0
5	0
4	1
0	2
1	1
19	0
144	26
0	26
123	39
2	39
225	7
2	7
1	0
7	0
0	0
0	0
3	0
1	2
0	2
1	0
2	0
9	0
9	0
3	0
9	0
2	0
0	3
2	3
11	0
1	0
8	0
14	0
10	0
36	0
0	133
4	133
9	68
1	68
19	0
14	0
8	0
5	0
4	0
0	2
9	2
16	0
6	0
19	0
0	79
35	147
9	147
184	0
2	0
2	0
22	0
3	0
3	0
19	0
144	0
3	0
1	0
3	0
3	0
0	0
4	0
0	0
1	0
3	1
1	1
1	0
3	7
3	0
3	0
4	0
4	0
7	0
3	0
2	0
1	0
3	0
4	0
7	1
10	0
11	0
3	0
5	0
3	0
1	0
2	0
1	0
3	0
3	0
7	0
4	0
7	0
9	2
2	0
2	0
2	0
2	0
1	0
24	0
2	0
3	0
8	0
2	0
4	0
0	0
1	0
5	0
1	0
2	0
8	5
6	0
1	0
11	0
3	0
2	0
7	0
5	0
2	0
4	0
3	0
3	0
2	0
2	0
4	0
3	0
1	0
1	0
3	0
3	0
4	0
1	0
4	0
2	0
2	0
2	0
8	0
3	0
2	0
2	0
2	0
2	0
5	0
2	0
1	0
4	0
4	0
4	0
1	0
5	0
1	0
3	0
3	0
3	0
3	0
0	0
2	0
2	0
1	0
5	0
4	0
0	0
3	0
2	10
0	0
0	0
6	0
2	0
4	0
3	0
3	0
3	0
6	0
0	0
2	0
1	0
2	0
2	0
2	0
3	0
2	0
3	0
7	0
2	0
8	0
5	0
3	0
1	0
8	0
14	0
2	0
7	0
1	0
2	0
2	0
2	0
0	0
2	0
7	0
14	0
3	1
2	0
2	0
8	0
3	0
9	0
2	0
0	0
11	0
2	0
0	0
7	0
0	0
0	0
3	0
6	6
6	0
4	0
1	0
12	0
3	0
4	0
3	0
3	0
5	0
2	0
2	0
6	0
6	0
2	0
12	1
8	0
4	0
1	0
1	0
1	0
1	10
1	10
56	0
2	0
1	0
3	0
3	0
6	0
0	0
3	0
2	0
8	0
6	0
4	0
6	0
7	0
13	0
3	0
2	0
5	0
4	0
2	0
10	0
4	0
2	0
1	0
8	0
3	0
2	0
2	0
3	0
3	0
4	0
1	0
2	0
1	2
0	0
3	0
3	0
5	0
1	0
1	0
2	0
1	0
2	0
4	0
5	0
4	0
6	0
3	0
4	0
4	0
0	0
2	0
4	0
3	0
11	0
4	0
7	0
2	0
2	0
2	0
3	0
1	0
1	0
1	0
0	0
4	1
5	0
0	0
2	0
7	0
22	0
3	0
2	0
2	0
2	0
8	0
5	0
7	0
3	0
2	0
4	0
2	0
5	0
0	0
3	0
4	0
2	0
1	0
3	0
2	0
176	0
3	0
4	0
2	0
0	0
1	0
1	0
10	0
3	0
1	0
6	0
3	0
2	0
5	1
0	0
4	0
2	0
1	0
5	0
2	0
6	0
9	0
4	0
4	0
8	0
2	0
3	0
2	0
1	0
4	0
0	0
1	0
14	0
7	0
2	0
1	0
8	0
13	0
1	1
3	0
1	0
2	0
4	0
5	0
1	75
0	78
0	84
4	0
4	0
7	0
7	0
1	0
1	0
2	0
2	0
45	0
3	0
2	0
3	2
3	2
6	1
3	0
3	0
10	0
4	0
2	0
0	0
4	0
3	0
3	0
2	0
3	0
3	0
18	0
6	0
5	0
1	0
8	0
6	0
5	0
4	0
0	9
2	9
2	0
4	0
6	0
2	0
4	0
0	0
0	9
10	0
4	0
6	0
2	0
1	0
11	0
1	0
1	0
3	0
3	0
0	0
3	0
3	0
6	0
5	0
1	0
3	0
2	0
4	0
4	0
6	0
3	0
3	0
1	0
3	0
2	0
2	0
6	0
5	0
3	0
1	0
6	0
8	0
3	0
2	0
1	0
2	0
2	0
2	0
2	0
5	0
1	0
0	0
4	0
0	0
2	0
2	0
3	0
2	0
2	0
2	0
1	0
6	0
6	0
4	0
1	0
19	1
22	0
4	0
5	0
3	3
3	0
4	0
8	0
2	0
9	1
7	0
3	0
3	0
2	0
1	0
1	0
5	0
0	0
9	0
25	1
10	0
5	0
1	0
0	0
2	0
6	0
5	0
4	0
4	0
7	0
0	0
1	0
2	0
3	0
2	0
9	0
208	0
2	0
3	0
1	0
3	0
5	1
9	5
0	5
5	0
5	0
28	0
3	0
3	0
3	0
6	0
3	0
4	0
1	0
1	0
12	0
5	0
4	0
5	0
2	0
3	0
2	0
2	0
4	0
36	1
15	0
4	0
12	0
8	0
1	0
23	0
4	0
9	0
2	0
3	0
0	0
0	13
5	13
1	0
6	0
3	0
6	0
1	0
0	2
9	12
1	12
3	0
1	0
3	0
8	0
1	0
2	0
5	0
5	0
1	0
1	0
1	0
1	3
1	0
1	0
5	0
2	0
2	0
6	0
7	0
1	0
2	0
9	0
4	0
2	0
2	0
1	0
3	0
12	0
5	0
11	0
3	0
8	0
10	0
3	0
2	0
3	0
5	3
4	0
0	0
0	0
0	0
4	0
4	0
3	0
0	0
0	0
3	0
3	0
3	0
5	0
3	0
4	0
0	1
3	1
0	0
1	0
3	0
5	0
1	0
12	0
2	0
2	0
0	0
0	0
0	0
15	0
0	0
1	0
8	0
5	0
0	0
2	0
0	0
0	0
1	0
3	0
4	0
2	0
1	0
6	0
2	0
3	0
3	0
1	0
5	0
1	0
4	0
1	0
2	0
2	0
0	0
1	0
6	0
2	0
2	0
1	0
3	0
2	0
4	0
2	0
4	0
3	0
8	0
1	0
3	0
1	0
1	0
2	0
4	0
5	0
2	0
2	0
5	0
0	0
1	0
1	0
2	0
1	1
3	1
0	0
1	0
2	0
2	0
3	0
3	0
2	0
2	0
3	0
7	0
3	0
3	0
3	0
2	0
0	775
0	825
0	0
0	294
2	865
0	735
0	663
0	346
3	321
1	751
0	234
2	1
1	0
311	0
19	136
2	136
22	479
15	485
0	485
10	0
996	0
0	0
4	0
2	0
15	9
3	8
324	111
2	111
186	0
0	0
88	0
0	389
0	390
0	209
409	0
0	45
352	45
29	1
2	53
13	53
0	86
0	82
0	64
0	60
46	0
69	0
1	0
2	51
9	83
4	74
11	64
0	64
2	3
3	0
0	0
0	0
489	1
5	0
0	2
5	2
6	12
0	12
42	0
0	0
181	0
3	59
25	59
341	102
7	102
9	0
1	0
1	0
2	0
6	0
2	50
0	50
61	0
1	56
23	56
34	38
0	133
0	166
66	201
5	0
1	0
6	1
0	1
2	1
0	1
72	0
0	134
0	239
0	148
4	265
0	162
0	176
3	58
22	0
10	0
4	0
0	298
0	277
0	169
0	148
0	275
0	254
14	0
6	0
2	76
4	76
102	0
112	0
12	0
2	0
2	12
3	12
6	32
7	233
0	226
1	156
2	72
2	163
3	65
3	23
75	0
5	0
3	15
1196	0
6	0
1	0
751	0
3	220
1	227
29	30
4	220
2	218
3	226
0	124
0	124
0	72
0	72
0	122
4	119
17	0
47	33
0	33
2	0
3	167
17	167
73	32
0	32
115	0
500	34
0	34
0	156
28	354
38	198
6	155
15	2
0	847
0	843
0	716
0	936
0	1013
1	2
2	716
0	940
0	19
1	670
3	1106
12	0
0	0
7	4
334	4
90	0
6	0
5	201
0	182
3	193
15	175
16	0
6	0
7	3
1	3
0	0
7	15
0	15
0	11
3	1
2	1
0	2
4	0
0	3
1	0
0	3
0	2
3	0
0	2
2	2
0	0
0	671
0	706
0	446
0	723
0	524
0	610
0	507
0	688
0	645
2	81
94	0
5	860
39	855
34	834
92	8
26	8
418	0
2	26
44	58
0	58
0	16
0	17
1	0
1	1
2	0
8	7
0	8
93	0
101	7
0	7
16	7
0	4
2	47
36	47
11	4
188	117
0	117
2	0
5	0
391	353
2	353
16	0
4	0
6	0
3	0
0	0
1	0
2	0
2	0
12	97
10	97
3	0
3	14
1	14
1	3
2	1
3	3
167	749
10	241
0	508
305	0
6	0
276	0
33	0
1	176
106	177
15	68
10	1
19	215
0	215
50	37
1	37
16	354
2	306
11	354
0	1
3	420
5	387
0	445
0	63
47	63
209	0
5	0
140	616
0	483
4	520
2	387
0	0
0	11
324	11
39	0
370	0
1	0
12	0
1	0
102	0
11	136
34	136
1	0
0	3
87	3
42	438
113	438
0	168
0	935
0	935
0	936
0	1
0	935
0	935
0	936
0	1
2	0
1	0
7	0
1	0
134	0
104	0
373	22
2	22
0	20
7	0
0	0
5	0
0	0
4	5
1	4
0	4
2	5
188	128
10	128
9	0
0	165
3	162
2	105
0	425
0	234
20	208
2	380
2	0
0	241
28	857
24	857
16	0
1	0
338	0
334	0
6	0
21	2801
371	2802
13	2663
1	0
35	0
0	62
0	67
0	73
0	67
0	68
0	62
0	74
0	69
11	0
350	0
0	9
26	62
4	62
8	0
28	4
2	382
14	374
9	165
4	356
14	16
18	7
1	0
1	0
1373	0
4	0
1	329
33	471
113	493
336	0
4	139
10	139
64	0
37	0
2	0
0	0
58	7
0	7
9	0
176	0
3	0
6	0
0	267
13	490
1	363
0	140
1	8
3	0
3	0
0	91
841	0
2	10
19	80
1	0
3	0
82	0
0	246
1	246
9	0
181	0
218	0
8	26
8	26
1	0
3	0
1	0
4	1
0	1
0	0
1	0
0	0
2	612
3	541
6	553
1	0
266	0
224	0
64	0
126	0
22	173
353	173
6	0
0	4
0	137
0	132
0	162
0	157
9	13
0	14
0	1
0	4
0	3
0	17
0	17
0	1
0	6
118	6
74	0
26	0
13	0
0	13
52	332
13	332
161	0
219	34
0	34
3	34
2	34
0	4
62	0
1	4
4	1
537	1
0	1
0	32
1	175
20	175
327	49
0	49
7	0
36	0
10	0
2	208
141	208
113	0
200	0
4	199
28	414
26	414
77	0
0	0
5	0
1	0
1	13
9	23
2	23
0	19
2	19
1	0
3	0
23	0
3	0
7	0
209	0
7	0
3	0
11	6
1	0
5	1
24	0
0	0
0	1
6	1
20	0
2	0
3	0
1	0
28	0
11	0
15	0
9	0
1	0
0	0
1	0
1	0
9	0
0	1
0	1
2	0
24	0
2	0
3	0
3	0
2	0
7	0
1	0
8	0
2	3
14	3
40	0
3	0
1	0
4	0
0	1
4	1
14	0
7	0
2	0
1	0
9	4
1	0
5	0
184	0
0	0
4	0
3	0
0	2
3	2
0	9
6	9
0	2
2	0
31	24
0	24
124	0
2	188
36	246
9	246
2	0
2	10
8	10
56	1
8	0
10	0
10	0
0	9
13	9
3	0
0	0
3	0
230	0
1	0
38	0
0	0
7	0
2	1
4	0
4	0
4	0
7	0
7	0
4	2
2	2
1	2
3	3
3	3
0	4
0	4
21	0
3	0
0	0
0	1
0	1
0	0
0	0
38	1
0	88
0	88
0	88
0	92
0	88
7	0
3	0
2	0
6	0
2	0
8	0
14	0
6	0
7	0
2	4
0	4
7	0
5	0
3	1
2	0
3	23
0	23
11	0
5	0
10	0
4	0
24	0
1	0
34	1
2	0
1	1
0	47
0	47
6	0
4	0
3	0
3	0
1	0
4	0
2	0
4	2
6	0
0	1
699	0
0	11
2	8
4	0
1	0
489	0
2	0
3	0
3	0
38	0
3	0
3	0
8	0
7	0
2	0
2	0
1	0
1	28
1	28
10	0
5	0
5	0
6	0
1	0
1	0
6	0
10	0
8	0
5	0
6	0
3	0
1	0
8	0
7	0
1	0
10	0
3	0
5	0
1	0
1	0
1	0
5	0
3	0
1	0
2	0
1	0
3	0
8	0
15	0
0	0
0	1
2	1
3	0
3	0
9	0
2	0
4	0
0	0
2	0
5	0
10	112
5	112
4	0
9	0
0	0
4	0
3	0
2	0
8	0
1	0
4	0
3	0
2	0
1	0
6	0
4	0
62	0
0	0
6	0
3	0
1	0
0	0
4	0
1	0
2	0
8	1
2	0
2	0
4	0
6	0
1	0
16	84
11	84
23	0
5	1
0	1
12	44
2	44
11	1
23	1
1	34
0	5
0	34
0	7
0	22
6	22
17	5
1	5
6	10
2	10
0	1
3	4
2	6
269	338
0	338
9	34
5	34
0	461
0	389
0	452
0	398
108	69
2	18
0	2
6	119
17	119
0	40
12	0
19	0
89	0
1	1
1	0
217	0
779	0
9	0
0	261
0	1595
0	1262
0	1758
0	1168
0	2029
0	973
0	1852
0	1769
0	1592
0	1772
1	2
0	1935
31	0
7	0
0	4
0	3
0	3
0	4
0	4
2	0
0	0
7	237
16	8
4	26
22	237
0	3
4	3
0	6
2	5
19	4
531	0
0	0
3	713
5	684
0	732
0	702
2	221
0	690
0	720
233	0
4	242
2	242
14	0
0	0
2	0
1	0
1758	63
0	63
10	0
1	26
8	26
10	3
3	3
2	0
6	6
4	139
183	193
0	0
55	58
9	72
0	18
9	4
4	4
12	72
0	13
1	14
8	14
8	17
22	91
1	123
13	140
0	2
2	4
0	8
4	1
1	5
19	26
1	26
56	2
13	8
0	19
9	27
33	26
1	2
2	26
3	0
0	0
1	0
7	0
4	0
4	0
2	0
3	0
0	362
4	22
1	354
10	187
3	35
0	0
2	0
6	0
7	0
3	0
9	0
51	0
0	23
8	23
146	0
45	927
0	1125
24	1203
30	951
123	548
10	772
2	881
0	3
24	477
130	164
339	313
2	0
0	485
0	484
0	494
0	290
0	289
0	493
0	116
3	0
221	0
8	0
39	34
27	34
5	0
0	388
0	431
8	22
0	394
0	435
9	0
5	0
11	1
0	3
2	46
0	20
0	33
1	7
0	23
0	33
0	16
0	28
2	10
0	28
0	25
0	33
0	12
0	10
0	16
0	14
0	26
0	25
0	3
5	9
0	21
0	23
0	21
0	12
0	4
4	6
0	31
4	0
0	0
0	0
50	0
13	0
3	2
3	16
1	16
0	56
2	93
0	56
131	93
109	55
5	56
635	1429
29	1262
29	167
0	245
1	0
0	1
7	3
273	533
18	531
3	219
0	2
9	0
6	0
17	0
3	0
10	61
74	61
2	29
0	380
0	452
1	415
0	375
0	369
0	303
0	292
0	10
1	8
2	9
12	14
5	0
25	0
1	10
2	9
0	4
19	656
3	528
4	656
2	64
4	71
10	0
12	0
1	0
3	0
44	159
688	160
7	0
165	0
266	7
2	7
86	0
211	0
0	190
0	132
0	169
0	153
1	1
0	240
0	249
0	125
7	226
3	149
0	67
1	58
0	307
0	7
5	7
0	110
30	173
74	72
76	522
48	143
7	349
0	181
0	196
0	285
0	246
0	273
0	169
0	184
0	234
75	1
4	1
4	0
5	1
3	17
17	17
0	18
0	1
6	0
10	0
5	0
3	0
11	0
462	0
7	0
0	445
0	456
0	225
0	236
196	0
67	619
2	230
2	825
0	71
0	322
63	38
3	38
14	267
2	0
2	0
0	54
0	364
0	212
0	60
0	206
0	195
0	255
0	103
0	169
0	244
0	353
5	83
11	0
2	510
12	1289
0	1358
6	0
79	0
229	0
138	219
2	219
77	219
0	9
24	238
0	189
0	208
0	59
1	422
1	422
2	438
3	438
296	0
1	177
15	177
0	807
3	834
3	767
12	855
7	844
6	813
0	48
12	48
0	0
7	0
0	673
0	659
0	329
0	659
0	660
0	673
0	673
0	661
0	659
0	675
0	674
0	328
0	673
0	659
16	0
28	0
3	0
0	0
66	7
10	4
101	53
8	54
12	7
8	54
13	140
11	140
1	143
0	187
35	196
2	14
154	8
0	15
41	0
14	0
0	175
1	13
0	193
30	661
8	537
65	174
2	167
2	13
7	2
3	0
50	4
11	0
0	282
0	299
0	303
0	278
0	0
2	23
2	0
75	23
402	61
0	61
0	8
5	8
32	17
17	17
25	0
13	0
15	0
0	187
1	535
0	132
0	480
672	0
346	674
11	462
0	212
257	605
1	582
0	23
7	105
0	445
0	435
0	335
0	345
0	704
0	694
140	2
2	2
389	8
4	6
4	259
20	323
42	70
5	0
10	0
27	0
5	0
6	0
2	0
1	0
8	0
104	167
0	167
0	5
2	5
17	0
0	27
1	3
20	7
103	31
0	20
0	23
0	38
0	22
0	39
0	21
9	0
17	18
60	18
3	0
87	0
0	0
11	23
0	23
0	63
6	63
8	70
1	17
0	53
31	750
8	750
0	689
0	656
0	696
0	608
0	634
0	612
0	678
0	655
4	16
0	697
0	611
0	688
0	637
0	686
0	675
0	685
0	699
0	21
0	652
0	653
0	700
1	0
2	0
0	0
0	79
275	79
14	117
18	117
2	0
70	0
10	0
4	0
9	0
3	0
3	0
15	0
0	427
3	1
1	410
8	274
3	291
0	4
0	316
0	311
0	5
0	396
0	411
11	0
17	0
82	71
11	71
45	0
1	38
9	310
6	310
0	15
0	0
1	29
5	29
2	0
312	0
2	0
371	0
150	0
0	0
0	0
79	0
7	0
23	0
16	0
4	0
126	0
2	468
10	468
3	275
10	292
0	29
356	29
61	558
3	317
2	241
6	90
27	90
232	0
436	0
6	131
2	5
276	136
2	62
0	242
472	304
7	1408
4	1116
3	1408
7	1480
12	190
0	1464
11	512
0	1122
2	58
4	249
1	46
15	110
1	3
0	165
7	157
5	77
8	0
3	0
35	0
144	0
0	0
296	422
2	422
21	0
2	168
44	168
10	233
8	233
0	92
0	93
0	91
0	92
0	0
56	0
8	0
93	616
40	615
58	0
1	0
3	0
134	6
2	9
3	9
144	0
253	2
0	2
207	0
590	6
127	0
5	0
1	0
0	6
573	0
70	0
0	0
56	0
1030	0
0	85
0	194
0	217
0	223
0	200
459	0
0	3
18	301
0	301
2	269
122	3
5	11
3	11
12	115
2	53
2	62
102	508
15	508
1	0
1	0
3	0
13	215
1	200
1	248
4	0
0	105
0	152
0	105
1	152
2	5
79	2387
7	2387
1	55
16	1
5	1
4	13
61	13
5	0
1	0
6	0
0	91
41	245
0	183
1	82
0	52
1	0
1	0
2	0
474	0
1	95
21	95
146	0
2	143
13	143
5	24
1	24
236	0
578	566
24	566
0	317
0	79
0	195
0	563
0	243
0	437
6	94
0	782
0	104
0	684
0	268
0	661
0	636
0	29
0	757
0	54
16	85
0	170
0	558
2	0
1	0
15	0
2	0
57	0
1	0
157	0
7	11
4	139
10	138
11	77
8	11
4	60
0	0
2	0
0	3
1	3
1	3
0	11
0	123
0	36
0	196
0	187
0	132
0	45
1	0
453	0
12	28
277	28
0	68
0	63
0	199
0	194
0	196
8	131
8	31
4	117
31	71
26	71
0	10
0	0
6	0
6	0
49	1092
4	1092
7	1092
32	1
1	3
1	4
62	5
5	9
27	2
2	10
0	2
5	11
17	1
5	0
0	0
0	5
2	6
0	53
2	53
0	7
0	9
7	9
7	3
17	3
3	0
181	0
1	4
0	2
1	5
3	1
1	2
0	3
0	0
922	0
5	0
0	161
169	188
0	188
553	1
50	257
14	258
5	258
0	129
446	431
2	431
188	0
0	183
0	181
0	84
0	82
0	4
10	122
6	318
7	588
66	579
0	366
0	153
100	588
0	586
42	1
37	534
0	74
4	4
13	0
9	0
2	4
4	4
118	0
57	2
2	2
43	1
27	0
1	30
0	36
0	42
0	18
0	24
72	0
87	0
56	5
0	4
4	48
3	48
0	1
2	3
0	2
0	1
0	34
14	54
2	4
0	0
7	0
96	17
0	858
487	2634
13	2086
0	2404
0	1088
0	9
69	0
2	0
219	0
2	208
32	208
0	632
0	623
0	429
0	438
0	0
0	0
0	0
2	0
1	9
2	38
0	2978
0	2276
0	2276
0	2978
3	78
13	36
0	432
0	443
0	364
0	426
1	342
0	420
0	358
0	441
2	0
0	449
0	346
2	0
0	10
1	5
8	27
4	5
8	26
0	2
0	30
0	30
4	1
0	5
3	0
0	10
1	3
4	4
4	4
3	2
3	0
9	2
2	2
3	0
7	0
5	1
31	39
0	39
11	29
0	22
69	0
0	33
11	3
9	32
3	42
1	103
12	29
0	110
0	11
0	8
0	5
5	1
9	11
0	3
0	2
2	4
0	1
6	1
6	10
4	97
29	311
10	311
11	0
0	0
16	0
2	42
1	7
9	42
6	144
0	144
0	83
217	0
15	0
14	50
2	50
4	0
8	43
0	43
54	37
3	37
1	2
0	1575
0	1372
0	1386
0	613
0	1399
0	1595
0	1548
0	1352
0	417
0	1771
0	1562
0	19
0	19
0	11
0	27
0	9
0	13
2	17
0	27
0	13
3	13
11	0
2	0
5	0
8	0
1	0
5	0
11	0
0	317
0	306
0	322
0	333
0	0
1	0
0	0
8	0
2	0
0	0
8	0
0	1
6	1
14	18
15	17
35	3
99	57
2	57
18	61
0	259
0	201
0	263
0	197
3	0
2	0
0	0
35	0
0	2
0	2
0	45
159	45
10	0
79	94
2	93
2	46
0	7
0	7
0	13
59	13
0	7
0	11
0	7
0	11
0	11
0	11
0	11
0	11
0	7
0	11
0	7
30	10
0	52
7	52
0	44
4	44
0	10
2	4
3	1
793	0
43	1
0	81
517	81
68	81
264	2
3	1571
0	2276
0	2283
2	858
0	1383
0	1403
0	1396
0	1376
1	1
2	39
0	37
1	12
1	3
0	22
4	1
9	12
1	24
6	0
24	0
7	0
0	16
20	16
24	20
1	3
0	17
107	0
0	99
17	451
12	451
5	0
1	0
6	1
2	1
0	11
0	20
3	3
1	8
0	6
11	3
3	0
0	146
4	0
0	16
0	53
0	4
1	6
0	330
0	53
0	236
0	19
0	268
0	6
0	6
1	9
0	14
0	100
1	6
2	2
1	2
1	33
1	10
5	1
1	0
0	61
0	174
1	3
0	5
2	3
2	2
10	9
1	4
0	376
1	7
3	11
0	282
2	0
8	0
2	7
6	7
7	4
1	4
3	28
4	28
0	6
16	55
10	6
0	46
7	0
0	63
2	64
4	80
0	66
10	7
0	1
0	80
0	8
2	2
46	0
0	3
37	0
3	0
17	0
22	173
0	283
1	39
2	88
16	297
11	0
3	0
2	0
2	0
3	0
4	0
2	0
7	0
15	22
1	22
0	88
697	88
4	382
11	382
4	58
0	8
65	0
3	1
3	0
9	362
0	429
3	202
7	396
0	692
0	304
0	707
0	27
0	289
0	232
0	2
8	59
200	59
2	0
2	0
1	0
1151	405
60	400
0	5
161	0
1	0
3	581
12	581
2	323
9	414
9	414
33	0
0	0
0	459
0	444
0	243
0	464
0	467
0	474
0	253
0	395
0	471
0	388
0	365
0	250
0	439
0	245
0	392
0	469
0	260
0	257
0	238
16	0
7	0
52	2
12	172
1	2
9	172
1	0
2	0
174	0
8	0
2	167
7	230
128	318
5	310
0	8
16	0
4	0
1	0
7	151
10	151
6	0
20	0
3	0
0	126
0	50
11	121
1	230
0	154
2	117
3	78
0	546
0	73
0	564
0	224
2	373
18	294
0	259
0	241
5	294
0	512
0	11
0	32
3	5
18	37
469	3
0	3
155	122
0	122
16	0
0	0
0	0
0	2
2	3
0	3
0	0
0	2
0	1
1	2
18	57
50	57
128	0
1	0
3	2
1	2
15	0
5	401
0	8
0	439
99	214
162	0
6	15
11	15
2	0
0	0
16	118
2	118
1	345
3	395
2	332
14	408
740	0
33	164
14	198
1	228
25	0
0	288
12	279
0	8
0	242
6	233
308	57
2	6
100	39
0	1
48	8
4	77
1	77
1	77
10	146
0	953
0	953
0	528
28	561
0	528
0	366
0	270
0	379
4	347
0	252
0	283
0	18
0	0
0	8
3	0
8	0
10	0
1	0
12	0
4	0
0	0
0	0
5	0
2	0
10	0
0	0
34	0
7	0
1	1
5	0
18	0
4	0
218	0
4	61
11	159
9	159
115	24
2	24
0	0
95	211
0	211
0	3
24	0
7	1
0	25
0	14
0	26
1	26
0	13
0	26
10	16
7	1
7	0
6	2
8	0
0	0
76	58
40	38
2	58
9	384
38	384
2	318
6	0
9	0
327	0
144	0
125	0
3	0
1	0
2	0
4	1
0	1
1	0
1	0
5	0
3	0
2	0
0	0
2	0
2	0
4	0
2	0
2	0
1	0
2	0
1	0
5	0
2	0
2	0
0	0
1	0
3	0
9	0
5	0
1	0
2	0
3	0
4	0
3	0
0	0
2	0
2	0
2	0
2	0
0	0
2	0
0	0
2	0
4	0
3	0
0	0
3	0
2	0
0	0
1	0
7	0
2	0
0	0
2	0
3	0
0	0
2	0
2	0
6	0
1	0
3	0
6	0
2	0
2	0
3	0
1	0
0	0
0	0
2	0
3	0
2	0
4	0
4	0
2	0
0	0
5	0
4	0
0	0
6	0
3	0
6	0
3	0
0	0
2	0
2	0
2	0
2	0
2	0
0	0
0	0
5	0
1	0
2	0
5	0
3	0
1	0
1	0
4	0
2	0
3	0
1	0
5	0
4	0
2	0
1	0
3	0
3	0
8	0
4	0
1	0
2	0
2	0
1	0
4	0
3	0
4	0
7	0
4	0
3	0
9	0
5	0
3	0
1	0
6	0
7	0
3	1
19	0
2	0
3	0
8	0
3	0
2	3
4	0
4	0
1	0
2	0
3	0
6	0
8	0
14	0
1	1
1	1
5	0
0	0
2	0
18	0
1	0
6	0
3	0
1	0
4	0
3	0
0	0
1	0
3	0
2	0
2	0
3	0
12	3
2	0
7	0
4	0
2	0
12	0
5	0
2	0
2	0
5	0
0	0
4	0
10	0
9	0
3	0
4	0
1	0
2	0
3	0
3	0
0	0
5	0
7	0
3	0
3	0
3	0
2	0
2	0
5	0
12	0
3	0
1	0
9	0
4	0
3	0
2	0
1	0
4	0
4	0
4	0
2	0
3	0
4	0
0	0
3	0
1	0
4	0
1	0
4	0
1	0
2	0
5	0
2	0
1	0
2	0
4	0
2	0
2	0
6	0
1	0
1	0
3	0
2	0
5	0
0	1
1	0
4	0
4	0
4	0
0	0
7	0
3	0
3	0
3	0
2	0
3	0
3	0
1	0
4	0
15	0
6	0
4	0
3	0
1	0
0	0
2	0
2	0
2	0
3	0
2	0
0	0
2	0
4	0
0	1
1	0
1	0
7	0
3	0
1	0
2	0
1	0
4	0
2	0
3	0
2	0
2	0
4	0
8	0
3	0
5	0
0	1
2	0
2	0
9	0
17	0
5	0
3	1
4	0
6	0
3	0
5	0
0	0
4	0
6	0
3	0
4	0
2	0
3	0
0	0
4	0
2	0
4	0
6	0
1	0
2	0
6	0
4	0
5	0
2	0
2	0
0	0
0	0
2	0
4	0
3	0
11	0
4	0
18	0
5	0
2	0
4	0
9	0
8	0
4	0
3	0
1	0
4	0
4	0
4	0
1	0
2	0
2	0
5	0
10	0
1	0
1	6
6	0
4	0
2	0
0	6
7	6
5	0
1	0
4	0
7	0
3	0
2	0
0	0
5	0
8	0
3	0
3	0
2	3
3	0
3	3
4	0
3	0
3	0
5	1
1	0
2	0
6	0
1	0
2	0
15	0
5	0
11	0
8	0
3	0
3	0
4	0
0	0
3	0
2	0
4	0
3	0
2	0
2	0
4	0
3	0
9	0
4	0
2	0
3	0
5	0
2	0
2	1
2	0
2	0
7	0
5	0
0	0
8	0
7	0
2	0
4	0
3	0
2	0
6	0
20	22
329	22
6	6
17	0
499	0
716	0
0	786
8	791
32	791
0	0
15	0
17	10
0	267
0	248
0	234
0	260
0	279
0	3
0	3
0	45
1	51
15	51
0	49
73	31
0	10
1	21
12	0
4	23
24	23
47	0
1	62
2	84
0	22
0	0
1	0
52	348
12	348
2	0
22	78
30	78
67	504
91	504
18	291
30	291
12	1
16	0
4	0
5	0
3	0
27	5
6	4
3	2
1	84
7	72
15	79
0	207
21	250
13	308
1	286
0	3
0	220
13	0
0	8
0	592
0	505
0	590
0	505
0	592
0	590
13	0
1	0
2	0
0	34
170	34
0	0
25	0
0	8
0	4
0	8
0	6
0	6
2	6
3	2
5	4
1	8
1	3
0	9
3	4
1	97
11	254
4	162
13	416
0	86
237	153
5	153
11	0
167	0
6	526
5	418
220	567
0	3
3	5
28	5
2	0
0	391
0	430
0	545
7	164
0	574
0	506
0	535
7	0
0	6
194	9
0	9
0	113
0	117
0	111
0	115
78	0
14	0
0	582
0	545
0	509
0	217
0	591
0	181
0	555
0	546
3	0
2	0
12	203
5	210
2	208
2	0
3	232
15	355
4	30
1	361
7	311
0	3
70	3
3	0
36	32
0	32
1	3
135	0
0	177
32	177
232	3
2	0
50	0
15	0
34	0
0	0
26	0
32	0
19	227
61	227
0	32
16	32
182	1097
35	1097
1	4
1	4
221	4
183	5
8	1
2	3
342	24
2	24
3	487
0	8
2	125
86	612
1	408
31	3
24	0
26	0
0	0
1	0
4	0
5	0
47	1220
322	1220
1	0
5	0
3	0
14	10
2	142
1	45
0	167
0	523
0	520
66	222
0	525
2	4
2	528
0	404
0	418
14	285
14	0
0	0
276	0
129	81
7	81
0	178
115	178
2	55
8	526
24	526
2	40
0	44
2	40
0	4
8	44
9	0
0	0
10	137
7	137
11	34
7	34
6	143
18	143
4	0
38	8
0	4
0	4
10	0
76	0
0	0
49	0
9	0
0	0
1	36
11	78
49	42
28	23
53	0
31	0
0	0
1	7
2	7
0	0
0	0
0	0
165	0
32	244
15	244
0	22
25	60
0	60
2	34
40	34
0	157
0	685
0	775
0	70
0	755
0	66
0	685
0	755
0	50
0	775
0	157
18	0
2	10
11	0
7	0
4	0
2	0
0	3
14	3
2	5
0	5
4	0
63	0
0	23
0	21
0	3
0	1
23	167
0	167
12	13
3	2
7	15
0	275
0	665
0	633
0	307
7	636
7	641
1	28
5	1
7	0
183	0
127	0
7	0
0	280
0	279
1	1
1325	284
0	274
7	0
5	0
0	0
22	295
1	136
1	159
134	35
1	35
0	267
0	244
0	251
0	260
51	0
0	24
2	0
0	193
0	15
0	209
0	129
0	211
0	51
0	195
0	165
0	115
0	87
0	131
0	131
0	27
0	167
2	0
33	0
0	255
0	262
0	258
0	259
14	0
7	0
2	0
1	0
167	6
392	0
6	0
0	0
30	0
2	0
5	2
13	0
0	4
0	4
0	1
19	18
43	69
58	62
0	11
2	0
8	0
0	140
0	174
8	6
0	167
0	133
1	35
13	3
0	0
3	13
2	9
0	102
0	12
0	97
0	1341
0	1341
0	339
3	0
8	0
2	0
2	0
0	565
2	540
0	560
6	293
0	244
0	246
0	239
0	567
4	0
20	0
3	0
2	0
1	6
11	1
4	0
152	0
0	5
4	7
2	4
142	234
1	234
3	0
0	358
3	590
0	570
0	591
0	569
0	592
12	1389
368	1389
8	0
0	452
0	419
0	466
0	410
0	377
11	3
0	499
0	6
316	6
242	0
2	0
8	0
9	203
20	203
2	112
8	0
0	0
0	255
0	255
2	247
13	247
4	247
15	998
15	998
0	104
0	79
14	286
58	286
0	103
2	0
3	7
2	7
1	0
52	47
7	43
5	4
2	5
0	292
0	299
0	306
1	313
0	72
8	188
1	188
0	2
0	233
3	440
1	423
0	3
5	434
0	417
13	0
267	0
0	0
0	22
0	1
2	1
2	6
6	3
1	5
1	0
2	15
1	29
156	0
73	3
5	95
49	95
31	0
1	0
0	6
0	471
0	470
0	617
0	618
0	390
0	231
0	352
0	269
0	0
1	195
24	0
0	63
0	37
8	0
0	221
16	167
12	320
2	202
8	320
14	547
19	269
107	0
2	52
12	52
4	4
0	2
8	2
23	0
3	0
3	0
2	0
29	1
7	0
0	74
0	345
92	685
18	345
2	198
11	202
0	293
8	293
6	1
0	1
7	502
0	829
4	789
7	688
4	0
8	0
8	0
2	59
34	100
0	41
44	8
0	32
0	0
0	399
0	400
0	407
0	422
0	423
0	212
0	197
0	213
0	841
0	651
0	833
0	658
0	834
0	840
0	136
0	313
0	763
0	322
0	754
18	314
547	826
1	826
13	245
8	245
1	0
16	1
9	152
24	152
39	42
0	42
0	2
12	8
2	6
1	15
0	15
9	0
3	0
2	0
944	464
0	464
78	0
2	3
412	0
57	0
7	21
262	230
0	209
0	10
2	98
0	107
0	102
0	10
0	9
3	153
9	153
1	4
0	131
13	156
57	283
0	205
0	221
0	179
0	190
2	191
0	206
0	193
0	210
0	195
2	187
0	187
12	19
0	204
0	76
0	77
0	76
0	77
0	77
0	76
4	0
0	0
3	0
5	0
3	0
6	0
2	197
79	197
0	0
3	0
19	0
12	52
0	195
0	73
0	205
1	203
1	193
0	57
0	0
11	0
4	0
5	92
7	2190
54	1042
10	1891
38	1039
177	845
18	0
0	6
1	6
0	381
1	378
0	236
0	269
0	165
0	386
0	113
0	231
0	329
0	179
0	321
0	170
0	326
3	0
2	5
0	5
125	0
19	0
138	2
0	2
0	0
43	0
73	423
2	423
0	156
144	3
0	263
1	913
38	726
3	1303
0	906
0	270
47	1207
14	0
2	0
20	0
598	0
1	0
3	0
0	0
40	0
62	0
0	858
0	798
0	796
0	856
0	796
0	856
0	856
0	796
0	0
6	0
3	935
93	935
1	280
1	426
16	426
0	840
0	840
0	1376
0	1337
0	1337
0	1376
1	12
2	9
8	64
11	64
0	30
0	29
0	45
0	44
0	0
7	11
1	11
3	0
13	27
0	41
1	2008
0	2144
15	1797
0	8
0	8
0	8
3	10
0	8
0	8
13	338
6	341
0	8
0	8
0	8
307	0
7	0
8	80
10	80
0	0
1	0
5	76
17	76
4	664
13	120
1	703
10	0
16	0
45	89
7	89
32	0
12	0
0	482
20	448
1	307
32	0
6	79
2	79
124	0
254	0
6	0
1	0
3	0
3	18
83	18
406	0
326	0
0	919
0	1373
0	1411
0	391
0	1400
0	881
0	0
0	908
69	0
8	87
7	322
2	121
12	320
18	0
1	0
1	0
4	0
104	0
10	516
18	516
0	0
3	0
57	0
96	0
225	1
767	0
0	3
1	3
0	107
0	107
0	225
79	225
17	0
2	17
54	17
6	31
8	39
8	8
2	432
845	432
352	1
3	0
3	0
0	6
19	6
14	297
3	297
43	20
134	1
41	19
0	160
0	160
0	160
2	160
333	0
4	11
7	226
0	226
14	3
2	0
4	4
4	3
2	52
10	52
350	606
15	606
3	0
13	0
3	0
32	0
1	0
8	0
3	0
1	0
0	126
0	146
0	155
0	135
2	32
2	0
7	6
444	0
1	169
0	156
0	150
4	0
0	1041
15	195
3	365
0	918
0	401
15	11
0	278
0	419
1	2
6	5
3	0
12	0
3	0
0	0
102	70
0	8
23	68
0	8
0	0
1	0
2	284
0	343
3	66
14	53
2	2
4	54
26	54
2	0
4	0
2	15
157	15
0	0
7	0
9	0
1	12
2	8
2	9
1	1
1	0
6	13
8	12
2	9
1	8
4	10
9	0
1	3
0	0
8	3
4	1
404	0
10	5
0	6
1	39
2	39
0	7
10	15
13	1
1	1
5	12
0	3
5	41
0	41
18	0
6	0
2	0
2	0
17	0
5	0
3	0
1	0
3	0
6	0
20	0
4	0
6	0
2	0
6	0
5	0
5	0
1	3
0	0
0	3
3	3
0	0
17	0
3	0
5	0
2	0
1	0
6	0
5	0
1	0
0	0
2	0
3	0
5	0
6	0
2	0
4	0
5	0
0	0
3	0
1	0
7	0
6	0
3	0
3	0
0	0
18	0
4	1
3	0
3	0
3	0
2	0
5	0
3	0
5	0
1	0
16	0
4	1
0	1
13	0
5	0
3	0
11	0
3	0
3	0
4	0
1	0
15	0
149	0
10	0
2	0
2	0
3	0
4	0
5	0
5	0
5	0
66	0
0	0
6	0
4	0
1	0
8	0
5	0
0	0
4	0
2	0
4	0
0	0
35	0
8	0
18	0
4	0
4	0
17	0
2	0
3	0
0	0
0	0
6	0
6	0
5	0
3	0
8	0
11	0
5	0
1	0
6	0
9	0
5	0
5	0
3	0
6	0
2	0
2	0
3	0
1	0
6	0
2	0
2	0
16	0
1	0
1	0
19	0
1	0
2	0
2	0
4	0
10	0
17	0
4	0
4	0
11	0
4	0
3	0
2	0
13	2
3	0
27	0
4	0
1	0
2	0
165	0
3	36
0	88
0	143
0	150
0	95
1	16
218	16
2	0
1	0
0	0
8	11
0	11
0	6
12	0
4	34
5	34
7	0
13	0
12	0
27	0
4	0
141	0
2	0
1	0
7	0
0	0
6	124
4	124
0	82
121	82
9	318
19	318
12	0
20	0
17	421
52	422
32	422
12	0
240	0
2	0
2	0
2	65
25	69
506	0
0	4
28	716
9	716
0	187
0	2
63	2
5	51
0	51
14	0
0	64
5	62
78	64
70	0
152	0
40	0
366	0
0	21
254	21
3	0
0	68
2	302
0	343
0	300
0	345
4	0
0	0
130	0
0	42
96	42
2	295
2	441
28	387
84	0
16	0
0	10
52	85
5	487
11	516
0	13
0	102
0	40
0	107
769	0
133	0
393	107
0	105
15	2
1	1
0	91
0	100
0	93
0	98
137	0
0	826
0	636
0	887
0	575
4	0
1	0
202	0
0	32
0	32
149	0
8	48
6	48
5	44
8	7
0	0
5	7
166	0
2	1
2	1
2	0
12	0
4	0
0	1
0	3
0	7
0	5
60	0
3	0
7	0
0	0
0	9
50	9
32	0
0	134
0	18
101	152
43	38
0	38
51	0
315	0
7	0
128	16
0	16
0	0
0	1
0	1
152	0
15	0
45	474
4	474
0	45
0	53
0	164
0	160
0	162
0	57
0	253
0	150
0	146
0	152
0	59
0	265
0	158
14	100
5	0
26	77
1	77
1	0
3	1
0	6
0	8
3	2
0	12
1	2
1	14
120	3
0	3
2	0
2	13
111	17
16	18
5	19
2	17
21	14
1	17
3	0
14	0
5	2
138	0
2	117
0	140
5	56
2	44
84	0
1	35
7	40
3	5
3	265
1	265
1	0
3	253
52	452
12	290
1	162
4	2
2	2
11	2
4	2
19	0
2	9
317	9
43	0
0	0
1	0
0	0
1	0
1	0
0	0
2	3
1	3
412	1
5	429
29	429
11	238
19	0
0	185
0	243
0	50
0	108
1	24
0	67
0	58
0	155
0	210
0	164
0	201
2	114
1	0
7	0
0	10
27	10
113	0
0	0
5	18
150	18
25	28
2	63
4	31
2	107
13	93
0	8
1153	0
0	265
0	3
6	6
7	24
54	289
6	0
176	6
19	132
1	138
0	237
0	116
0	113
0	250
0	247
0	234
2	5
2	5
2	5
3	0
1	9
3	10
2	13
0	12
12	4
2	14
6	2
1	8
11	12
0	10
0	4
200	116
0	116
1	129
145	129
2	2
4	2
188	37
1	37
3	0
35	93
0	93
77	0
4	0
1	51
1	51
3	9
1	9
0	60
153	60
3	0
62	20
0	20
1	0
4	6
1	6
0	3
0	2
4	5
12	6
0	4
0	0
63	0
1	106
647	106
0	11
8	0
0	0
65	0
68	0
7	0
14	0
3	24
0	10
86	24
31	0
0	51
54	51
33	0
24	0
3	0
104	0
0	51
7	51
0	4
9	39
0	39
249	8
6	8
0	3
177	17
4	17
25	0
8	0
29	0
215	0
0	0
0	0
0	0
42	0
2	255
0	255
1	111
4	0
21	221
13	221
61	94
26	4
2	94
4	0
1	155
2	77
100	232
66	0
390	0
5	6
0	6
8	6
16	181
13	181
2	0
0	46
3	46
14	211
3	139
0	211
23	0
2	0
150	54
0	54
281	0
4	3
0	3
0	0
12	1
3	1
856	17
2	4
1	13
3	0
1	0
5	0
2	0
7	0
6	0
1	0
3	0
7	0
1	0
5	0
3	0
2	0
3	0
0	0
6	0
4	0
1	0
4	0
5	0
3	0
5	0
4	0
2	0
2	0
2	1
0	0
3	0
5	0
3	0
0	0
3	0
1	0
2	0
7	0
5	0
2	0
88	0
2	0
6	0
1	0
3	0
0	0
6	0
1	0
2	0
2	0
3	0
2	0
1	0
1	0
1	0
0	0
3	0
3	0
3	0
1	0
0	0
1	0
4	0
2	0
2	0
4	0
0	0
2	0
4	0
3	0
4	0
6	0
1	0
1	0
4	0
3	0
1	0
5	0
2	0
5	0
0	0
3	0
1	0
1	0
0	0
4	0
3	0
3	0
0	0
1	0
2	0
2	0
0	0
2	0
1	0
4	0
2	0
3	0
1	0
2	0
4	0
5	0
4	0
2	0
5	0
2	0
1	0
3	0
1	0
2	0
4	0
4	0
2	0
2	0
1	0
3	0
5	0
4	0
8	0
3	0
4	0
4	0
1	0
2	0
3	0
2	0
1	0
5	0
8	0
1	0
4	0
2	0
1	0
2	2
8	5
3	0
8	0
12	0
2	0
3	0
1	0
3	0
2	0
11	0
0	3
2	3
1	0
4	0
0	0
5	0
0	10
2	10
3	0
4	0
3	0
7	0
0	0
3	0
1	0
0	3
0	3
55	2
0	2
3	0
3	0
3	0
3	0
1	2
0	2
12	0
3	0
3	0
1	0
4	0
13	0
6	1
6	5
11	0
1	0
3	0
2	0
2	0
0	21
297	21
342	3
2	2
514	0
12	0
12	0
0	0
3	0
1777	1
0	22
118	31
0	9
1434	0
6	3
668	4
33	0
1711	0
7	0
7	0
3	77
1	22
2	188
0	229
2	146
34	457
46	436
0	465
16	0
0	143
311	0
2	0
1	0
0	0
7	0
0	0
272	0
2	1201
0	21
9	1203
68	1233
1	129
0	1870
0	1256
0	1999
0	1898
0	1155
0	1971
2	627
180	633
2	6
1	0
0	4
0	3
14	18
14	16
24	24
0	0
362	0
10	411
24	411
0	0
3	0
32	1
6	0
22	38
0	928
0	926
0	902
0	905
0	351
0	903
0	900
0	141
0	929
0	903
0	926
3	119
0	350
5	198
0	906
0	4
126	5
1	1
8	3
0	209
0	314
0	313
0	316
0	224
0	311
0	198
0	300
0	198
0	297
0	302
4	0
0	224
0	299
0	212
15	406
10	406
0	0
241	0
6	0
0	96
0	97
0	95
1	92
0	99
15	501
12	501
1	2
319	81
0	69
2	0
0	0
2	0
8	50
3	50
8	61
225	61
26	8
14	7
42	3
11	0
4	0
0	14
5	1
6	14
1	0
5	4
3	66
29	67
12	8
0	8
2	7
2	5
0	3
0	64
1	1
1	0
4	1
6	1
5	8
1	3
2069	4023
0	4049
1	4030
0	4190
1	4023
0	4190
6402	7967
172	3777
0	4159
1	4031
0	4059
306	0
58	0
5	0
4	0
4	0
2	0
7	1
6	1
17	0
10	1
8	0
0	1
6	0
205	50
9	49
0	0
2	0
1	0
0	365
29	417
13	338
0	207
12	67
145	0
1638	1
16	0
167	0
0	357
0	6
0	325
0	100
0	321
0	121
0	304
0	378
0	300
0	251
47	921
0	228
27	944
1	0
5	0
5	0
6	0
3	72
56	72
71	1
2	0
4	0
83	103
43	103
3	11
80	0
56	0
11	0
0	4
5	8
3	5
4	12
3	0
230	0
34	1
7	2
1	45
1	9
2	20
3	11
1	5
6	3
0	9
0	20
1	23
0	56
0	10
0	10
0	12
0	0
16	0
13	0
1	0
2	0
1	0
126	140
1	5
25	12
6	137
52	0
0	251
20	20
0	256
7	3
0	248
0	234
0	4
1	1
1	4
0	4
2	0
5	0
0	540
0	424
0	402
0	2
0	518
6	786
3	643
11	786
13	4
60	4
4	0
13	1
3	0
0	0
10	20
16	20
2	8
0	8
12	0
0	123
0	129
0	120
0	54
1	128
0	46
12	27
0	122
1	5
3	359
137	359
0	327
5	0
90	0
79	0
0	0
855	0
0	0
0	258
584	258
0	0
1	0
0	0
173	19
3	0
2	19
7	115
5	115
2	48
297	48
0	968
0	869
0	986
0	1266
0	863
0	838
2	884
0	1275
0	1086
0	894
0	1279
0	1269
0	1300
3	948
0	993
0	961
0	888
3	851
0	1291
0	1294
0	1254
2	1
1	219
1	113
120	219
0	1
0	657
0	651
0	655
0	676
0	703
0	678
0	602
0	598
0	577
0	623
0	630
5	383
0	682
0	5
5	0
1	45
8	45
0	45
8	0
3	0
2	0
6	0
3	0
4	0
2	0
2	0
12	0
167	0
0	2
0	172
5	172
94	8
11	30
22	30
15	9
0	8
6	2
247	0
234	8
2	8
7	1
1	1
0	0
3	0
0	174
0	174
29	0
2406	163
0	163
108	2
0	2
54	66
8	72
7	68
0	27
0	31
0	46
9	0
0	829
0	930
0	772
0	966
0	1067
0	873
0	1269
0	1370
0	0
8	62
6	0
19	0
3	132
1	213
0	225
0	18
321	1
0	19
0	18
0	18
0	19
0	18
0	19
0	19
0	19
2	0
367	19
0	19
0	18
0	1
0	18
0	19
2	17
1	17
2	14
0	1
1	3
14	3
15	0
2	221
0	246
25	246
6	19
0	103
0	107
6	19
2	89
0	24
0	28
0	53
0	49
0	237
0	124
7	117
10	5
0	241
20	224
1	9
0	14
2	120
0	265
0	189
12	223
0	76
1	27
9	81
0	81
3	34
23	34
3	10
5	179
89	179
3	0
3	0
1	0
0	0
35	0
4	0
1	0
0	184
0	10
0	187
0	272
0	269
944	358
129	314
2	44
722	0
0	0
165	49
0	49
66	827
44	805
37	1104
0	321
0	291
0	255
0	462
3	0
24	401
0	105
461	506
187	628
32	509
7	627
0	2
39	2
43	7
2	7
92	499
7	499
275	0
5	0
29	31
4	31
0	492
4	2
23	492
53	414
8	456
996	0
0	11
32	11
1266	0
246	0
95	0
17	0
1	0
2	0
51	26
0	26
74	2
6	2
5	0
8	665
32	860
12	860
0	188
9	0
8	30
0	1264
0	946
0	907
104	105
6	137
0	1114
0	498
0	1350
39	814
0	710
0	821
1	19
3	12
42	0
7	0
87	71
0	71
170	464
7	464
0	893
34	272
0	5
0	204
274	856
91	0
101	0
0	21
0	2
3	21
36	560
16	597
8	573
61	19
372	2599
9	2559
154	712
0	596
0	2
0	602
0	594
0	600
0	555
76	8
0	553
8	374
0	521
0	604
0	643
0	521
0	578
0	560
0	560
0	507
0	533
0	572
5	0
2	0
8	0
1	225
52	954
10	216
35	956
53	225
0	109
0	656
3	642
1	570
0	735
1	551
6	645
22	1
0	0
3	0
2	0
2	88
28	160
6	72
0	0
150	0
0	211
118	319
5	108
2	0
203	0
0	103
0	89
0	81
0	95
2	0
83	123
25	126
1	22
209	212
164	212
4	372
0	400
5	299
0	10
25	11
0	11
29	3
2	3
37	0
3	0
5	529
2	529
35	30
0	1771
2	2
5	553
0	961
4	1909
2	398
0	1089
1	893
1	13
4	30
14	0
10	0
3	0
4	0
5	0
0	119
20	40
164	159
107	55
0	12
1	43
3	139
0	49
1	69
15	139
52	0
0	8
0	94
0	96
0	11
0	93
0	97
31	9
0	9
3	0
347	0
483	488
23	488
693	0
2	245
0	245
3	23
19	23
3	51
23	51
2	11
921	0
21	0
96	0
2	0
15	0
2	0
69	0
0	129
49	129
300	2418
245	2418
17	0
5	68
0	5
2	4
299	68
1	4
22	5
0	13
12	2
42	413
0	413
0	13
0	0
2	0
1	0
2	0
0	579
0	536
0	95
0	573
0	542
0	58
0	0
3	0
0	0
1	0
1	0
8	327
10	327
2	0
8	1340
0	1340
1	0
26	0
14	0
9	8
0	2
9	8
1	2
2	80
1	80
2	80
6	142
0	161
0	161
0	8
148	147
5	139
69	35
1	27
0	191
49	198
0	131
82	1
0	2
9	2
0	1906
0	3
0	1685
2	194
5	6
0	1688
5	1806
0	1909
1	0
44	869
0	19
51	888
2	610
2	0
1	1
0	7
27	7
3	0
109	0
1	5
3	5
0	423
0	168
0	437
0	182
13	0
10	109
2	109
1	51
0	34
0	29
0	104
0	44
0	109
0	40
0	70
1	32
0	75
0	49
0	98
0	93
0	45
53	1017
78	1017
0	0
0	133
12	0
53	0
1	220
1	485
1	544
2	524
0	190
21	234
0	513
0	553
10	48
0	39
0	18
26	0
0	280
0	460
14	251
2	686
7	57
0	54
0	7
28	0
11	10
15	5
0	59
2	0
12	17
0	69
22	33
1	2
7	0
4	0
5	0
31	106
23	106
1	2
4	2
74	20
0	20
0	20
0	605
2	456
0	717
4	363
0	395
0	507
0	21
20	0
6	3
17	3
16	34
34	34
0	31
22	151
5	151
30	225
1	109
0	6
18	1
3	1
2	0
2	0
123	0
27	0
13	0
39	2
19	8
2	3
5	0
0	15
1	5
2	4
0	11
13	1
0	17
0	12
1	5
1	6
5	6
0	8
12	15
5	13
0	11
1	2
5	0
11	0
1	0
0	18
17	467
29	467
49	0
1	0
3	0
3	0
11	1
12	2
0	2
10	2
9	1
2	2
1	2
19	23
1	23
3	12
1	12
14	0
4	0
4	0
5	0
9	0
3	0
3	0
2	3
33	0
124	1
4	207
9	207
15	0
0	630
0	564
0	671
0	607
0	466
0	569
0	655
0	580
0	591
0	585
0	646
4	0
0	633
0	597
0	670
0	560
0	1
0	1
1	2
10	82
27	82
0	7
17	7
2	4
352	0
7	83
10	83
425	0
0	144
29	0
65	0
0	3
0	526
2	513
0	960
3	451
4	71
1	68
3	4
0	159
0	343
0	1153
0	3
8	0
21	0
0	2
3	2
10	228
1	228
72	0
7	0
6	0
15	37
2	37
30	12
7	12
2	12
0	63
223	63
0	230
0	0
2	348
0	357
0	221
64	88
39	83
0	17
0	358
0	245
0	332
0	190
5	59
0	319
0	345
0	187
0	0
6	5
5	67
1	66
39	2
3	5
1	2
0	5
9	0
4	0
6	0
9	0
1	0
61	0
20	0
0	0
5	0
3	349
0	339
21	349
23	1
50	0
27	402
3	355
1	417
5	336
33	111
4	416
11	772
0	1179
32	1178
0	455
1	324
0	312
0	428
0	339
0	264
6	11
0	11
0	3658
11	1002
0	4308
0	4308
0	3658
11	0
136	54
134	54
680	335
63	335
2	9
20	9
0	4
1	4
0	2
0	2
2	0
0	0
0	118
0	47
119	165
0	345
0	345
0	345
0	345
0	345
0	345
5	2
424	29
2	29
3	8
12	3
34	8
0	8
35	279
0	640
0	395
0	360
0	339
0	619
8	8
5	0
17	0
0	0
0	97
0	234
1	79
6	56
2	114
0	20
0	232
0	233
327	424
1	275
1	149
20	0
2	0
3	0
1384	1490
16	1490
11	0
4	3
0	3
192	0
100	701
3	362
17	701
0	352
0	389
0	364
0	366
0	391
0	12
0	377
0	1132
6	1165
192	1165
6	815
35	1168
2	168
0	305
6	174
0	354
0	354
0	494
0	494
0	27
2	0
5	0
3	0
2	0
1	0
7	240
0	782
18	523
0	711
5	0
4	3
6	0
2	0
1	0
4	0
4	0
0	0
3	0
4	0
1	0
20	0
3	0
4	1
2	0
3	0
0	0
2	0
1	0
1	0
5	0
3	0
1	0
1	0
2	0
4	0
3	0
4	2
2	0
8	0
3	0
2	0
0	7
4	7
2	0
3	0
2	0
1	0
9	0
4	0
2	0
1	0
3	0
12	0
4	0
5	0
5	0
4	0
0	0
6	0
6	0
4	0
2	2
1	0
6	0
3	0
28	0
1	0
3	0
1	0
2	0
3	0
2	0
6	0
4	0
4	0
1	0
6	0
0	2
5	2
7	3
2	0
5	0
5	0
2	0
3	0
0	0
1	0
2	0
3	0
6	0
2	0
1	0
5	0
1	0
1	0
4	0
2	0
0	0
6	0
8	0
2	0
5	0
2	0
3	0
2	0
4	0
5	0
1	0
3	0
0	10
5	10
6	0
1	0
0	0
7	0
1	1
2	1
3	0
25	0
3	0
1	0
78	0
51	0
4	0
2	0
0	0
0	0
8	0
0	198
2	198
9	0
9	0
0	0
5	0
6	0
2	22
11	22
3	0
7	0
6	0
3	0
2	0
3	0
1	0
9	0
4	0
0	0
4	0
1	0
29	0
23	0
8	0
1	0
6	0
1	68
5	68
5	66
1	0
1	0
3	0
2	0
2	0
0	0
4	0
1	0
33	0
11	0
2	0
3	0
163	0
3	0
3	0
5	0
8	0
4	0
2	0
2	79
1	79
6	0
7	0
6	0
0	0
0	0
18	0
2	0
10	0
24	17
1	17
2	0
1	0
16	0
8	0
11	0
8	0
22	0
3	0
5	0
1	0
11	0
1	0
0	0
2	0
0	0
1	0
4	0
2	0
2	0
8	0
55	0
0	22
0	22
10	0
1	0
9	0
4	0
1	0
1	0
2	0
7	0
4	0
1	0
0	0
10	0
5	0
4	0
1	0
4	0
4	0
4	0
3	0
1	0
7	0
1	7
4	0
1	0
1	0
4	0
4	0
3	0
1	0
3	0
4	0
2	0
3	0
0	0
4	0
4	0
4	0
2	0
3	0
2	0
5	0
13	0
6	0
3	0
4	0
3	0
0	0
6	0
4	0
2	0
1	0
7	0
4	0
5	0
4	0
2	0
0	0
1	0
0	0
10	0
3	0
3	0
1	1
0	1
2	0
5	0
1	0
3	0
3	0
3	0
1	0
9	0
7	0
2	0
5	0
13	0
11	0
7	0
2	0
3	0
4	0
3	0
1	0
1	0
0	0
3	0
8	0
2	0
6	0
3	0
7	0
2	0
4	0
2	0
4	0
10	0
0	0
14	0
3	0
0	0
14	0
16	0
2	0
1	0
0	0
1	0
1	0
1	0
3	0
1	0
3	0
2	0
1	0
2	0
3	0
6	0
3	0
0	0
1	0
2	0
1	0
5	0
1	0
0	0
1	0
3	0
2	0
5	0
2	0
2	0
4	0
2	0
2	0
7	0
0	0
2	0
0	0
0	0
2	0
1	0
2	0
0	0
4	0
4	0
1	0
0	0
0	0
1	0
2	0
1	0
4	7
7	8
2	0
1	0
3	0
4	0
0	0
2	0
1	0
4	0
2	0
2	0
0	0
3	0
2	0
2	0
4	0
3	0
1	0
0	0
0	0
0	0
1	0
2	0
1	0
0	0
1	0
3	0
2	0
1	0
2	0
13	0
1	0
0	0
3	0
1	0
6	0
3	0
1	0
1	0
1	0
3	0
0	0
2	0
2	0
2	0
4	0
2	0
3	0
11	0
1	0
0	1
0	1
12	0
0	0
14	0
9	0
2	0
14	0
2	0
20	0
6	0
9	0
1	0
0	0
0	2
0	2
2	0
2	0
4	0
1	0
2	0
0	0
12	0
3	0
20	0
2	0
1	0
4	0
2	0
16	0
1	0
3	0
3	0
8	0
3	0
12	0
3	0
2	0
7	1
5	0
2	0
5	0
6	0
7	0
4	0
3	0
1	0
2	0
2	0
2	0
9	3
14	0
4	0
5	0
41	0
6	35
0	35
10	0
3	0
0	0
0	0
4	0
3	0
4	0
3	0
3	0
15	0
8	0
4	0
10	0
6	2
5	0
2	0
1	0
1	0
0	0
4	0
20	0
9	0
5	0
4	0
1	21
0	21
0	0
3	0
6	0
5	0
4	0
85	0
4	0
2	0
8	0
0	0
1	0
1	0
57	0
3	0
3	0
2	0
5	0
2	0
1	1
0	1
1	0
3	0
1	0
1	0
5	0
11	0
1	0
0	0
3	0
0	0
4	0
22	22
4	22
1	0
2	0
1	0
6	0
2	0
1	0
1	0
5	0
1	0
1	0
7	0
1	0
9	0
6	0
18	0
193	0
5	2
0	0
1	0
29	0
3	0
3	0
8	0
0	0
5	0
235	0
11	0
69	0
0	0
1	0
8	0
1	0
2	0
1	0
9	0
1	0
0	0
4	0
2	0
2	0
5	0
7	0
2	0
3	0
2	0
2	0
0	0
1	0
1	0
4	0
2	0
1	0
0	0
5	0
4	0
6	0
3	0
3	0
5	1
7	0
5	0
1	0
7	0
1	0
2	0
2	0
22	0
1	0
4	0
4	0
4	0
1	0
2	0
0	0
5	0
3	0
0	0
2	0
4	0
12	0
2	0
1	0
0	0
4	0
12	0
9	0
0	0
1	0
2	0
0	0
0	0
1	0
23	0
2	0
0	0
4	0
9	0
2	0
4	1
5	0
0	0
0	0
0	0
3	0
2	0
13	18
2	18
17	0
4	0
2	0
10	0
2	0
2	0
4	0
12	0
4	0
6	0
3	0
5	0
2	4
0	4
15	0
1	0
1	0
10	0
0	0
2	0
5	0
0	0
5	0
4	0
4	0
4	0
0	0
5	0
5	0
4	0
5	0
4	0
5	0
2	0
1	0
3	0
10	0
3	0
0	0
24	1
1	0
0	0
4	0
3	0
3	0
6	0
0	0
1	0
3	0
3	0
1	0
423	0
142	0
19	0
25	0
1	0
5	0
2	0
9	0
3	0
2	0
3	0
5	0
3	0
11	0
3	0
15	0
9	0
2	0
7	0
2	0
2	0
6	0
26	0
22	0
4	10
0	10
2	0
19	0
6	0
1	0
1	1
0	1
7	0
1	0
2	0
2	0
2	0
1	0
2	1
0	10
26	10
7	0
2	0
0	8
11	8
2	0
4	0
11	0
5	0
9	0
24	2
13	0
9	0
12	0
28	0
3	0
0	0
10	0
4	0
3	0
1	0
3	8
2	8
21	0
7	0
3	0
2	0
0	0
0	39
11	69
0	30
4	0
3	0
243	0
6	0
1	0
4	0
1	7
2	7
2	0
76	0
2	2
3	0
0	3
72	3
23	0
20	0
9	0
3	3
2	3
5	3
2	0
6	0
3	0
0	0
0	0
16	0
4	0
0	20
1	20
0	13
0	13
4	0
66	0
3	4
1	4
0	0
0	0
0	0
3	0
156	3
0	3
5	319
78	319
3	0
0	0
6	2
0	2
0	0
2	8
2	8
3	0
1	1
2	1
11	0
0	2
1	2
0	0
3	0
9	0
359	0
1	0
11	0
7	0
1	0
0	0
0	0
8	0
1	0
2	0
233	0
30	0
14	0
7	0
0	3
10	5
4	0
23	0
2	0
0	0
5	6
6	6
2	39
0	39
83	0
0	17
26	17
0	14
116	0
5	176
165	176
1	0
96	0
0	0
0	0
144	0
3	289
23	289
1	0
6	0
0	22
66	56
0	56
0	0
6	15
8	15
48	0
16	0
56	0
10	0
15	51
0	51
0	0
3	95
0	208
17	140
3	172
0	38
0	247
0	0
24	0
27	0
15	6
4	6
4	0
0	5
48	5
26	0
3	0
0	3
6	3
27	3
3	2
2	39
0	39
117	17
0	7
0	10
80	235
957	235
6	470
2	538
55	530
0	317
0	2
16	389
264	391
4	0
1	0
0	29
2	142
131	172
96	0
100	1
5	1
15	770
31	770
24	681
129	25
0	25
3	3
1	3
0	495
0	479
0	385
13	28
0	369
1	200
0	204
0	188
0	59
13	206
6	206
80	107
1	107
0	168
0	167
0	224
0	208
0	208
0	229
0	229
0	228
0	207
15	0
4	0
8	0
2	0
95	18
0	18
4	0
0	555
0	578
0	547
0	564
0	561
10	0
34	0
20	0
75	0
32	0
9	1
8	1
21	630
20	630
0	0
73	0
125	0
1	8
0	8
2	0
0	123
0	85
0	40
0	73
0	89
0	92
0	121
0	71
0	39
0	87
0	79
0	54
0	53
0	90
30	8
2	0
152	0
1	41
33	41
86	0
4	916
30	817
267	834
0	158
0	136
5	96
0	153
0	136
0	153
1	0
2	0
2	0
248	176
33	119
0	1
0	56
20	0
22	0
0	753
8	691
95	670
10	2
1	585
0	417
0	812
0	918
0	1207
0	524
0	811
0	1042
0	743
64	0
4	0
6	0
267	0
1	1
0	1
1	0
9	408
44	408
5	0
4	0
14	0
1	0
0	0
18	36
42	36
1	25
2	29
2	29
9	0
3	0
0	2
86	2
38	0
0	3
37	19
1	16
6	19
16	69
13	69
0	12
20	407
29	49
6	378
0	288
0	254
1	301
11	247
135	0
14	0
14	0
2	0
130	2421
3083	2421
276	0
3	0
176	0
100	0
3	0
130	19
10	18
11	0
0	0
378	1
0	1
388	0
1	2
0	2
0	2
0	2
7	0
0	582
192	582
7	0
96	0
1	0
4	0
0	0
3	0
0	1
2	228
32	228
6	0
13	0
2	12
34	23
0	11
4	4
2	4
0	4
20	0
0	1
149	2
4	1
4	0
0	371
1	399
5	519
0	759
2	697
5	0
57	6
0	6
127	6
53	11
5	14
26	20
2	17
4	16
8	0
39	200
2	200
3	0
0	265
0	265
7	219
9	219
5	0
318	0
43	0
235	0
318	0
479	0
30	0
57	293
304	293
0	0
43	15
0	15
1	0
2	3
80	5
11	365
19	365
17	0
0	27
3	125
2	146
0	219
113	219
425	0
34	0
90	0
4	0
4	168
23	168
0	46
3	0
22	16
93	16
121	0
0	0
0	0
0	20
39	20
5	3
70	507
14	438
15	507
4	25
7	22
14	0
0	0
419	0
165	0
0	5
0	5
4	0
73	0
0	12
6	2
7	8
3	12
6	0
0	16
0	321
2	364
1	344
0	341
1	1
0	1
38	59
6	58
3	154
2	1870
2	2013
4	0
2	0
3	0
6	106
18	118
3	114
0	0
1	0
0	0
0	50
0	54
0	13
2	1
25	32
0	9
6	0
56	4
0	4
222	0
0	13
35	30
119	30
18	0
0	177
1	9
63	436
26	436
4	0
2	0
3	0
0	25
276	358
6	333
20	0
6	0
1	110
0	63
4	24
0	167
0	716
0	714
6	31
0	583
0	585
181	0
33	0
116	0
258	0
0	236
0	207
0	228
0	218
0	226
0	217
0	2
1	2
3	1
0	43
203	43
1	25
4	75
13	75
53	0
1	0
5	0
4	16
0	20
28	20
15	40
1	7
24	20
0	11
33	11
6	0
7	0
2	0
14	0
2	0
2	0
0	0
2	0
1	0
10	0
2	0
3	0
2	0
1	0
3	0
4	0
1	0
4	1
3	0
1	0
6	0
5	0
0	0
2	0
2	0
0	0
2	0
2	0
3	0
0	0
10	0
2	0
0	0
0	11
4	0
2	0
3	0
1	0
3	0
5	0
1	0
1	0
0	0
2	0
3	1
1	0
6	0
2	0
2	0
2	0
4	0
4	0
0	0
5	1
4	0
0	0
2	0
5	0
3	0
3	0
2	0
3	0
3	0
2	0
1	0
5	0
2	0
1	0
2	0
3	0
1	0
4	0
1	0
8	0
6	0
5	0
0	0
3	0
4	0
4	0
7	0
5	1
5	0
4	0
2	0
13	0
3	0
0	0
2	0
2	0
6	0
0	0
5	0
2	0
0	0
2	0
2	0
2	0
1	0
4	0
5	0
3	0
5	0
20	0
12	0
5	0
0	0
2	0
14	3
1	21
5	21
0	9
6	0
1	0
2	0
0	0
0	0
1	0
4	0
3	0
2	2
2	2
27	0
11	0
7	0
8	2
0	2
1	0
9	0
4	0
6	0
7	0
4	0
0	0
19	0
2	0
9	0
3	0
13	0
2	0
2	0
1	0
3	0
1	0
2	101
188	101
10	0
0	0
0	0
1	0
0	0
6	0
0	7
0	7
0	7
4	0
10	0
2	0
4	0
0	0
4	0
1	0
0	0
0	0
4	0
43	0
62	0
3	0
2	0
0	4
1	4
17	0
6	0
2	0
0	0
1	0
20	0
1	0
2	0
1	0
4	0
1	0
3	0
4	0
0	1
7	1
0	0
27	0
5	0
6	5
1	0
1	0
3	0
1	0
3	0
9	0
3	0
10	0
3	0
0	0
1	0
3	0
1	0
1	0
35	2
0	2
0	0
1	0
1	1
2	1
3	0
5	0
10	0
8	0
7	0
0	0
1	0
3	0
3	0
6	0
2	0
13	2
3	0
9	0
5	0
9	0
0	0
3	0
3	0
18	2
0	2
57	0
0	1
19	1
5	0
6	0
4	0
0	0
11	0
2	0
2	0
4	0
5	0
6	34
0	3
0	31
7	0
5	21
0	20
5	0
1	0
2	0
2	0
2	3
2	3
3	0
4	0
48	7
2	7
2	0
5	0
1	0
1	0
1	0
4	0
1	0
4	0
2	0
3	0
1	0
3	0
5	0
2	1
4	0
2	0
1	0
0	0
4	0
2	0
5	0
0	0
6	0
1	0
2	0
1	0
2	0
3	0
1	0
1	0
0	0
7	0
6	0
2	0
4	0
2	0
9	0
4	0
1	0
4	0
1	0
2	0
2	0
3	0
4	0
8	0
3	0
1	0
2	0
0	0
0	24
0	24
2	24
4	0
8	0
0	11
0	11
1	0
4	0
5	0
2	0
2	0
7	0
8	0
2	0
4	0
4	0
7	0
4	0
4	0
2	0
5	0
5	0
1	0
3	0
3	0
1	0
1	0
7	0
6	0
2	0
1	0
3	0
3	1
0	1
5	0
1	0
2	0
11	0
3	0
2	0
2	0
5	0
1	0
3	0
0	0
4	0
4	0
7	0
2	0
1	0
2	0
5	0
4	0
6	0
2	0
3	0
3	0
0	0
1	0
2	0
2	0
3	0
2	0
2	0
2	0
2	0
1	0
1	0
4	0
2	0
0	0
1	0
1	0
2	0
2	0
0	0
4	0
3	0
1	0
2	0
1	0
2	0
2	0
2	0
5	0
2	0
2	0
3	0
0	0
1	0
3	0
5	0
4	0
4	0
1	0
4	0
4	0
2	0
0	0
3	0
1	0
3	0
2	0
2	0
1	0
5	0
1	0
5	0
3	0
3	0
2	0
1	0
0	0
3	0
1	0
3	0
0	0
2	0
1	0
11	0
4	0
3	0
0	0
2	0
0	0
2	0
2	0
0	0
4	0
1	0
4	0
2	0
4	0
0	0
3	0
2	0
2	0
0	0
3	0
5	0
2	0
14	0
3	0
3	0
3	0
0	0
3	0
1	0
0	0
1	0
5	2
0	0
2	0
2	2
2	0
4	0
2	0
0	0
3	0
2	0
2	0
4	0
1	0
3	0
0	0
1	0
0	0
0	0
0	0
1	0
1	0
0	0
0	0
2	0
0	0
1	0
3	0
2	0
2	0
1	0
1	0
3	0
2	0
3	0
2	0
2	0
1	0
3	0
3	0
3	0
2	0
2	0
0	0
1	0
3	0
2	0
3	0
1	0
1	0
5	0
0	0
3	0
2	0
1	0
1	0
2	0
2	0
3	0
2	0
2	0
4	1
0	0
1	0
1	1
2	0
0	0
2	0
1	0
1	0
0	0
3	0
3	0
1	0
2	0
0	0
1	0
2	0
4	0
1	0
1	0
2	0
2	0
5	0
7	0
3	0
11	0
0	0
2	0
5	0
0	0
3	0
4	0
25	0
3	0
3	0
3	0
1	0
0	0
1	0
1	0
3	0
16	0
2	0
2	0
2	0
5	0
3	0
2	0
3	0
6	0
5	0
0	0
3	0
3	0
4	0
0	0
5	0
6	0
3	0
8	0
0	0
3	0
4	0
5	0
3	0
2	0
2	0
2	0
3	0
2	0
0	0
3	0
2	0
6	0
5	0
1	0
4	0
1	0
3	0
1	0
3	0
2	0
3	0
4	0
12	0
2	0
1	0
3	0
5	0
7	0
3	0
3	0
5	0
1	0
0	0
2	0
0	0
3	0
0	1
1	1
1	0
3	0
5	0
0	0
4	0
6	0
1	0
3	0
0	0
2	0
3	0
2	0
4	0
5	0
4	0
1	0
7	10
1	10
0	74
2	74
68	0
537	14
0	14
10	0
3	27
26	27
398	3
94	0
0	4
12	227
23	227
0	0
11	0
5	0
3	0
5	0
0	0
108	540
0	540
2	0
236	0
13	327
29	327
179	156
1	156
0	0
86	0
10	160
31	240
14	81
5	77
3	15
34	0
0	118
0	135
0	139
3	55
0	132
0	142
0	125
3259	87
1	87
3	0
0	6
6	6
7	0
23	0
0	32
211	32
5	0
4	0
0	18
15	147
1	147
0	11
5	11
2	45
20	40
31	0
2	0
2	0
0	0
3	183
4	183
8	64
12	44
0	44
214	0
173	53
42	53
112	578
10	570
0	8
12	4
1	4
21	16
0	8
15	13
2	6
11403	7
2	283
2	322
1	54
16	0
10	6
0	6
5	0
48	13
4	13
36	75
4	75
3	0
0	1
263	0
1	0
4	0
41	0
2	0
4	0
14	0
5	0
1	0
0	122
606	122
18	0
8	0
32	142
11	221
4	79
415	0
0	1
314	1
135	0
365	0
0	90
117	249
14	245
261	21
1	21
1	11
6	0
118	61
26	61
11	33
5	0
0	2
12	2
126	0
9	0
9	0
2	128
43	128
0	5
6	0
0	5
8	0
3	105
143	105
2	0
196	0
496	0
7	88
6	88
4	40
1	0
4	0
29	0
0	0
2	23
0	23
139	146
2	146
4	88
24	12
0	12
8	81
3	81
5	54
3	244
178	552
0	308
88	41
5	15
7	28
302	0
4	73
10	73
0	29
15	0
11	0
10	0
109	158
3	158
0	49
24	49
12	0
2	0
3	0
2	5
0	5
24	0
99	0
107	0
86	0
277	0
0	0
0	0
1	0
0	0
80	0
33	65
47	0
0	65
0	0
71	0
105	0
59	0
9	627
0	879
6	609
57	363
586	363
0	68
2	258
20	258
45	0
2	1
0	1
361	0
643	0
0	52
181	52
5	0
3	0
2	0
0	0
0	1
8	1
5	0
7	0
5	6
9	3
33	2
267	0
23	0
3	0
1	0
46	49
7	49
11	0
9	0
5	3
542	0
206	0
2	3
61	0
13	3
0	2
5	0
1	51
4	51
192	16
0	16
43	0
8	0
32	0
111	0
0	25
0	25
226	0
2	0
7	158
5	158
0	145
1	438
0	164
0	218
0	365
0	237
4	0
1	5
0	4
0	6
31	0
0	1
113	71
4	71
0	9
3	9
732	20
0	8
0	12
3	0
0	13
0	56
59	519
38	463
2	0
0	0
166	0
32	0
35	0
0	259
1	183
22	249
4	0
42	1
1	0
4	0
36	0
0	3
13	3
13	0
22	0
2	0
5	0
8	0
5	0
3	0
3	0
1	0
4	0
9	0
2	0
3	0
0	3
6	0
6	3
3	0
0	6
2	6
2	1
4	1
3	0
1	0
12	0
1	0
2	0
0	0
3	3
3	0
5	0
2	0
1	1
0	1
27	0
8	0
10	0
6	0
0	0
4	0
5	0
3	5
0	5
10	0
15	0
0	0
930	0
10	0
7	0
2	0
8	8
2	8
9	0
0	129
2	5
321	124
6	0
0	0
5	0
1	1
1	1
2	0
22	0
0	0
7	0
6	0
0	1
0	1
1	0
6	0
1	0
0	0
10	0
10	0
2	1
0	0
7	0
1	0
5	0
2	0
8	0
4	0
2	0
6	0
1	0
1	0
1	0
12	1
6	0
6	8
7	8
5	0
7	0
8	0
36	0
1	13
42	13
6	0
0	0
14	0
5	0
5	0
2	0
1	0
13	42
4	42
21	0
9	0
8	0
5	0
1	0
4	0
5	0
13	0
5	0
13	0
8	0
2	0
2	0
1	14
4	14
27	0
2	0
3	0
8	1
0	4
1	4
0	0
2	0
2	0
3	0
3	0
10	3
0	3
8	0
5	0
3	0
2	0
30	0
9	0
9	0
9	0
3	0
4	0
0	0
1	0
4	0
5	0
2	0
3	0
3	0
13	0
0	7
15	7
0	0
1	0
1	8
4	8
2	0
4	4
4	4
7	0
2	0
2	0
1	0
7	0
4	0
1	0
5	0
2	0
17	0
3	0
0	0
1	0
1	0
4	0
6	0
3	0
2	5
2	5
4	0
3	0
1	0
38	25
0	25
115	0
10	0
6	0
4	0
1	0
1	0
4	0
4	0
3	0
2	0
6	0
1	0
1	1
3	1
2	0
4	0
2	0
4	0
1	0
5	0
2	0
0	1
0	1
6	0
4	0
5	0
3	0
5	0
0	0
2	0
4	0
1	0
3	0
1	0
3	0
2	0
2	0
1	0
6	0
3	0
3	0
0	0
4	0
1	0
3	0
4	0
3	0
4	0
3	0
3	0
3	0
4	0
1	0
4	0
2	0
2	0
0	1
5	0
2	0
1	0
4	0
2	0
1	0
3	0
2	0
2	0
0	0
4	0
1	0
4	0
1	0
0	0
2	0
0	0
2	0
2	0
12	1
2	0
4	0
1	0
2	0
5	0
1	0
4	0
2	0
4	0
2	0
3	0
0	0
0	0
5	0
2	0
0	1
2	1
1	0
9	0
2	0
3	0
1	0
1	0
3	0
1	0
0	0
1	0
182	0
2	0
0	0
1	0
5	0
4	0
4	0
10	0
0	0
4	0
3	0
14	16
0	16
1	0
3	0
7	0
0	11
2	11
2	0
1	0
3	0
4	0
5	0
29	0
4	0
3	0
1	0
0	0
6	0
3	0
0	0
3	1
2	1
0	0
3	0
5	0
0	1
0	3
1	2
2	0
1	0
6	0
2	0
2	0
2	0
1	0
7	0
4	0
5	0
11	0
3	0
3	0
3	0
1	0
1	0
3	0
16	0
9	0
0	0
7	0
5	0
7	0
1	0
5	0
3	0
3	0
13	0
6	0
4	0
3	0
4	0
4	0
2	0
0	0
1	0
1	0
3	0
3	0
1	0
5	0
2	0
4	0
4	0
1	0
3	0
13	0
0	0
5	0
4	0
4	0
7	0
1	0
2	0
4	5
0	5
3	0
8	0
1	0
4	0
10	0
7	0
0	0
3	0
8	0
1	0
5	0
0	3
0	3
3	0
4	0
2	0
7	25
0	25
3	0
0	0
2	0
12	0
1	1
2	0
0	7
3	0
2	0
6	0
0	0
10	0
2	0
0	22
0	22
3	0
7	0
10	0
0	10
1	11
3	0
5	0
0	0
0	1
0	1
4	0
4	0
3	0
2	0
8	0
7	0
2	0
9	0
5	0
1	0
11	0
2	0
8	0
3	0
6	0
3	0
1	0
8	0
9	0
1	0
1	0
10	0
36	0
5	0
2	0
1	0
4	0
2	0
5	0
0	0
5	0
0	0
6	0
2	0
3	0
7	0
9	0
2	0
5	0
10	0
0	1
0	1
1	0
3	0
2	0
2	0
13	0
2	0
14	0
1	0
2	0
6	0
2	0
0	0
0	0
3	0
0	0
1	0
1	0
1	1
0	1
3	1
2	1
4	0
3	0
2	0
6	0
1	0
4	0
24	0
4	0
1	0
1	0
15	0
4	0
2	1
1	6
1	0
6	0
2	0
11	0
11	1
0	0
7	0
13	0
1	0
2	0
3	0
3	0
1	0
14	53
6	0
37	0
13	0
4	0
0	0
1	0
5	0
1	0
6	0
4	0
1	0
9	0
4	0
7	0
1	0
3	0
2	0
0	0
5	0
2	0
1	0
6	0
8	0
0	0
2	0
5	0
2	0
13	2
2	0
2	0
1	0
6	0
1	0
8	0
3	0
4	0
1	0
16	0
1	0
2	0
3	0
3	0
10	0
3	0
10	0
2	0
1	0
0	0
0	0
0	0
2	0
6	0
1	0
2	0
1	0
0	0
2	0
1	0
1	0
2	0
3	0
7	0
1	0
3	0
7	0
4	0
1	0
4	0
4	5
0	5
4	0
3	0
0	0
2	0
4	0
6	0
6	0
3	0
5	0
2	0
1	0
9	1
1	0
3	0
1	0
9	0
1	0
5	0
13	0
4	0
4	0
7	0
1	0
4	0
5	0
13	0
1	0
10	0
2	0
2	0
3	0
3	0
5	0
9	1
1	1
0	0
10	0
9	0
3	0
31	0
2	0
0	0
14	0
3	0
2	0
0	0
3	0
3	0
2	0
1	0
23	0
2	0
3	0
1	0
4	0
5	0
2	0
3	0
3	0
6	0
11	2
5	0
4	0
3	0
2	0
1	0
3	0
3	0
4	0
8	0
0	10
0	9
3	0
2	1
3	0
1	0
5	0
2	0
3	0
3	0
0	0
3	0
0	0
2	0
2	0
4	0
1	0
5	0
2	0
6	0
3	4
1	4
1	0
2	0
0	1
3	0
6	0
2	0
2	0
2	0
2	0
1	0
1	0
3	0
0	0
4	0
1	0
13	0
3	0
3	0
0	4
1	4
11	0
1	0
1	0
8	0
4	0
7	0
2	0
5	0
3	0
3	0
3	0
5	0
1	0
7	0
3	0
3	0
2	0
2	0
4	0
3	0
4	0
5	0
0	0
3	0
4	0
1	0
5	0
2	0
4	0
1	0
5	0
4	0
3	0
2	0
15	0
3	2
3	0
2	0
12	0
2	0
0	0
1	0
2	0
3	0
3	0
3	0
9	0
0	0
0	0
2	0
2	0
1	0
4	0
2	0
2	0
0	0
4	0
3	0
4	0
0	0
7	0
3	0
0	0
2	0
2	0
2	0
3	0
9	0
0	0
19	0
2	0
0	69
22	69
0	0
8	0
1	0
3	0
5	5
5	0
0	0
2	0
9	0
2	0
3	0
9	0
2	0
2	0
1	1
5	0
2	0
0	0
4	0
3	0
1	0
4	0
2	0
4	0
2	0
3	0
2	1
1	1
4	0
2	0
0	2
4	2
3	0
8	0
2	0
5	0
6	0
1	0
1	0
6	0
4	0
1	6
0	6
3	4
3	4
6	0
2	0
2	1
0	1
9	0
3	0
4	0
3	0
0	9
2	9
5	0
3	0
4	0
0	3
0	3
6	0
1	0
9	0
1	0
12	0
4	1
7	0
0	0
2	0
5	0
622	0
4	0
2	0
0	0
3	0
19	0
3	2
3	0
1	0
6	0
37	0
4	0
8	1
1	1
7	0
11	0
1	0
1	0
5	0
5	1
3	0
1	0
122	0
89	213
4	213
11	0
17	0
0	0
2259	3
2	0
8	0
6	0
2	4
2	4
9	0
28	0
17	0
1	0
12	0
6	26
1	26
0	173
43	173
0	60
17	60
0	0
1	0
3	3
8	0
41	0
6	3
2	3
15	0
8	0
8	0
19	0
11	0
5	0
2	0
11	0
6	0
4	0
7	0
3	0
2	0
5	0
1	0
0	0
30	0
19	0
1	0
28	0
15	0
19	0
6	16
2	16
7	0
8	0
2	0
4	0
7	0
9	0
2	0
1	0
17	0
2	0
0	4
4	3
26	0
2	0
6	0
13	265
16	265
21	0
11	0
7	0
4	0
4	0
4	0
3	0
10	2
10	0
3	3
4	3
16	0
0	0
3	0
1	0
3	0
15	0
5	0
2	0
5	0
4	0
0	4
34	5
2	0
4	1744
0	2984
0	2984
5	1744
12	1744
8	76
3	76
14	0
5	0
3	0
26	0
0	3
20	3
0	2
55	2
3	7
7	61
5	61
171	0
0	0
19	0
0	0
0	0
1	0
37	0
0	0
3	0
4	0
95	28
1	28
0	0
59	0
0	74
3	74
0	0
3	0
3	0
1	0
17	0
13	0
46	0
39	18
0	18
7	0
2	0
0	9
1	9
6	1
1	0
1	0
0	0
1	350
118	350
4	0
10	0
2	0
2	1
1	1
0	0
25	0
11	0
3	0
0	0
0	0
2	22
127	22
3	0
3	0
12	0
4	0
25	0
312	0
9	0
3	0
3	1
0	1
0	0
4	0
1	0
0	0
3	0
0	0
2	0
4	0
4	18
4	18
17	0
9	0
0	0
3	0
0	0
9	0
0	0
4	0
0	0
8	0
1	0
4	0
11	0
1	0
5	8
12	21
3	20
5	0
6	0
2	0
14	0
3	0
3	0
6	0
31	0
63	0
48	0
1	0
0	0
2	0
8	0
6	0
3	0
0	0
2	0
0	0
3	0
2	0
5	0
2	0
0	0
1	0
2	3
7	0
12	0
0	3
13	3
2	0
6	0
2	0
4	0
0	1
1	1
10	0
16	0
8	0
3	0
2	2
4	2
2	0
0	0
7	0
4	0
1	0
2	0
2	0
2	0
1	0
4	0
3	0
4	0
4	0
3	0
5	0
2	0
10	0
2	0
0	0
2	21
7	21
16	0
3	0
0	1
0	1
0	0
5	0
2	0
7	0
1	0
5	0
0	0
1	0
4	64
111	64
2	0
0	0
1	0
3	0
7	0
0	0
0	0
8	0
4	0
3	0
3	0
3	0
1	0
12	24
167	24
3	0
9	0
2	0
0	0
6	0
0	0
3	0
5	0
1	0
1	0
1	0
1	0
5	0
2	0
11	0
0	0
36	0
7	0
68	0
17	0
6	1
4	0
2	0
17	0
0	0
319	0
13	0
0	8
58	0
1	8
141	0
14	0
4	0
0	0
6	0
1	0
1	0
3	0
6	0
2	0
7	0
2	0
1	0
17	0
5	0
1	0
2	0
2	0
1	0
1	0
4	0
0	0
4	0
3	0
63	0
1	0
1	0
13	0
3	0
3	0
4	0
1	0
18	0
5	0
18	0
0	4
0	4
0	0
0	0
1	0
3	3
1	0
3	0
288	0
2	0
8	0
2	0
2	0
3	0
7	0
3	0
1	0
5	0
4	0
1	0
6	3
1	0
7	0
2	0
8	0
1	0
5	0
2	2
5	0
1	0
2	0
3	0
1	0
2	0
4	0
3	0
3	0
1	0
2	0
0	1
1	1
4	0
3	0
2	0
0	0
5	0
5	0
5	0
2	0
1	0
3	0
1	0
1	0
3	0
4	0
4	0
4	0
2	0
2	0
1	0
16	0
3	1
5	0
1	0
3	0
2	0
3	0
1	0
4	0
2	0
1	0
2	0
2	0
2	0
2	0
1	0
3	0
9	0
4	0
12	0
2	0
1	0
4	0
3	0
1	0
3	0
3	0
3	0
2	0
9	0
2	0
3	0
6	0
3	0
3	0
4	0
7	0
2	0
3	0
4	0
3	0
5	0
2	2
0	2
5	0
3	0
5	0
0	1
5	1
3	0
8	0
2	0
2	0
7	0
2	0
2	0
4	0
2	0
2	0
4	0
0	0
2	1
0	1
8	0
2	2
2	0
10	0
0	0
2	0
2	0
4	0
3	0
0	0
3	0
5	0
2	0
1	15
17	15
6	0
7	0
7	0
5	0
1	0
1	0
1	0
3	0
7	0
3	0
2	0
0	0
0	0
2	0
6	0
2	0
5	0
2	0
5	0
4	0
4	0
1	0
6	0
2	0
0	0
3	0
4	4
3	0
2	0
3	0
0	0
1	0
11	0
1	0
0	0
1	0
3	0
3	0
19	0
2	0
2	0
11	0
1	0
2	0
4	2
1	2
3	0
0	0
2	0
9	0
3	0
0	0
3	0
5	0
0	20
0	11
0	24
0	15
8	0
0	0
0	7
2	7
3	0
3	0
1	0
4	0
1	0
2	0
5	0
0	0
55	19
2	19
1	0
2	0
2	0
5	0
3	0
3	0
3	0
4	171
1	171
7	0
10	0
4	0
4	0
3	0
0	0
8	0
5	0
3	0
0	185
0	185
1	0
10	0
1	0
2	0
6	0
2	0
0	0
1	0
2	0
3	0
0	1
0	1
4	0
4	0
6	2
1	1
0	1
14	0
5	0
1	0
9	0
0	0
6	0
4	0
2	0
5	0
2	0
7	0
1	0
3	0
4	0
7	0
6	0
5	0
0	0
4	0
2	0
0	1
2	1
1	0
3	0
12	0
16	0
26	0
1	0
3	0
4	0
2	0
4	0
2	0
7	0
6	0
1	0
4	0
0	0
1	0
2	0
4	0
4	6
2	0
1	9
2	9
7	0
4	0
0	0
46	1
2	1
0	2
1	0
2	0
4	0
2	0
1	0
2	0
3	0
2	0
6	0
8	0
5	1
4	0
2	0
4	0
4	0
2	0
66	11
9	1
2	0
2	0
8	0
4	0
10	0
4	0
1	0
7	0
5	0
5	0
6	0
12	0
2	0
4	0
13	0
12	0
10	0
16	0
9	0
11	0
3	0
0	0
3	0
0	5
0	3
2	0
4	0
18	0
2	0
3	0
8	0
4	0
3	0
3	0
0	0
5	0
3	0
7	0
2	0
1	0
1	0
3	0
0	0
0	0
5	0
5	0
0	0
6	0
0	0
0	0
13	0
1	0
1	0
6	0
0	0
0	0
9	0
4	0
2	0
2	0
5	5
1	5
2	0
6	0
7	0
4	0
5	0
4	1
16	0
8	0
2	0
0	0
2	0
6	0
2	0
1	0
0	0
0	0
3	0
2	0
6	0
6	0
2	0
6	8
2	8
2	0
22	0
1	0
0	0
5	0
6	0
7	0
3	0
21	0
0	0
2	0
1	0
6	0
6	0
4	0
7	0
44	0
3	0
4	0
0	0
0	0
1	0
1	0
3	0
3	0
3	0
1	0
2	0
4	0
4	0
2	0
1	0
1	0
1	0
1	0
2	0
0	0
2	0
3	0
1	1
2	0
2	0
5	0
2	0
2	0
2	0
2	0
1	0
1	0
0	0
4	0
2	0
5	0
6	0
1	0
3	0
1	0
1	0
1	0
5	0
2	0
0	0
3	0
3	0
0	0
3	0
0	0
1	0
4	0
3	0
4	0
1	0
3	0
1	0
9	0
1	0
3	0
5	0
3	0
2	0
1	0
0	0
1	0
1	0
3	0
0	0
2	0
2	0
1	0
4	0
3	0
3	0
4	0
1	0
4	0
2	0
2	0
5	0
4	0
1	0
1	0
3	0
1	0
4	0
5	2
5	0
3	0
2	0
2	0
3	0
3	0
7	0
18	20
0	20
21	0
3	0
98	0
1	0
3	0
3	0
6	0
3	0
8	0
11	0
3	0
14	0
3	0
2	0
1	0
1	0
5	0
1	0
2	0
4	0
1	0
2	0
0	2
0	2
4	0
7	0
6	0
52	0
1	0
6	0
19	0
4	0
4	0
44	0
1	0
6	0
14	0
2	0
4	0
3	0
1	0
3	0
6	0
1	0
2	0
1	0
10	1
7	0
3	0
6	0
0	0
10	0
31	0
3	0
6	0
7	0
4	0
5	0
3	0
8	0
1	0
2	0
2	0
13	0
2	0
7	0
4	0
14	0
1	0
8	0
1	0
5	0
7	1
1	0
0	0
3	0
2	0
15	1
3	0
2	0
4	0
2	0
1	0
3	0
2	0
6	0
2	0
1	0
4	21
22	21
2	0
6	0
2	0
4	0
4	0
3	0
14	0
3	0
3	0
3	0
4	1
1	1
3	1
4	0
3	0
2	0
15	0
0	0
2	0
4	0
2	0
4	0
11	0
6	0
2	0
8	0
8	0
5	0
2	0
2	0
5	0
0	0
5	0
4	0
6	0
8	0
0	0
8	0
5	0
6	0
2	0
1	0
2	0
2	2
3	0
1	0
2	1
16	0
1	0
6	0
6	0
3	0
4	0
2	0
3	0
4	0
3	0
5	0
1	0
1	0
4	0
4	0
0	5
5	5
1	0
3	0
2	0
3	0
1	0
5	0
0	0
2	5
1	5
1	1
1	0
4	0
3	0
3	2
4	0
5	0
3	0
4	0
4	0
2	0
2	0
2	0
62	0
4	0
1	0
0	0
7	0
1	0
4	0
3	0
4	0
2	0
0	2
1	0
3	0
2	0
4	0
2	0
4	0
1	0
6	0
5	0
1	0
0	0
5	0
3	0
3	0
6	0
4	0
3	0
5	0
2	0
0	0
1	0
1	0
2	0
5	0
1	0
21	0
2	3
1	3
6	0
0	0
58	0
5	0
5	0
0	0
1	0
1	0
9	0
3	0
2	0
2	0
2	0
4	0
3	0
7	0
2	0
2	0
6	0
0	0
1	0
7	0
13	0
8	0
7	0
2	0
33	0
2	0
5	0
6	0
7	0
1	0
6	0
6	0
3	0
1	0
1	0
5	0
1	0
4	1
0	1
9	0
6	0
3	0
18	0
3	0
1	0
4	0
2	0
4	0
3	0
0	0
4	0
1	0
11	0
2	0
2	0
3	0
3	0
3	0
2	0
7	4
4	1
8	0
13	0
2	0
0	3
0	3
2	0
3	0
2	0
5	0
4	0
1	0
2	0
1	2
2	0
5	0
6	0
4	0
1	0
4	0
4	0
2	7
4	7
1	0
2	0
4	0
2	0
3	0
3	0
5	0
18	0
1	0
3	0
7	0
4	0
1	0
4	0
3	0
2	0
8	0
4	0
2	0
1	0
5	0
7	0
2	0
2	0
1	0
1	0
1	0
2	0
11	0
2	0
2	0
3	0
3	0
4	0
3	0
1	4
8	4
3	0
4	0
7	0
3	0
2	0
8	0
3	0
13	0
4	0
11	0
2	0
1	0
2	0
2	0
1	0
2	0
7	0
9	0
5	0
4	0
4	0
4	0
2	0
4	0
5	0
1	0
6	0
26	0
1	0
3	0
10	33
0	1
3	32
1	0
3	0
12	0
3	0
2	0
2	0
2	0
1	0
2	0
7	0
2	0
0	0
2	0
2	0
1	0
4	0
0	0
50	0
11	0
0	0
1	0
4	0
9	0
2	0
2	0
2	0
8	0
3	0
1	0
3	0
3	0
2	0
0	0
0	1
1	0
3	0
2	0
0	0
4	0
1	0
2	0
3	1
6	0
2	0
2	0
2	0
5	0
2	0
2	0
1	0
1	0
3	0
12	0
3	0
4	0
2	0
1	0
8	0
4	0
3	0
4	0
4	0
3	0
7	0
12	0
2	0
2	0
2	0
1	0
1	0
3	0
1	0
1	0
2	0
1	0
3	0
3	0
3	0
2	0
3	0
2	0
1	0
1	1
3	0
3	0
2	0
6	0
2	0
1	0
2	0
1	0
2	0
2	0
0	0
1	0
2	0
2	0
2	0
3	0
2	0
2	0
0	0
1	0
2	0
0	0
5	0
0	0
1	0
4	0
2	0
1	0
0	0
1	0
4	0
1	0
2	0
3	0
1	0
3	0
2	0
0	0
1	0
3	0
2	0
1	0
5	0
1	0
2	0
2	0
1	0
1	0
1	0
1	0
1	0
3	0
0	0
1	0
3	0
3	0
1	0
2	0
0	0
1	0
1	0
3	0
2	0
1	0
1	0
1	0
3	0
2	0
3	0
1	0
2	0
3	0
3	0
5	0
3	21
0	21
2	0
2	0
0	13
0	13
6	0
25	0
0	0
6	0
4	0
1	0
5	0
3	0
3	4
3	0
5	3
1	0
3	0
0	0
0	0
5	0
8	0
0	0
7	0
17	0
0	6
0	6
7	0
2	0
24	0
26	0
2	0
4	0
2	2
2	2
3	0
13	0
4	0
3	0
1	0
1	0
3	0
2	0
8	0
3	0
5	0
11	0
3	0
4	0
1	0
3	0
9	0
3	0
6	0
2	0
2	0
17	1
0	5
15	5
2	0
2	0
5	0
4	0
7	0
12	0
5	0
6	0
1	0
2	0
0	0
9	0
5	0
6	0
5	0
4	0
2	0
2	0
11	0
2	0
6	0
2	0
265	2
1	0
5	0
5	0
6	1
7	0
2	0
3	0
0	0
0	1
4	0
2	1
1	0
1	0
3	0
2	0
1	0
2	0
6	0
6	0
7	0
0	0
4	0
17	0
3	0
1	0
2	0
6	0
6	0
5	0
4	0
5	0
1	2
1	2
2	0
8	1
0	1
6	0
5	0
2	0
1	0
1	1
0	1
1	0
3	0
2	0
1	0
1	0
1	0
4	0
5	0
0	0
1	0
1	0
3	0
2	0
0	0
4	7
0	7
2	0
2	14
2	14
1	0
5	0
1	0
2	0
3	0
2	0
6	0
2	0
4	0
1	0
5	0
11	0
9	0
3	0
1	0
1	0
2	0
1	0
3	0
0	0
1	0
2	0
0	0
2	0
1	0
3	0
9	0
2	0
0	0
0	0
1	0
1	0
3	0
3	0
9	0
2	0
1	0
4	0
0	0
4	0
5	0
2	0
3	0
0	0
1	0
5	0
4	0
7	0
3	0
2	0
0	0
1	0
4	0
1	0
3	0
2	0
5	0
1	0
3	0
0	0
8	0
1	0
1	0
0	0
2	0
1	0
4	0
7	0
1	0
4	0
1	0
1	0
1	0
4	0
0	0
1	0
1	0
3	0
3	0
2	0
3	0
3	0
4	2
3	0
4	0
2	0
2	0
2	0
1	0
2	0
5	0
4	0
2	0
3	0
1	0
3	0
3	0
1	0
0	0
2	0
2	0
1	0
4	0
5	0
5	0
11	0
16	0
20	2
1	2
1	0
4	0
2	0
7	0
0	2
0	2
4	0
7	0
2	0
11	0
8	0
5	0
13	0
13	0
46	0
0	0
2	0
4	0
2	0
0	0
3	0
6	0
2	0
1	0
3	0
10	0
4	0
8	0
2	0
5	0
5	0
2	0
34	0
2	0
4	0
5	0
2	0
6	0
6	0
1	0
2	0
11	0
3	0
11	0
1	0
0	17
0	17
0	17
28	0
1	0
4	0
5	0
1	0
2	0
1	0
1	0
0	34
10	34
3	0
1	0
1	12
3	12
1	0
4	0
10	0
3	0
0	0
3	0
4	0
2	0
1	0
3	0
2	0
8	0
2	0
0	0
6	0
4	0
6	0
2	0
3	0
5	0
4	0
2	0
31	0
17	0
11	0
2	0
4	0
0	0
4	0
0	0
0	12
1	12
5	0
9	0
4	0
4	0
2	0
2	0
9	0
3	0
2	0
0	0
0	0
1	0
1	0
2	0
5	0
0	0
7	0
3	0
2	0
0	0
3	0
3	1
0	1
1	0
2	0
5	0
5	0
0	0
216	0
2	2
1	2
1	0
4	0
4	0
1	0
0	0
2	0
3	8
4	8
3	0
2	0
3	0
1	0
3	0
0	0
1	0
6	0
33	0
2	0
3	0
123	0
11	11
5	10
5	10
0	10
58	0
2	0
0	0
4	0
46	0
305	0
10	0
22	0
5	0
0	0
1	3
2	3
0	0
2	0
14	0
4	0
13	8
1	8
1	0
1	0
96	0
11	0
4	0
9	0
0	0
6	0
3	0
1	0
159	0
0	1
0	13
1	13
2	9
3	5
7	5
7	0
9	41
4	41
2	20
4	0
2	0
8	6
5	0
0	0
5	0
2	0
0	0
8	0
0	0
5	1
1	1
1	0
5	0
1	0
3	0
5	0
4	0
8	0
11	0
18	63
23	63
4	0
0	0
0	0
1	0
96	0
5	10
0	10
3	0
2	0
13	0
1	0
411	0
3	40
3	40
7	12
0	6
5	0
6	411
91	404
8	331
1	346
71	3
2	3
154	0
6	0
8	0
5	0
3	0
2	0
0	23
69	23
2	0
5	0
7	0
5641	36
0	36
2	11
30	11
34	0
3	9
3	9
1	0
5	0
1	0
22	54
0	54
0	0
7	0
4	0
38	0
1	0
0	0
4	0
9	0
36	2
211	369
8	369
30	0
0	0
1	0
0	32
5	32
10	0
15	0
97	31
4	31
10	0
0	0
0	0
3	9
0	9
0	1
75	1
102	0
3	0
2	0
0	0
13	8
5	8
13	0
2	24
1	24
9	0
9	0
15	0
7	0
23	48
0	48
31	46
0	46
0	7
134	4
5	7
0	0
0	6
1	6
6	0
2	0
21	4
5	0
8	99
0	31
0	68
45	1
0	1
0	1
20	0
6	0
0	3
0	5
2	6
46	0
25	0
55	11
0	11
153	24
2	23
2	4
0	12
0	12
2	6
0	6
12	35
9	35
35	0
4	31
16	31
7	0
1	0
5	0
31	0
146	0
0	3
0	3
2	0
1	0
0	0
3	0
5	0
1	24
7	24
0	0
12	0
0	356
18	356
4	0
1	0
3	1
0	8
1	10
5	2
1	2
0	13
2	4
3	44
3	215
10	215
0	0
307	1
1	0
28	1
1	1
5	0
2	41
46	41
41	477
12	477
257	0
3	613
693	614
33	223
4	223
10	20
96	20
27	59
1	59
0	1
217	0
7	0
10	135
17	135
94	0
14	0
322	51
14	51
6	3
0	3
21	0
166	0
9	0
39	0
28	0
0	111
0	247
4	217
0	146
0	282
14	0
1	0
3	39
72	39
0	87
27	282
19	283
43	0
14	0
4	0
4	0
2	1
2	1
2	0
3	0
1	8
0	8
2	8
1	0
2	0
0	0
1	27
0	309
0	304
0	293
0	320
0	145
246	145
0	0
4	13
0	13
8	134
2	134
75	134
2	134
12	0
5	0
0	0
462	0
64	1
2	1
1	127
4	127
232	0
5	570
2	446
0	582
1	0
306	6
2	6
1	0
0	174
6	166
1	48
4	124
0	459
109	581
32	252
1	0
23	0
10	0
0	0
6	1
3	0
9	58
30	58
364	0
2	56
4	56
8	0
2	0
4	156
1	156
193	10
0	10
83	1
20	118
9	118
4	118
2	118
0	0
6	0
0	2
0	0
0	0
1	0
0	1
1	0
0	0
0	1
1	2
4	1
1	17
94	17
188	0
0	24
10	24
0	0
8	0
2	0
206	0
3	0
1	28
8	28
1	140
167	140
0	2
42	515
47	515
236	0
1	0
5	0
15	36
1	36
59	0
0	78
0	70
0	126
0	118
3	75
5	184
7	77
20	182
9	149
309	0
3	65
0	65
0	28
77	29
0	1
39	9
0	9
33	0
29	0
3	0
31	0
0	0
19	0
0	13
58	13
0	25
0	25
228	0
2	0
3	0
139	0
0	33
12	184
0	184
10	0
1	0
2	52
5	66
162	90
49	5
2	5
0	45
0	34
0	36
1	43
11	0
31	34
23	34
2	0
668	0
4	110
262	110
2	5
432	5
12	0
7	0
6	0
1	0
294	0
100	0
11	0
47	117
0	116
4	24
5	24
0	0
221	0
46	0
3	5
3	0
9	3
2	5
74	398
29	307
76	91
4	93
3	131
3	128
0	48
0	19
1	0
57	0
18	0
17	0
0	54
158	54
6	250
21	250
210	0
1	0
0	22
4	0
0	27
0	16
0	21
0	0
0	0
0	10
2	8
2	7
0	10
129	3
0	3
5	0
0	0
10	1
0	11
30	11
1	0
1	7
4	7
13	21
1	21
3	0
0	0
275	1
0	21
19	21
0	70
16	70
3	8
7	8
25	1
53	1048
146	1048
2	0
414	117
1	117
795	0
11	0
25	0
1	103
1	102
3	16
2	17
12	29
0	29
0	0
1	0
3	0
40	0
41	0
0	11
33	11
131	0
117	0
8	0
9	1
119	1
4	11
0	11
5	0
46	0
0	0
2	23
3	24
0	24
21	5
0	5
3	0
11	535
9	535
1	0
0	27
24	27
2	1
13	74
1	260
147	334
5	0
1	0
10	88
0	88
384	61
2	61
0	0
3	2
4	2
0	135
13	135
1	25
114	25
21	0
7	6
0	1130
0	1127
0	1222
0	1219
2	3
16	288
41	288
5	0
4	0
0	0
7	0
0	144
697	37
4	37
106	144
0	42
35	42
17	1
1	0
5	0
5	0
1	0
8	0
1	0
1	0
2	0
6	0
4	0
9	0
3	0
3	0
3	0
3	0
3	0
5	0
3	0
0	81
0	81
1	0
5	0
4	0
1	0
275	67
0	35
0	32
8	0
3	0
2	0
4	0
2	0
3	0
15	2
14	0
4	0
5	0
1	0
2	0
0	4
2	4
2	0
1	0
0	0
2	0
12	141
0	104
3	37
2	0
3	0
2	1
1	1
22	0
1	0
0	0
5	0
38	0
0	0
9	0
1	0
2	0
3	0
5	0
5	0
1	0
5	0
2	0
3	0
0	0
3	0
2	0
1	1
4	0
2	4
1	0
5	0
1	0
4	4
1	4
13	0
2	0
1	0
3	0
1	0
6	0
3	0
0	0
5	0
3	0
2	0
2	0
3	0
0	0
2	0
2	0
17	0
2	0
4	0
14	14
0	14
2	0
1	0
6	0
3	0
4	1
7	0
11	0
4	0
7	0
3	0
8	0
5	0
4	0
4	0
10	0
47	0
1	0
3	0
2	0
7	0
16	0
4	0
3	0
3	0
3	0
4	0
4	0
3	0
5	0
2	0
0	0
2	5
5	0
3	0
6	1
7	0
4	0
4	0
1	0
56	0
2	1
0	1
10	1
2	0
4	0
6	0
6	0
6	0
2	0
9	0
1	0
5	0
5	1
0	0
5	0
4	0
10	0
5	0
6	0
3	3
0	0
3	0
1	0
2	0
5	0
2	0
16	0
1	0
12	0
1	0
3	0
2	0
10	0
13	0
6	0
5	0
5	0
2	0
4	0
5	0
2	0
5	0
0	0
7	0
11	0
2	0
4	0
0	0
2	0
1	0
2	0
13	0
3	0
1	0
3	0
7	0
10	0
18	0
2	0
9	1
30	0
1	1
1	0
6	0
3	0
5	0
3	0
1	0
2	0
6	0
2	0
1	0
11	0
3	0
2	0
3	0
3	0
2	0
4	0
2	0
3	0
0	1
0	1
1	0
3	0
2	0
10	0
3	0
1	0
3	0
19	0
6	0
11	1
4	0
4	0
3	0
7	0
4	0
5	0
6	0
1	0
13	0
5	0
2	0
3	0
0	0
3	0
1	0
13	0
2	0
13	0
12	0
11	0
5	0
5	0
24	2
4	150
98	150
222	235
0	235
8	5
3	366
3	400
488	403
11	0
3	0
24	0
4	388
0	538
12	466
11	139
105	71
16	71
3	14
2	0
10	88
10	147
14	231
6	0
0	0
0	43
125	43
31	11
0	11
4	166
6	204
168	234
7	42
83	42
6	37
0	0
208	0
41	34
3	34
0	24
0	166
0	311
5	284
0	268
0	265
9	52
0	116
2	38
0	130
32	168
26	0
3	0
0	8
100	8
1	0
6	0
0	94
0	127
0	104
1	61
0	137
6	0
83	0
884	0
1	0
0	0
1	2
0	1
0	2
0	0
2	2
5	7
0	5
3	20
13	20
0	0
155	1
0	136
0	122
144	133
20	440
0	97
0	240
1	205
0	1
749	1
1	0
433	0
32	355
4	340
35	355
1	13
4	20
18	3
0	9
0	6
26	0
6	0
194	4
349	4
3	3
2	3
193	4
1	0
1	0
68	0
0	650
98	650
0	62
0	530
37	530
533	0
6	0
745	0
0	25467
10	25468
6	237
2	138
10	237
1	0
0	0
1	50
61	0
0	63
1	64
3	4
5	67
0	71
2	64
16	0
2	3
0	3
15	3
1	5
0	5
2	2
10	603
47	603
3	2
5	45
1	302
140	302
2	1
174	0
0	244
0	232
0	218
0	149
0	210
0	252
0	224
0	168
0	160
11	0
7	0
0	74
1	5
0	116
0	112
0	78
2	22
9	0
6	0
116	137
5	109
0	28
5	0
6	0
2	0
2	17
1	15
2	2
6	306
154	306
10	144
44	144
1	47
4	0
2	416
0	536
1	523
1055	0
0	43
54	51
0	11
0	9
1	45
1	5
75	0
39	0
1	11
2	11
0	1
4	1
173	0
0	26
14	26
52	0
3	11
2	11
0	0
9	80
1	43
0	37
0	11
2	6
13	4
4	12
5	9
20	45
4	29
0	28
0	44
0	265
2	190
8	1003
34	1003
49	0
0	9
9	634
0	268
0	636
99	0
44	0
1	0
0	4
17	90
6	79
7	15
0	2
3	19
0	6
2	30
0	5
0	14
0	4
1	20
0	3
36	0
0	99
5	30
2	71
22	141
0	141
7	265
0	307
5	176
8	3
9	5
18	0
18	234
5	209
11	234
152	0
7	0
3	23
4	23
16	0
0	1
0	0
432	105
12	104
37	623
87	623
10	171
3	82
2	171
4	0
2	27
143	1
49	38
3	10
5	0
2	1
0	1
26	0
8	57
10	57
0	203
0	201
0	166
0	168
1	0
4	0
744	0
0	164
0	164
0	151
0	152
0	151
0	165
0	151
0	164
6	464
249	476
3	18
6	40
0	40
195	190
14	190
3	137
4	137
3	0
4	2
137	26
2	26
134	0
0	283
0	302
0	412
0	431
17	0
20	0
0	27
178	27
8	0
1	37
407	37
0	1388
0	1331
4	1233
20	0
19	0
108	4494
431	4494
1	680
11	680
0	1
740	1
13	93
0	43
4	93
2	7
0	7
42	12
0	12
18	0
81	0
3	0
0	1
0	275
88	70
2	331
140	442
3	377
5	0
26	0
8	0
2	0
30	0
4	0
247	0
77	0
40	0
12	0
1	1107
0	1106
0	1076
69	1032
0	53
77	55
14	0
0	0
61	0
0	17
0	0
63	17
4	0
43	1
19	1108
176	1109
7	0
3	1
7	25
2	25
13	0
1	0
6	0
0	234
9	143
220	21
0	618
0	602
0	250
0	4
0	8
4	13
2	3
1	7
870	0
9	1373
7	875
179	1324
0	5
17	1124
252	1042
34	1124
0	417
9	416
24	0
5	0
0	133
0	177
0	181
0	120
0	124
0	129
0	7
4	0
346	315
4	252
0	62
0	30
6	172
51	173
2	141
3	1
6	0
16	0
62	9
0	1
137	1
0	9
5	0
0	43
14	27
8	43
0	4
10	13
0	12
0	25
0	20
3	3
9	13
2	3
0	2
1	4
2	8
0	0
5	9
8	14
0	2
5	10
0	2
1	4
2	2
0	0
14	4
1	2
10	14
7	20
3	2
1	2
21	1
3	4
3	4
6	0
8	444
526	444
0	5
2	0
3	0
8	0
84	9
1	9
6	0
15	189
0	189
1	5
143	5
1	0
0	0
2	0
4	0
607	0
14	0
316	0
0	529
0	373
0	516
0	527
0	386
0	384
0	1
2	3
1	3
3	150
0	151
0	159
0	162
0	145
0	165
0	197
4	193
0	139
0	180
122	14
0	14
2	0
178	24
1	24
1	0
0	84
2	535
3	531
3	538
2	528
46	0
0	0
11	0
251	0
2	0
12	41
0	3
3	41
124	239
3	239
20	32
23	152
9	0
27	6
5	154
41	166
19	48
0	171
0	29
1	0
16	89
5	238
90	327
3	0
3	0
5	0
3	6
3	6
8	0
2	0
1	1
10	0
11	0
1	0
49	0
8	0
11	0
10	0
5	0
11	0
11	0
1	0
0	10
11	10
10	0
45	0
33	0
1	0
3	0
16	0
6	0
0	1
5	1
4	0
1	0
5	0
9	0
8	0
4	0
0	0
0	10
2	10
6	0
14	0
14	0
10	0
552	0
1	0
6	0
3	0
2	0
1	0
9	4
4	0
10	0
8	0
3	0
4	0
5	7
1	7
5	0
1	0
258	0
9	0
10	0
4	0
3	0
1	0
1	0
1	0
2	0
5	0
42	0
5	0
1	0
5	0
1	0
2	0
3	0
7	0
141	0
4	8
0	8
5	0
19	0
7	0
2	0
0	0
6	0
0	0
0	0
14	57
2	1
0	56
1	24
0	0
2	3
3	3
13	0
7	0
108	9
0	9
44	0
1	6
5	6
0	0
5	6
0	6
3	5
3	5
4	121
46	121
5	0
424	14
2	14
30	0
4	0
1	9
5	9
62	0
35	0
3	24
0	24
9	0
3	0
4	0
3	0
0	0
4	0
14	9
0	9
1	0
12	0
1	0
11	0
4	0
5	0
5	8
0	8
17	5
169	0
4	0
2	0
6	0
13	0
0	0
0	0
2	0
0	0
5	0
145	0
2	0
5	0
2	0
5	0
8	0
66	56
0	56
2	0
0	0
2	0
93	0
0	10
5	10
14	0
1	0
7	0
26	0
7	0
15	0
2	0
0	0
0	3
5	3
6	0
18	0
0	0
10	0
2	0
6	6
0	0
2	0
0	6
14	0
4	33
0	22
1	11
7	0
0	10
6	10
16	0
34	0
8	0
58	1
0	1
2	1
25	0
1	0
9	0
1	0
33	0
2	0
1	3
1	3
0	0
0	1
2	0
1	0
25	0
64	0
0	2
283	2
11	0
2	0
0	0
0	194
0	213
0	181
0	200
48	0
7	1
19	0
11	0
3	0
5	10
0	10
17	0
20	0
2	0
1	0
0	422
0	420
0	422
0	419
0	421
1	421
1	12
4	134
7	146
3	0
1	0
2	0
1	0
3	0
1	0
1	0
9	0
3	0
3	0
0	0
2	0
0	0
0	0
3	0
1	0
7	0
2	0
4	0
4	0
1	0
1	0
3	0
1	0
5	0
5	0
3	0
0	0
4	0
2	0
3	0
2	0
1	0
1	0
1	0
0	0
3	0
0	0
2	0
3	0
2	0
0	0
2	0
2	0
2	0
1	0
1	0
0	0
1	0
1	0
0	0
0	0
0	0
0	0
2	0
2	0
5	0
3	0
3	0
2	0
1	0
0	0
3	0
3	0
1	0
2	0
2	0
2	0
4	0
3	0
3	0
2	0
3	0
3	0
3	0
1	0
22	0
3	0
2	0
2	0
1	0
2	0
4	0
2	0
1	0
1	0
1	0
2	0
0	0
0	0
1	0
0	0
1	0
3	0
0	0
3	0
7	0
3	0
8	0
1	0
3	0
4	0
12	0
1	0
2	0
9	5
0	5
0	0
2	0
1	0
4	0
18	0
3	0
1	0
0	0
3	0
18	0
11	0
4	0
3	0
1	0
10	0
1	0
0	0
20	0
3	0
6	0
3	0
8	0
3	0
31	0
6	0
5	0
5	9
0	9
4	0
2	0
0	5
2	5
1	0
0	0
2	0
3	0
2	0
1	0
3	0
5	0
5	0
3	0
7	0
1	0
0	2
0	1
1	0
0	2
8	0
4	0
3	0
82	204
0	204
5	0
2	0
2	0
9	0
2	0
12	0
2	0
0	0
4	0
1	0
1	0
4	0
4	0
1	0
3	99
25	99
1	0
1	0
1	0
4	0
2	2
4	2
2	0
5	1
6	0
6	0
3	0
2	4
1	4
23	0
3	0
1	0
5	0
5	0
1	0
1	0
3	0
0	0
1	0
4	0
12	0
2	0
139	6
2	0
3	0
0	0
3	0
3	0
1	0
0	1
0	1
1	1
5	0
4	0
2	0
26	0
1	0
1	0
11	0
2	0
3	12
1	12
6	0
4	0
2	0
3	0
2	0
3	0
7	0
1	0
8	0
0	4
0	4
4	0
2	0
0	0
0	0
0	0
9	0
1	0
2	0
0	1
3	1
16	0
3	0
4	0
0	0
1	0
0	0
5	0
3	0
6	0
1	1
1	1
1	0
11	0
8	0
1	5
2	5
418	562
3	562
8	157
0	236
48	211
3	0
4	0
1	0
72	0
0	56
0	53
0	68
0	65
0	27
0	14
0	34
0	26
0	35
21	0
47	105
7	105
77	0
0	712
20	202
0	127
0	760
0	341
5	283
0	467
0	353
0	598
0	646
0	389
0	350
1	2
0	11
0	0
29	0
1	11
7	1
12	0
34	0
19	1
43	0
2	0
11	0
73	0
2	0
5	22
1	22
22	15
0	137
4	124
3	63
0	1
7	1
29	202
0	202
0	548
0	69
0	566
0	553
0	86
0	535
68	0
1	0
27	0
0	1
0	2
8	3
0	591
0	222
4	373
0	394
0	600
0	571
0	202
0	206
9	0
5	7
0	608
0	226
0	587
0	580
0	607
0	588
1	6
2	0
35	0
2	0
4	15
1	2
0	15
0	15
1	2
0	1
0	1
0	12
26	12
0	250
560	250
1	0
1	942
13	9
3	13
119	1167
5	20
0	21
1	1022
24	154
5	9
5	12
1	75
10	0
24	0
11	0
5	0
0	0
6	0
26	0
2	12
0	12
245	0
1	38
23	182
2	144
169	0
28	2
0	877
0	840
0	655
0	883
3	771
0	754
1	1
22	7
0	846
1	6
7	0
5	0
9	0
1	3
0	0
1	116
4	80
1	188
7	65
1	116
0	188
0	108
0	153
0	153
7	0
4	0
1	0
0	1064
0	1076
0	1021
0	1028
0	1033
0	1071
0	1489
0	412
0	1343
0	1342
0	1414
0	1418
1	399
0	1417
0	356
7	0
4	0
10	0
114	3
1	1
3	50
0	194
6	193
1	0
218	0
6	0
286	71
0	71
4	7
4	388
22	384
66	388
12	0
9	0
11	0
7	45
0	86
0	81
0	37
0	75
0	78
0	37
5	1
9	14
0	19
0	5
17	2
0	3
0	6
18	9
5	11
0	1
3	16
319	0
0	335
5	45
2	0
0	341
0	267
0	275
0	273
0	243
0	343
0	311
0	11
1	23
0	22
0	10
90	8
86	8
1	11
0	11
38	0
3	44
0	44
5250	1
2	0
451	1
118	1
12	461
3	414
8	362
381	0
0	0
9	195
26	195
1	132
2	29
8	159
30	159
7	108
0	3
0	0
0	10
0	10
0	10
8	0
3	0
131	2
0	19
0	13
0	92
0	98
189	0
95	0
9	537
144	537
0	0
9	128
2	411
3	942
0	128
67	1070
3	0
0	17
1	30
0	348
0	306
0	377
0	560
0	549
0	564
0	183
0	516
1	168
0	520
0	155
0	302
0	151
0	335
0	593
0	344
73	0
11	0
13	11
2	11
0	1549
0	1661
0	1546
0	2146
0	47
0	2143
0	1555
0	1658
0	50
0	1552
6	1
7	0
3	4
2	1
1	7
2	1
0	1
0	4
1	42
2	15
4	9
1	57
0	2
2	92
35	92
0	5
0	9
2	68
0	3
95	342
38	342
2	71
510	71
1	0
6	12
1	12
15	1
6	1
16	0
0	39
5	18
27	23
6	0
2	0
2	0
0	52
1	129
0	120
0	32
0	41
0	101
0	35
0	121
0	120
0	140
0	113
0	42
1	134
0	116
0	135
0	100
0	22
0	31
0	25
1	0
2	2
1	1
13	0
0	0
10	14
12	48
6	48
33	7
1	22
20	15
0	103
178	103
0	2
6	1
0	9
0	7
0	4
0	2
41	9
0	9
2	33
139	33
1	55
7	55
2	54
3	0
0	0
3	0
5	0
0	0
2	0
114	744
2	318
7	426
1	20
0	4
0	179
0	105
0	185
0	100
0	489
0	177
0	178
0	183
0	492
0	180
0	186
0	184
0	491
0	490
0	4
0	20
0	0
771	173
1	173
7	0
0	77
61	77
3	0
0	0
26	542
1	178
29	542
0	78
0	78
0	137
0	139
11	198
6	0
7	0
691	0
0	0
92	0
0	188
23	188
89	0
1	0
2	0
9	21
7	349
160	349
16	22
17	22
0	4
12	4
0	4
4	0
0	0
722	0
3	74
40	74
5	53
85	53
43	0
0	1447
7	74
0	80
0	1510
1	50
0	44
1	583
2	0
0	1566
0	1629
10	0
73	1
0	1
86	0
213	969
0	5
7	523
0	1024
0	0
247	0
69	0
81	0
210	0
0	0
5	164
1	154
0	185
0	244
0	244
0	261
0	261
3	269
20	269
2	174
7	0
107	0
17	0
1	118
3	114
1	76
4	57
1	80
28	71
3	44
0	0
1852	6
0	6
1	0
0	1
5	1
39	0
24	36
0	66
0	154
0	116
1	53
0	97
0	173
2	3
8	6
0	81
0	100
0	72
12	66
20	164
2	35
6	98
2	0
2	0
450	0
0	25
22	0
92	25
4	0
3	101
2	206
76	206
1	0
2	0
0	0
12	16
0	16
6	0
15	129
334	129
22	121
349	5
23	0
0	0
45	412
26	412
496	0
1	30
3	30
42	0
39	0
358	146
0	146
70	0
15	0
0	49
6	53
35	47
4	7
0	525
0	508
13	154
0	514
0	531
0	142
1	0
1	0
15	0
1	0
57	0
82	0
177	0
0	0
3	58
320	58
0	17
2	0
2	0
287	16
0	15
18	0
3	0
4	0
4	4
1	0
15	0
2	0
0	1027
0	495
0	1009
0	1028
0	531
0	1008
0	1028
0	442
0	1044
0	478
0	1028
0	1027
0	1045
0	1027
1	10
5	3
28	0
1	20
0	2
584	22
1	4
2	4
12	0
5	92
2	92
30	335
1	74
9	408
240	9
4	9
3	0
1	0
0	673
0	1323
0	679
0	1316
0	660
0	1336
0	666
0	1329
0	382
0	21
3	234
0	20
1	385
0	355
0	352
232	1
0	11
158	11
202	0
261	0
0	654
0	698
0	488
0	678
0	655
0	468
0	598
0	635
0	641
27	186
0	611
15	0
0	10
4	10
50	0
21	22
0	22
1	14
2	0
5	101
17	101
0	0
240	0
0	316
0	618
0	463
4	455
0	163
27	0
27	159
2	141
15	256
11	102
1	107
3	0
12	0
26	0
3	0
0	1
1	0
10	539
25	539
3	0
0	0
794	0
5	26
4	26
334	38
25	38
2	0
0	289
0	188
0	326
3	137
1	85
0	225
1	0
1	0
0	139
32	139
1	1
235	39
2	39
5	0
0	0
171	164
2	164
7	0
3	0
2	0
5	0
0	9
0	58
430	67
53	274
158	45
0	319
50	0
396	0
125	0
132	0
0	552
0	551
0	180
0	586
0	260
0	547
0	316
0	525
0	608
0	490
0	503
4	19
0	491
0	241
0	1
0	564
5	0
10	0
2	0
395	614
1	614
6	1004
29	1030
4	545
0	965
0	107
0	433
0	0
122	1
1	1
494	0
0	79
2	142
13	341
9	341
1	182
17	0
109	10
3	193
14	202
6	199
0	955
0	978
1	296
0	6
0	939
0	994
12	420
5	420
15	0
158	0
6	0
0	942
0	954
0	935
0	961
429	277
9	277
3	0
2	162
21	162
63	0
0	0
265	0
1462	57
23	1
5	55
24	1
2	0
77	7
1	7
19	71
3	67
9	4
5	0
2	338
0	351
43	278
0	291
0	304
0	2
2	0
1	144
126	144
7	0
3	0
17	0
1	0
0	591
10	82
0	263
0	558
0	503
0	499
0	595
0	0
0	562
1	0
0	0
3	0
6	0
6	0
3	0
3	0
6	0
0	0
1	0
0	0
0	0
7	0
5	0
2	0
0	0
0	0
0	0
3	0
1	0
8	0
6	0
11	0
18	243
3	243
4	0
5	0
9	0
1	0
2	0
1	0
2	0
2	0
1	0
9	0
5	0
5	0
3	0
1	0
3	0
1	2
18	0
3	0
2	0
3	1
0	1
8	0
4	0
5	0
2	0
2	0
7	0
1	2
1	2
10	0
4	0
3	0
14	0
3	0
0	0
2	0
7	2
0	2
4	0
0	0
6	0
6	0
0	0
8	0
0	0
5	0
12	0
7	0
13	0
30	6
7	0
3	0
2	0
1	0
5	0
5	0
2	0
1	0
4	0
4	0
3	0
4	0
9	4
3	0
4	0
0	0
3	0
2	0
5	0
4	0
1	0
3	0
2	0
6	0
1	0
0	0
1	0
2	2
2	0
4	0
3	0
5	0
1	0
3	0
1	0
6	0
1	0
2	0
1	0
1	0
1	0
1	0
2	0
6	0
0	0
7	0
2	0
1	0
4	0
4	0
3	0
3	0
2	0
1	0
1	0
1	0
2	0
0	0
0	0
2	0
3	0
2	0
4	0
1	0
2	0
2	0
8	0
4	0
2	0
3	0
3	0
1	0
4	0
2	0
6	0
5	0
0	0
1	0
1	0
3	0
2	0
0	0
1	0
4	0
2	0
1	0
3	0
1	0
3	1
1	1
1	0
7	0
1	0
6	0
4	0
6	0
0	0
1	0
4	0
4	1
10	0
6	1
0	1
0	1
352	1
0	0
3	0
7	0
2	0
5	0
0	0
11	0
2	0
3	0
0	0
11	0
3	0
1	0
2	11
21	11
1	0
6	0
7	0
4	0
1	0
0	0
0	6
2	6
1	5
15	5
10	0
8	0
0	0
4	0
2	0
2	0
0	0
3	0
1	0
1	0
3	0
0	0
5	0
4	0
3	0
4	1
3	0
3	0
4	0
4	0
2	0
1	0
0	0
3	0
3	0
4	0
0	0
2	0
1	0
7	0
1	0
0	0
0	0
1	0
2	0
3	0
8	1
3	0
2	0
12	0
0	0
4	0
8	0
0	0
0	0
1	0
4	0
0	0
5	8
0	0
6	0
3	0
0	1
2	1
1	0
0	2
15	2
0	0
1	0
1	0
3	0
0	25
2	25
6	0
2	0
6	0
5	0
4	0
0	0
3	0
2	0
3	0
4	0
3	0
0	0
1	0
3	0
3	5
3	5
4	0
15	0
3	0
0	0
3	0
4	0
0	1
1	1
1	0
5	8
2	7
11	0
0	0
1	0
7	0
2	0
3	0
3	0
9	0
1	0
6	0
3	0
4	0
2	0
2	0
4	0
8	0
3	0
3	0
2	0
4	12
4	0
3	0
5	0
0	0
4	0
1	0
13	0
43	0
2	0
40	0
4	1
3	0
2	0
2	0
7	0
5	0
3	0
3	0
2	0
5	0
1	0
6	0
2	0
0	0
1	0
8	0
2	0
3	0
2	0
0	0
13	0
0	0
4	0
0	0
2	0
5	0
6	0
3	0
2	0
2	0
2	0
0	0
3	0
9	0
1	0
3	0
2	0
0	0
8	0
3	0
78	0
3	0
2	0
2	0
3	0
2	0
2	0
2	0
4	0
1	0
4	0
1	0
4	0
6	0
8	0
4	0
3	0
2	0
0	0
3	0
1	0
5	0
5	5
1	5
10	0
3	0
1	0
210	0
1	0
0	0
2	0
2	0
29	0
3	0
1	0
3	0
1	0
11	1
3	0
4	0
4	0
4	0
6	0
2	0
10	0
4	0
0	0
3	0
2	0
4	0
12	0
1	0
1	0
1	0
4	0
1	0
5	0
1	0
5	0
1	0
5	0
6	0
1	0
4	0
67	0
5	0
3	0
1	0
3	0
3	0
6	2
0	2
3	0
5	0
5	0
0	0
9	0
102	0
1	0
0	3
1	3
4	0
9	0
1	0
32	0
4	0
0	0
3	0
1	0
2	0
26	0
2	0
5	0
3	0
1	0
5	0
2	0
1	0
7	0
2	0
0	0
3	0
7	0
8	0
4	0
3	0
6	0
3	0
1	2
1	0
1	0
1	0
2	0
2	0
0	0
1	0
2	0
2	0
2	0
1	0
8	0
2	0
1	5
6	5
4	0
10	0
0	0
0	0
12	1
1	0
14	0
6	0
76	0
3	0
2	0
3	0
3	0
3	0
3	0
3	0
4	0
4	0
4	0
3	0
3	0
5	0
2	0
4	0
5	0
1	0
3	0
3	0
0	0
3	0
12	0
9	0
2	0
8	0
8	0
3	0
2	0
6	0
1	0
4	0
6	0
2	0
2	0
39	5
6	0
5	0
4	0
3	0
2293	0
3	0
4	0
2	0
9	0
4	0
3	0
2	19
0	19
2	0
3	0
9	0
6	0
6	0
1	1
0	1
0	22
47	22
9	0
132	0
3	0
2	0
4	0
1	0
4	0
2	0
6	0
16	0
5	1
8	0
13	0
4	0
27	0
9	0
4	0
0	2
5	2
41	0
3	0
4	0
0	0
6	0
6	0
2	0
5	0
1	0
21	0
25	1
3	0
7	0
4	0
2	0
4	0
2	0
3	0
6	0
2	0
4	0
4	0
2	0
3	0
13	1
5	0
4	0
15	0
17	0
5	0
179	0
0	60
49	60
5	2
4	0
9	0
0	0
8	0
5	0
6	0
29	0
11	0
2	0
3	0
5	0
4	0
0	0
1	0
2	0
5	0
11	6
0	0
3	0
5	0
6	0
2	0
9	0
4	0
1	0
2	0
1	0
16	0
2	0
6	0
1	0
3	0
1	3
2	3
4	0
0	0
2	0
0	1
4	0
5	0
8	0
4	0
2	0
1	0
1	0
1	0
0	0
3	0
6	0
0	0
5	0
6	0
3	0
1	0
7	0
2	0
2	0
3	0
7	0
3	0
3	0
10	0
2	0
6	0
6	0
8	0
7	0
1	0
0	0
2	0
3	0
2	0
2	0
1	0
3	0
6	0
2	0
72	0
4	0
1	0
2	0
10	0
4	0
1	0
3	0
2	0
2	0
8	0
1	0
2	0
1	0
10	0
1	0
1	0
3	0
29	0
2	0
3	0
2	0
1	0
18	0
2	0
22	0
2	0
11	0
3	0
0	0
2	0
3	0
2	0
4	0
7	0
3	0
9	1
0	0
6	0
3	0
3	0
2	0
21	0
4	0
8	0
3	0
7	0
4	0
1	0
3	0
1	0
23	0
21	0
8	0
1	0
0	0
1	0
2	33
11	139
2	106
2	8
3	92
2	153
0	193
262	0
239	0
3	4
0	4
40	0
22	0
2	0
3	0
22	0
2	0
15	0
51	0
20	0
20	0
0	28
145	28
16	0
3	0
21	0
11	0
1	0
6	0
13	0
15	0
13	0
9	0
34	0
0	223
0	223
10	0
11	0
4	0
326	0
258	0
4	0
9	0
0	0
5	3
0	3
3	0
10	0
1	4
2	4
7	27
30	27
12	3
2	3
50	14
0	12
4	0
8	352
7	352
20	0
11	0
42	0
8	0
75	0
133	3
0	3
48	0
9	0
31	4
0	4
0	1
2	0
9	1
5	2
6	0
32	0
5	0
9	0
1	0
4	5
2	41
76	41
1	0
6	0
8	0
0	0
39	0
1	0
0	25
6	29
2	29
164	0
3	0
27	0
14	0
0	74
89	74
110	0
314	0
14	0
13	0
27	0
165	0
0	0
8	0
0	2
6	2
18	0
14	0
188	0
58	5
0	5
21	0
0	10
26	56
2	46
41	59
0	59
2	0
2	0
2	0
1	2
3	2
298	0
5	0
7	36
18	36
5	28
1	10
3	18
0	1
1	1
5	0
3	0
26	0
8	0
4	0
1	0
69	0
0	1
26	0
5	0
8	0
291	0
0	0
1	0
0	386
0	77
0	421
0	331
0	366
0	110
39	0
1	0
13	0
4	0
2	0
19	0
18	0
0	32
6	32
3	0
2	0
1	0
0	0
2	0
0	0
3	0
53	0
30	0
2	0
2	1
40	3
30	0
6	31
2	31
0	31
1	24
2	0
29	199
9	136
25	63
10	0
1	0
0	2
0	2
12	0
1	0
6	0
2	276
138	276
56	0
42	11
0	11
6	0
10	0
12	0
0	1
2	1
8	0
12	0
2	0
4	41
12	41
4	24
24	0
3	0
8	0
371	128
0	128
0	0
3	1
3	7
4	7
9	0
0	0
0	0
1	0
0	0
4	0
2	0
1	0
0	0
1	0
2	0
2	0
2	0
2	0
14	0
9	0
3	0
0	0
7	0
2	0
2	0
3	0
4	0
28	0
4	0
3	0
1	0
1	0
8	0
1	0
0	0
5	0
5	0
1	0
4	0
3	0
2	0
0	7
7	7
0	0
0	0
1	0
1	0
0	0
6	3
2	0
4	0
1	0
8	0
11	0
3	0
3	0
2	0
1	0
3	0
0	0
12	0
4	3
2	0
1	0
3	0
0	0
2	0
20	12
1	12
7	0
0	0
0	0
5	0
4	0
4	0
2	0
0	0
3	0
6	0
1	0
1	0
3	0
5	0
8	0
9	0
1	0
2	0
2	0
0	0
0	0
0	0
1	0
3	0
2	0
60	0
2	0
3	0
0	0
1	0
4	0
1	0
0	0
4	0
0	0
1	0
3	0
3	0
9	0
9	0
4	0
1	0
1	0
0	0
4	0
12	0
2	0
10	0
13	0
3	0
1	0
7	0
16	0
0	0
4	0
2	0
0	0
0	2
0	2
1	0
2	0
5	0
6	0
4	0
1	0
10	0
7	0
1	0
3	0
4	1
1	1
3	0
5	0
1	0
6	0
6	0
1	0
9	0
1	0
3	0
4	0
5	0
0	1
1	1
2	0
3	0
0	0
1	0
6	0
0	0
2	0
6	0
3	0
45	0
5	0
2	0
0	0
3	0
23	0
0	0
1	0
9	7
0	0
3	0
59	0
3	0
5	0
3	0
16	1
5	0
7	0
6	0
3	0
11	1
9	0
7	0
6	0
5	0
2	0
3	0
2	0
0	0
0	0
3	0
10	0
1	0
0	0
0	0
8	0
11	0
1	0
4	0
4	0
1	0
7	0
39	0
1	0
3	0
0	0
1	0
5	0
1	0
6	0
8	0
2	0
2	0
4	0
3	0
3	0
3	0
5	0
7	0
4	0
0	0
0	0
1	0
7	0
6	0
1	0
0	0
5	0
1	0
8	0
3	0
0	1
0	1
2	0
9	0
3	0
1	0
2	0
9	0
5	0
3	0
5	0
2	0
6	0
1	0
1	0
7	0
2	0
2	0
4	1
1	0
2	0
1	0
5	0
4	0
5	0
1	7
0	2
0	2
4	0
3	0
1	0
7	0
2	0
1	0
2	0
3	6
5	0
2	0
2	0
7	0
0	0
4	0
3	0
2	0
7	0
2	0
0	0
1	0
8	0
3	0
0	0
1	0
1	0
2	0
3	0
3	0
11	0
1	0
3	0
2	0
1	0
5	5
3	0
7	0
5	0
13	0
1	1
1	0
4	0
1	0
1	0
1	0
2	0
3	0
1	0
0	0
8	0
3	0
0	4
2	4
1	0
0	0
3	0
1	0
6	0
4	0
8	0
6	0
7	0
3	0
1	2
1	2
1	0
3	0
3	0
4	0
6	2
0	1
8	1
0	0
1	0
18	1
17	0
5	0
2	0
1	2
29	2
14	4
0	4
2	0
2	0
1	0
4	0
0	0
0	12
3	12
2	0
4	0
3	0
1	0
17	0
4	0
1	0
4	0
3	2
5	2
3	0
1	0
3	0
3	0
1	0
5	0
2	0
0	0
3	0
3	0
4	0
2	0
0	1
0	2
1	2
5	0
7	0
3	0
9	0
2	3
0	3
1	4
0	4
2	0
4	0
9	0
3	0
6	0
2	0
3	0
2	0
2	0
7	0
1	0
4	0
1	0
1	0
3	0
6	0
4	0
7	0
0	0
6	0
4	0
4	0
0	0
1	1
0	1
1	1
1	0
1	0
2	0
2	0
0	0
46	0
8	0
4	0
4	0
2	0
1	0
2	0
18	16
1	16
0	0
1	0
18	0
4	0
69	0
290	3
2	28
79	28
2	0
0	78
0	412
0	414
0	281
0	283
83	119
0	50
1	342
220	391
15	331
25	1
0	1
11	0
0	1
26	204
9	204
2	4
64	4
0	0
453	4
0	4
16	35
16	35
0	1
3	33
0	57
0	159
0	23
3	179
0	37
9	0
2	0
1	6
0	5
0	5
0	3
1	6
8	3
0	105
17	105
2	0
0	0
0	0
7	213
141	213
103	0
242	10
0	10
0	0
104	0
9	0
6	0
1	0
1	0
8	2
21	31
27	26
1	48
0	399
4	298
7	286
0	0
39	38
10	0
0	38
144	0
0	0
173	0
626	256
1	256
0	1
2	1
4	0
0	66
0	49
3	208
0	214
0	235
66	0
2	0
6	1
184	0
0	11
51	53
1	65
17	52
5	0
1	0
251	242
3	242
11	551
1	551
10	192
22	192
0	0
8	23
0	427
0	427
0	388
0	328
0	398
55	16
0	398
0	286
0	286
0	388
0	328
7	0
5	0
0	0
8	23
167	902
5	905
2	0
108	173
3	173
3	105
292	108
3	3
3	0
31	124
53	124
65	0
0	0
3	0
2632	0
11	0
4	71
4	71
283	0
83	0
111	0
2	0
1	0
4	89
8	101
27	101
15	183
1	198
28	181
1	0
6	0
4	0
0	5
0	5
16	235
9	235
5	117
0	130
0	20
0	6
90	0
0	10
4	10
0	0
6	0
103	1
1	1
59	2
0	1
32	1
5	0
1	0
0	1
2	0
5	2
2	2
10	0
687	0
4	0
458	0
764	192
0	192
0	0
8	0
0	38
265	38
0	2
4	2
36	2
52	485
43	485
0	0
10	0
67	0
0	0
18	1
17	10
39	10
9	185
14	234
0	3
37	391
6	2
285	0
7	25
3	25
0	7
2	7
243	0
33	0
9	285
7	198
373	285
3	0
31	68
0	68
4	0
489	128
36	128
1	0
3	0
3	81
1	81
10	0
13	8
10	4
4	10
0	16
5	9
6	26
0	41
233	41
0	6
5	6
36	650
21	650
4	0
2	0
9	136
3	33
0	136
0	97
6	0
2	0
0	0
1	310
134	417
35	468
18	0
8	0
22	0
0	0
6	0
2	0
20	159
28	159
2	1
0	166
0	195
0	180
0	181
2	0
631	0
99	0
1510	0
0	0
4	0
0	115
15	115
1	60
6	60
27	1
26	54
1	54
0	36
0	1
0	0
686	0
3	0
0	380
0	960
0	329
0	909
2	0
4	0
0	573
0	0
2	223
0	384
0	483
0	573
0	483
1585	0
41	123
2	123
2	0
204	0
11	0
23	0
22	0
26	0
2	0
0	12
11	10
0	2
0	5
0	257
0	250
0	261
0	246
27	1
57	966
82	17
4	16
8	966
5	0
18	225
145	225
0	95
10	5
0	35
0	35
1	5
84	125
1	125
45	0
1	0
25	0
10	0
2	0
17	9
0	9
15	0
0	3
0	9
1	11
0	9
0	4
0	12
0	10
0	1
1	1
342	0
16	0
2	0
2	0
0	0
7	144
1	34
2	177
23	0
137	56
14	56
87	1
0	1
0	17
0	18
6	11
12	0
2	0
0	0
188	269
1	269
152	0
34976	56
176	24
0	24
309	0
192	0
7	2522
392	2522
4	0
4	0
281	1
1	1
3	84
0	582
0	264
0	579
0	261
0	10
177	10
16	0
1	0
513	52
47	765
47	765
0	52
0	49
0	49
0	52
2	3
7	7
11	7
6	9
0	9
2	4
10	43
1	43
0	169
0	187
0	175
0	181
0	118
7	0
5	0
8	0
121	0
8	0
345	0
15	1
1	1
6	172
3	170
5	172
0	3
2	3
63	0
18	130
26	130
179	484
7	484
0	36
28	36
41	232
0	219
2	113
1	120
0	232
5	196
0	161
0	97
0	147
0	111
1	128
1	0
244	0
0	4
1	4
0	3
0	3
93	0
82	0
199	0
2	0
2	0
1	0
1	0
3	0
140	0
1	0
1	0
3	0
3	0
3	0
2	0
1	0
4	0
2	0
3	0
4	4
4	0
2	0
1	0
1	0
2	0
1	0
2	0
3	0
1	1
4	0
13	1
10	0
2	0
9	0
1	0
3	0
1	0
5	0
3	0
3	0
3	0
3	0
1	0
3	0
2	0
4	0
6	0
0	0
2	0
1	0
0	0
3	1
4	0
2	0
5	0
1	0
2	0
1	0
1	0
3	0
4	0
1	0
10	1
0	0
1	0
1	0
3	0
0	0
2	0
5	0
2	0
0	0
2	0
2	0
1	0
5	0
4	0
3	0
3	1
6	0
6	0
1	0
3	0
0	0
1	0
2	0
3	0
0	0
1	0
2	0
3	0
3	0
1	0
1	0
2	0
3	0
4	0
0	0
3	0
0	0
2	0
2	0
4	0
3	0
3	0
2	0
11	0
3	0
6	0
6	0
8	0
3	0
4	0
0	0
4	0
1	0
8	0
1	0
3	0
0	0
5	0
1	0
4	0
0	0
5	0
2	0
2	0
2	0
1	0
0	0
7	0
154	1
132	1
0	1
0	690
0	724
0	320
0	355
5	0
310	0
1	0
166	18
242	18
1	0
620	0
5	0
2	0
16	595
29	595
0	169
0	387
0	383
0	414
0	84
0	79
0	410
15	0
0	1099
19	990
8	13
7	837
4	0
0	0
1	0
2	4
885	4
0	1
3	328
5	109
34	419
14	0
8	111
4	53
1	50
6	111
5	0
9	234
2	11
11	261
19	29
31	280
1	191
2	271
0	271
1	2
14	0
4	0
1	0
2	0
6	0
1	0
19	371
47	264
6	107
0	172
7	0
2	0
157	680
9	680
0	219
0	125
0	126
0	218
1	0
2	0
2	224
3	224
191	0
0	222
0	255
0	247
0	230
1	17
90	0
212	31
0	31
5	0
10	74
30	74
1	4
0	0
0	0
8	0
0	5
7	36
8	36
4	69
5	69
3	40
8	39
5	8
0	1
1	0
8	0
0	109
0	70
0	170
0	455
3	5
5	28
0	210
0	415
2	0
3	0
2	1
48	49
1	241
37	260
0	328
1	0
5	0
6	70
0	70
0	21
64	22
0	1
34	0
46	0
62	5
47	0
0	1
6	1
86	1
7	1
15	0
34	0
0	43
4	359
6	359
0	317
2	0
3	0
4	234
5	234
19	512
0	389
0	124
0	151
0	134
0	144
0	141
12	0
31	93
1436	169
0	76
600	0
951	1
210	20
1	20
0	0
134	2780
1482	2780
11	222
3	222
0	2
650	37
0	37
26	0
222	0
180	194
5	194
9	0
10	0
5	0
1	0
0	1
0	27
2	0
0	23
0	35
4	31
0	25
0	21
0	19
0	23
2	2
953	0
0	0
3	154
4	165
21	168
69	24
0	24
56	31
0	3
1	34
2	8
1	0
7	0
0	542
0	517
60	236
0	238
23	742
2	250
9	743
0	26
0	26
0	16
2	14
4	7
0	13
0	15
1	5
1	12
0	310
25	310
4	0
4	18
0	12
14	12
130	149
2	116
0	33
107	0
1	19
3	19
64	0
0	0
18	0
491	0
304	0
1	0
13	0
0	682
0	587
0	867
0	5
0	962
0	27
4	0
10	0
2	0
14	0
9	79
34	79
37	38
2	38
173	0
0	13
6	13
0	2
4	5
1	5
1	2
636	0
58	0
64	175
56	175
394	0
5	9
3	22
0	22
0	24
1	23
2	0
1	6
10	6
270	0
2	0
178	0
32	0
12	0
1	0
118	0
197	0
55	0
3	0
0	2
58	2956
475	2919
35	3168
10	2958
2	1
3	643
2861	643
9	0
3	5
0	5
32	0
43	0
9	30
583	102
2	29
2	110
1	0
15	104
2	104
0	1
13	183
1	156
3	48
20	21
0	130
137	145
0	26
15	48
2	16
0	47
0	4
2	4
11	53
7	39
32	53
26	17
0	730
2	946
1	861
31	946
5	0
3	0
3	0
1	0
0	32
23	32
109	6
0	6
6	9
0	9
26	601
372	601
7	337
1	398
2	0
0	616
1	475
0	195
0	197
1	16
3	370
1	332
3507	173
46	1962
0	300
0	300
16	236
1423	2396
2	733
2	337
2	7
15	102
1	102
22	0
4	0
0	22
0	296
5	107
0	322
0	279
0	339
0	9
11	9
0	619
0	591
0	605
0	600
1	679
5	626
0	660
0	84
57	0
2	0
656	0
14	0
15	0
135	1
0	1
2	33
0	121
101	125
0	4
0	10
0	55
0	10
0	10
0	10
0	736
0	568
0	736
0	559
0	454
0	737
0	736
0	734
7	399
0	737
0	736
6	242
0	701
13	750
3	264
3	256
0	10
1109	0
12	256
23	9
0	10
186	0
6	0
3	0
4	0
11	0
0	0
0	0
403	0
7	2
2	1
0	18
4	2
2	6
3	24
15	24
6	0
16	747
5	747
37	0
0	0
175	0
0	399
0	397
0	433
0	435
25	1
0	1
78	32
9	126
21	89
49	158
3	0
63	0
1	0
58	0
4	2
3	2
2	46
0	46
61	0
19	0
10	0
19	0
6	0
610	2
5	2
3	0
3	60
0	156
1	122
2	1
1	4
0	335
0	196
8	144
4	163
18	265
9	265
26	265
0	0
1	0
0	688
0	651
0	332
7	288
0	690
0	330
0	649
9	0
86	0
38	5
0	232
23	91
0	22
1	75
0	126
0	128
0	66
0	66
0	66
15	0
58	0
470	0
9	138
6	138
0	1145
0	1145
1	0
257	0
24	0
175	0
4	55
1	55
402	0
1	322
3	291
3	286
5	317
33	764
159	764
1	0
8	310
47	310
0	50
67	50
539	0
3	449
3	658
24	648
0	79
2	480
0	53
250	0
19	0
82	0
4	0
4	0
2	0
2	0
3	0
4	0
8	0
2	0
241	0
7	0
0	0
1	7
0	3
30	0
0	0
1	0
4	0
4	0
0	0
3	0
2	0
3	0
3	0
2	0
2	0
2	0
2	0
2	0
4	0
10	0
3	0
16	0
2	0
0	0
10	0
1	0
0	0
0	0
2	0
1	0
4	0
1	0
4	0
2	0
6	0
5	0
8	1
3	0
1	0
11	0
0	0
1	0
4	0
10	0
4	0
4	0
1	0
14	0
130	0
1	0
6	0
0	0
0	0
2	0
2	0
26	0
5	0
8	0
5	0
3	0
6	0
2	0
1	0
1	0
6	0
1	0
4	0
3	0
6	0
2	0
2	0
5	0
4	0
6	0
5	0
8	0
2	0
1	5
0	5
3	0
9	0
3	0
3	0
12	0
2	0
2	0
11	0
3	0
6	0
1	0
2	0
0	0
5	0
1	4
0	4
6	0
4	0
17	0
1	0
2	0
2	0
5	0
3	0
11	0
0	0
2	4
1	4
35	0
6	0
4	0
4	0
3	0
3	0
6	0
5	0
1	0
1	3
0	3
8	0
5	0
4	0
6	2
0	2
9	0
2	0
0	2
0	2
2	0
6	0
1	4
2	0
1	0
3	0
22	0
8	0
2	0
3	0
3	0
2	0
2	0
4	0
2	0
2	0
5	0
12	0
1	0
2	0
2	0
2	0
1	0
1	0
3	0
1	0
4	0
1	0
0	0
2	2
2	0
2	1
1	1
2	0
3	0
5	0
4	0
7	0
12	2
4	0
12	0
1	0
4	0
2	0
2	0
3	0
3	0
4	0
4	0
0	0
3	0
3	0
8	0
0	0
5	0
7	0
1	0
4	0
9	0
4	0
1	0
3	0
2	0
7	0
6	0
1	0
8	0
0	0
3	0
7	0
10	0
1	0
6	0
11	0
1	0
0	0
1	0
5	0
5	1
7	1
1	0
0	0
3	0
6	0
4	0
4	0
7	0
3	0
7	0
3	0
4	0
3	0
3	0
3	0
6	0
3	0
6	0
0	0
4	0
3	0
2	6
0	5
0	0
4	0
5	0
2	0
2	0
6	0
4	0
4	0
3	0
13	0
2	0
4	0
2	0
2	0
1	0
3	0
1	0
13	0
2	0
3	0
8	0
5	0
12	0
5	0
1	0
3	0
0	0
3	0
2	0
2	0
4	0
11	0
9	0
4	0
0	0
2	0
6	4
19	4
5	0
1	0
1	0
2	0
0	2
2	2
0	2
13	0
22	0
1	7
1	5
6	0
3	8
2	8
10	0
10	0
15	0
0	0
38	0
62	28
1	28
0	3
8	3
36	0
2	3
1	3
2	0
133	0
8	0
2	0
3	0
3	0
2	0
4	0
4	0
5	0
4	0
1	0
4	0
7	0
0	0
3	0
4	0
3	0
0	0
0	0
0	1
1	1
1	0
4	0
1	0
7	0
2	1
1	0
7	0
0	0
1	0
1	0
10	0
0	0
3	0
2	0
1	0
42	0
5	0
3	1
0	0
9	0
9	1
0	1
2	0
70	0
5	0
4	0
9	0
1	0
107	0
68	0
14	0
1	0
5	0
14	0
7	0
5	0
11	0
3	0
6	0
0	6
4	6
8	0
2	0
2	0
0	12
22	12
0	0
4	0
1	0
2	13
4	13
3	0
1	0
15	0
1	0
1	0
3	0
4	0
2	9
6	9
2	0
1	8
7	9
25	0
4	0
6	0
39	0
31	0
4	0
0	14
5	14
4	14
5	14
0	5
0	5
6	0
0	0
5	0
0	8
0	8
5	1
3	1
4	0
7	0
0	0
4	0
2	0
4	0
7	0
2	0
6	0
0	0
29	0
20	0
0	4097
266	4097
4	1
1	1
17	0
6	0
7	0
2	0
11	0
14	0
4	0
3	0
0	6
83	6
0	1
0	1
0	1
0	0
0	0
3	0
1	1
0	1
2	0
3	0
2	0
0	0
0	0
1	0
3	0
1	0
7	0
4	0
1	0
1	0
4	0
2	0
3	0
4	0
2	0
13	5
0	5
5	0
26	0
6	0
3	0
7	0
3	0
0	10
0	6
0	10
6	0
1	0
1	0
0	0
4	0
4	0
22	0
0	0
2	0
2	0
3	0
6	0
18	0
3	0
4	0
1	0
12	0
2	0
0	0
2	0
1	0
1	0
52	0
0	0
5	0
14	0
8	12
1	12
6	0
1	0
3	0
3	0
3	0
2	0
6	0
2	0
1	0
0	12
10	12
4	0
2	0
0	0
3	0
3	0
3	0
2	0
1	0
4	0
2	0
10	0
2	0
1	0
1	0
1	0
7	0
3	0
1	0
4	0
6	0
2	0
5	0
2	0
7	0
1	0
1	0
2	0
4	0
3	0
9	0
14	0
3	0
0	0
4	0
1	0
6	0
9	0
9	0
7	0
3	0
47	0
1	0
4	0
1	0
1	0
7	0
0	0
5	0
12	0
1	0
5	0
8	0
4	0
2	0
8	0
1	0
1	0
0	11
3	11
3	9
0	9
3	0
5	0
233	0
3	0
5	0
25	3
0	3
30	1
0	8
8	8
0	0
4	0
0	0
3	0
0	3
1	3
7	0
2	0
6	0
1	0
0	0
0	0
0	0
5	0
1	0
0	0
0	0
3	0
4	0
1	0
46	41
0	41
6	0
2	0
3	0
12	0
1	0
31	0
9	2
8	0
3	0
12	1
2	0
0	0
6	0
4	0
2	0
20	0
12	0
0	0
6	0
4	0
9	0
15	0
6	0
1	0
3	0
3	2
2	2
0	11
7	11
3	0
4	0
10	0
1	0
6	0
9	4
3	0
2	15
14	15
7	0
4	1
7	0
24	31
0	31
2	0
20	0
2	7
4	0
12	2
23	1
2	0
16	0
18	0
0	0
3	73
99	73
0	102
212	102
4	9
0	9
34	0
7	0
1	0
1	3
2	3
5	0
14	0
1	0
16	0
13	0
3	0
7	0
205	0
3	0
1	165
0	71
66	236
3	0
3	0
5	0
8	301
7	301
5	0
2	0
1	0
6	2
0	2
2	2
1	1
0	0
23	0
7	0
0	0
4	0
3	0
4	0
2	0
2	0
2	0
0	0
3	0
0	0
0	0
6	0
4	0
3	0
3	0
1	0
6	0
2	0
8	0
2	0
4	0
2	0
2	0
1	0
1	0
2	0
0	0
2	0
4	0
3	0
4	0
1	0
2	0
1	0
2	0
3	0
5	0
6	0
3	0
1	0
3	0
2	0
1	0
3	0
1	0
2	0
3	0
5	0
3	0
4	0
2	0
0	0
5	0
5	0
2	0
3	0
1	0
1	0
1	0
1	0
2	0
6	0
3	0
2	0
3	0
2	0
3	0
2	0
2	0
2	0
4	0
1	0
0	0
2	0
3	0
1	0
3	0
2	0
1	0
3	0
4	0
3	0
0	0
2	0
2	0
3	0
3	0
3	0
1	0
2	4
2	0
1	0
4	0
1	0
2	0
0	0
5	0
0	0
3	0
1	0
5	0
3	0
2	0
4	0
2	0
4	0
1	0
3	0
2	0
3	0
1	0
1	0
1	0
2	0
3	0
1	0
2	0
2	0
2	0
2	0
1	0
4	0
2	0
4	0
3	0
3	0
3	0
1	0
2	0
1	0
4	0
3	0
1	0
3	0
2	0
2	0
3	0
2	0
2	0
4	0
1	0
5	0
1	0
3	0
3	0
1	0
3	0
2	0
3	0
3	0
1	0
1	0
2	0
2	0
3	0
3	0
4	0
0	0
0	0
0	0
1	0
1	0
0	0
1	0
1	0
3	0
2	0
3	0
4	0
1	0
2	0
3	0
3	0
5	0
2	0
1	0
2	0
2	0
0	0
1	0
3	0
2	0
2	0
1	0
1	0
1	0
1	0
2	0
6	0
0	0
4	0
4	0
0	18
6	18
21	0
3	0
1	3
2	3
9	0
1	0
12	0
1	0
2	0
1	23
3	23
2	0
3	0
0	0
0	1
1	1
3	0
0	17
33	17
18	0
2	0
49	224
2	224
0	0
0	0
2	0
0	0
15	0
1	2
3	2
5	0
3	0
0	0
6	0
11	0
0	0
2	0
9	0
3	0
4	0
5	0
11	1
5	4
0	0
3	0
4	2
0	2
20	0
5	0
2	0
4	0
9	0
6	0
1	0
1	0
3	0
0	0
0	0
344	0
45	0
1	3
4	0
5	0
5	68
0	68
19	0
10	0
4	0
3	0
4	0
8	0
2	0
4	0
10	0
7	0
4	0
19	0
6	21
2	21
125	0
3	0
3	0
0	0
1	0
3	0
12	0
15	0
8	0
4	0
0	2
1	2
246	0
6	0
2	0
8	0
2	0
3	0
7	0
4	0
2	0
2	0
0	0
14	0
7	0
1	0
3	0
5	9
0	9
0	26
1	26
0	0
1	0
1	0
8	0
1	0
6	0
7	0
3	0
2	35
3	35
0	16
3	0
15	3
9	0
0	0
0	0
8	0
6	0
3	0
3	0
78	0
2	0
3	0
5	0
1	0
8	0
0	0
1	0
0	0
1	0
0	1
0	1
6	0
3	0
3	0
5	0
2	0
2	0
12	0
0	0
3	0
6	0
2	0
5	0
4	0
4	0
10	0
3	0
3	0
7	0
0	0
3	0
1	0
1	0
6	0
9	0
2	0
20	0
4	0
1	0
9	3
13	0
3	0
5	0
25	0
0	3
0	3
2	2
0	2
0	0
7	0
7	0
3	0
5	0
10	0
3	0
39	0
13	0
11	0
6	0
6	0
9	0
14	0
7	0
2	0
1	0
4	0
3	0
1	0
18	72
9	72
2	0
1	0
2	0
7	0
4	0
0	18
11	18
0	0
1	0
1	3
4	3
9	0
8	0
4	0
5	0
1	0
26	0
2	6
1	6
19	1
0	1
3	0
1	0
5	0
3	0
2	0
4	0
4	0
6	0
4	0
4	0
6	0
13	0
15	0
11	0
7	0
2	0
2	0
0	35
4	35
1	14
0	14
2	1
35	0
1	0
5	0
8	0
2	0
1	598
0	761
30	1171
0	1008
3	0
50	2244
0	2244
1227	2215
7	519
196	519
0	271
28	0
23	0
31	4
0	4
10	1
2	7
279	0
0	1
0	178
158	194
4	16
2	0
36	2
2	0
76	0
0	9
150	0
0	511
4	29
3	510
0	518
3	494
106	414
21	412
28	1085
19	66
50	1081
2	13
51	0
280	205
6	205
140	0
193	0
2	0
3	0
0	10
0	187
0	131
0	192
0	190
0	128
0	189
24	0
14	0
11	0
28	0
26	0
412	101
5	51
166	0
5	239
127	239
0	50
1	0
24	0
273	0
2	839
141	839
20	34
332	0
0	0
0	0
6	23
5	23
15	0
53	0
595	0
144	0
126	0
93	0
463	0
65	0
7	116
6	116
7	49
19	49
14	0
37	191
6	191
20	171
59	0
5	0
1	28
17	260
1	89
2	0
29	0
15	0
14	0
49	0
4	0
0	0
1	0
3	0
236	0
19	48
0	48
70	0
56	60
0	60
0	9
3	0
0	7
1	3
0	1
117	0
150	0
0	369
0	473
0	354
0	458
30	333
63	333
0	17
47	0
2	0
3	0
3	0
1	0
3	0
2	75
205	75
418	0
117	0
0	0
0	1011
0	853
1	1013
0	855
1	0
19	0
5	0
28	0
18	0
3	0
17	0
6	0
11	0
6	0
5	0
2	0
463	0
333	1
0	0
1	0
12	0
94	0
4	2659
3840	2660
3	0
114	2
0	264
21	264
0	2
20	250
2	72
7	250
2	14
2	13
58	98
3	89
14	3
16	461
17	458
13	461
6	194
5	0
1	0
6	0
5	0
6	0
0	341
60	343
133	312
2	0
3	300
13	403
11	326
0	0
22	0
28	0
196	0
4	73
114	637
1	642
8	396
10	396
0	454
0	550
0	356
0	452
86	0
2	142
9	142
0	1
139	0
67	0
2	0
0	162
0	163
0	150
0	154
0	143
0	144
0	155
0	151
22	0
1	0
20	0
20	0
276	0
81	0
51	0
1	0
0	419
0	456
7	19
4	298
0	73
0	537
0	801
0	142
0	406
1	179
2	507
3	17
0	0
1	0
0	230
0	319
8	127
0	483
0	113
0	202
0	366
0	228
5	182
0	241
0	223
0	246
0	1
3	0
0	0
70	0
214	0
58	337
2	337
97	0
5	0
5	0
252	2516
3	1970
0	2516
0	7
6	0
35	0
318	0
34	0
393	0
8	0
8	0
3	0
0	0
12	0
1	95
0	40
12	301
0	379
30	434
0	2
0	2
0	12
34	0
164	0
4	0
13	0
7	0
8	0
2	4
4	1
0	4
0	1
1	1
0	1
69	0
0	2
97	2
30	0
2	185
18	182
2	36
1	158
5	101
0	140
0	215
3	98
0	207
0	283
0	282
0	203
0	216
0	204
14	21
50	1
25	0
5	0
5	1
0	0
2	0
0	4
0	219
3	62
0	229
0	153
0	165
0	302
0	89
0	356
28	92
0	143
0	292
0	346
0	175
5	0
2	0
2	0
0	348
0	329
1	120
0	172
2	116
2	138
0	586
0	610
0	508
0	618
0	501
0	594
5	277
3	0
12	22
0	22
0	9
0	12
0	6
1	8
0	11
0	9
4	45
0	45
81	0
24	0
92	0
0	263
0	516
2	120
171	239
0	509
0	524
0	278
3	8
0	531
3	84
2	33
513	191
6	1
0	191
7	0
16	0
6	0
1	0
44	0
4	0
18	440
0	4
28	88
9	91
8	91
0	3
0	441
0	11
0	10
1	0
0	0
0	0
16	0
6	46
0	69
1	110
2	525
220	635
1	0
1	0
1	0
4	0
1	0
5	0
466	312
23	312
0	671
0	489
0	534
0	352
3	297
0	0
0	0
33	2
1	0
0	29
6	29
13	0
1	0
6	16
0	11
0	27
1	0
0	15
0	11
2	0
10	24
0	0
6	22
36	9
291	0
15	5
0	7
0	15
25	25
2	93
9	454
95	187
5	94
33	212
5	83
14	103
31	426
0	30
0	0
13	0
0	22
44	22
0	12
116	12
13	262
14	262
0	597
25	500
15	597
162	0
98	0
2	1064
7	1038
8	167
0	979
11	1005
35	1023
25	31
15	768
7	1023
0	7893
0	7894
0	7894
0	8501
0	8502
0	8502
0	7884
2	0
3	0
4	0
0	0
2	0
263	140
2	140
0	15
15	15
5	0
1	5
52	16
2	21
2	7
28	17
0	21
3	177
5	193
2	166
0	182
562	8
0	8
13	6
149	14
0	8
0	143
0	762
0	275
0	877
0	593
0	1087
0	1009
0	725
0	894
0	955
0	0
43	91
0	91
0	1502
0	1463
0	1688
0	1649
82	0
65	0
29	0
6	0
6	0
5	0
476	0
24	0
6	1
1	9
19	10
0	9
0	1
2	7
27	6
1	1
16	0
2	75
0	87
0	97
0	335
10	302
3	188
12	319
12	0
6	110
2	105
0	110
1	103
0	317
44	317
2	0
0	9
4	9
141	0
4	1
0	1
234	65
2	65
2	22
6	22
7	0
160	0
60	0
0	92
0	439
69	439
261	14
3	14
18	568
0	804
4	337
0	768
0	1
19	568
13	109
3	109
32	17
17	479
54	479
16	2
0	322
0	251
0	2
6	249
0	324
7	1
2	1
11	1
3	19
46	0
1	0
5	0
11	0
0	0
4	0
0	27
7	135
3	165
477	165
54	27
0	280
0	763
0	144
2	586
0	171
0	745
0	762
0	733
0	124
0	780
0	173
0	715
0	191
71	1008
73	1008
2	3
0	164
0	137
0	122
2	79
0	137
20	27
0	164
0	122
11	0
9	5
19	42
1	0
4	42
2	0
97	2
23	0
4	0
0	20
0	19
0	20
0	16
3	19
12	4
3	3
0	16
2	11
0	18
1	2
2	3
3	16
2	2
6	0
100	0
8	425
333	425
1	0
5	0
6	0
7	0
2	0
0	16
2	25
35	59
8	3
1	59
7	4
3	35
0	1
3	45
6	3
4	2
1	2
7	0
3	0
9	257
4	257
20	230
3	135
0	95
0	0
8	127
2	127
0	70
1	1
39	0
7	0
0	0
10	0
5	0
2	0
6	47
13	34
2	81
1	126
131	343
0	217
9	105
1	105
22	144
0	144
0	6
0	0
14	0
15	34
3	34
3	9
50	9
68	0
69	0
1	0
186	0
13	0
2	0
3	0
2	0
595	0
1692	0
167	1
0	1
6	50
3	50
3	0
0	99
16	262
2	262
91	99
0	516
0	282
0	202
0	200
0	598
10	1
0	284
39	10
5	10
32	0
10	0
17	268
8	1
20	268
8	0
256	189
20	189
1	160
0	76
0	64
0	134
0	122
0	0
0	59
0	127
8	52
0	71
0	139
0	0
0	0
0	1
374	1
44	0
265	0
65	0
77	0
0	126
0	19
334	0
0	123
0	16
0	0
42	1
70	1
0	1
807	31
1	20
0	11
0	23
8	23
0	21
7	21
222	0
1	14
13	14
876	0
1	24
2	310
8	310
215	7
0	7
58	0
2	1
2	486
1	493
0	468
2	494
6	0
45	100
39	100
1	17
0	139
0	5
3	432
174	576
1	344
2	477
87	499
9	22
11	0
289	0
2	0
145	0
1	0
16	0
3	0
5	0
414	0
418	0
0	0
1	7
38	11
2	2
2	15
1	10
10	7
1	4
9	6
0	2
4	1
4	5
1	3
1	1
0	0
4	0
0	0
0	0
0	1
0	734
0	708
0	772
0	746
0	382
0	420
0	307
0	333
0	0
3	0
15	4
15	3
15	4
2	3
12	4
39	101
0	40
5	101
1	0
4	1
1	0
1	0
32	0
7	0
182	5
16	5
311	0
7	0
8	0
339	74
1	74
24	475
18	479
5	479
34	0
2	0
83	432
0	432
2	233
99	233
6	0
22	0
1	351
383	351
0	26
27	26
0	7
8	7
19	0
0	10
63	180
3	180
19	124
11	3
10	124
9	0
3	30
173	1000
0	189
25	222
1	778
2	0
4	0
2	0
0	21
3	21
4	0
5	0
0	133
0	114
0	12
0	31
5627	6
31	7
0	7
0	193
12	193
149	1822
19	1822
11	1821
1	1
1	0
3	67
372	67
2	1
102	2
0	1
58	2
0	2
0	195
288	190
0	197
0	231
0	229
1	29
74	0
3	1
0	1
239	0
2	5
70	5
233	6
99	0
0	533
3	540
2	85
0	232
0	1737
0	1737
211	64
2	64
286	0
3	0
1	264
17	264
0	0
8	967
59	101
0	1128
0	1270
0	224
113	147
0	149
0	366
1	0
0	0
4	0
4	604
1085	604
4	1
0	1
2	1
5	21
3	21
0	19
55	0
35	0
0	3
4	1
61	4
0	311
0	312
253	7
0	329
0	207
0	330
8	9
6	0
5	0
3	929
37	929
7	605
0	69
2	41
2	291
0	247
0	199
0	339
1	0
10	0
0	568
1	455
24	326
249	17
4	17
165	211
85	555
12	345
0	1
1	1
10	19
0	19
9	60
1	60
32	0
46	0
2	0
5	0
10	0
12	0
2	8
6	18
5	10
10	8
0	1
3	15
2	2
0	2
0	16
6	0
0	1
4	0
126	873
82	873
48	721
20	7
17	7
6	7
0	14
0	12
3	6
5	0
0	2
0	1
42	1
0	2
5	0
0	0
8	0
1	0
6	0
1	0
0	0
0	9
0	6
0	12
0	10
0	15
0	7
1	5
2	502
15	502
0	19
15	19
7	9
0	9
4	128
14	352
42	480
2	1
16	1
2	0
5	0
1	0
6	0
15	0
15	0
0	46
10	46
0	215
0	329
0	368
0	254
64	2
0	5
1	9
22	2
0	9
4	2
1	0
2180	0
3	1
7	1
4	0
6	12
5	5
22	12
0	2
11	5
0	21
0	42
0	36
0	17
0	36
0	33
0	27
0	30
3	8
2	8
46	0
243	0
0	3
20	314
14	314
14	0
1547	0
2	0
0	428
3	223
49	2176
4	11
2	34
50	2130
2	20
7	251
1	0
3	0
2	0
0	0
0	2
2	128
203	128
0	2
0	0
1	0
17	188
276	188
6	189
4	210
23	211
6	49
8	116
338	341
3	177
1	720
5	650
0	364
1	720
22	613
9	188
15	0
8	0
9	0
0	0
2	0
22	0
13	651
42	651
0	133
157	1532
6	1532
0	3
11	64
30	64
4	455
0	854
0	773
0	788
14	414
0	839
17	0
6	0
18	0
8	1
1	0
2	0
3	0
1	0
2	0
4	0
11	0
3	0
6	0
1	0
0	0
3	0
1	0
0	0
4	0
0	0
3	0
0	0
2	0
4	0
0	0
3	0
5	1
5	0
3	0
5	0
2	0
2	7
0	0
2	0
0	0
6	0
4	0
3	0
5	0
2	0
7	0
1	0
5	0
4	0
5	0
1	0
0	6
0	6
1	6
10	0
1	0
3	0
3	0
5	0
5	0
6	0
1	0
1	0
2	0
2	0
7	0
0	0
4	0
2	0
2	0
4	0
5	0
4	0
0	0
1	0
3	0
6	0
3	0
2	0
8	0
3	0
5	0
3	0
1	0
0	0
1	0
2	0
6	0
0	0
3	0
1	0
2	0
1	0
5	0
0	0
3	0
6	0
2	0
4	0
1	0
3	0
11	1
2	0
14	0
2	0
5	0
0	0
1	0
2	0
0	0
6	0
1	0
0	0
0	0
3	0
5	0
2	0
3	0
0	0
2	0
2	0
2	0
4	0
1	0
3	0
2	0
5	0
5	0
1	0
3	0
4	7
3	0
2	0
2	0
4	0
2	0
2	0
3	0
0	0
0	0
2	0
0	0
5	0
1	0
4	0
4	0
0	0
5	0
1	0
2	0
1	0
2	0
2	0
0	0
3	0
3	0
1	0
1	0
3	0
1	0
1	0
1	0
1	0
1	0
1	0
3	0
5	0
3	0
21	5
5	0
2	0
2	0
2	0
3	0
1	0
3	0
1	0
6	0
3	0
5	0
4	0
1	0
4	0
3	0
1	0
0	0
2	0
3	0
1	0
4	0
3	0
4	0
1	0
1	0
3	0
2	0
2	0
2	0
1	0
1	0
3	0
8	0
1	0
3	0
1	0
4	0
3	0
5	0
5	0
0	0
3	0
4	0
1	0
7	0
2	0
4	0
4	0
3	0
7	0
3	0
2	0
3	0
4	0
8	0
72	0
1	0
4	0
4	0
0	6
3	6
2	0
1	0
3	0
1	0
3	0
3	0
3	0
3	0
4	0
3	0
2	0
4	0
2	0
0	0
8	0
1	0
2	0
0	1
0	1
0	0
2	0
5	0
0	3
1	3
5	0
3	0
3	0
1	0
5	0
2	0
4	0
4	20
9	20
0	0
5	0
5	0
3	2
1	0
1	0
3	0
0	0
3	0
4	0
7	0
6	0
2	0
5	0
5	0
2	0
2	0
3	0
4	1
1	0
3	0
3	0
1	0
21	0
2	0
0	0
5	0
11	0
8	2
2	0
22	0
4	0
1	0
7	0
5	1
2	1
9	0
94	0
36	0
3	0
9	0
1	0
3	0
1	0
20	0
9	0
3	0
7	0
4	0
9	0
5	0
2	0
13	0
2	8
2	8
3	0
8	0
9	0
4	0
1	0
5	0
1	0
2	0
7	0
2	0
3	0
78	0
168	0
5	0
2	2
9	0
1	0
39	0
2	0
3	58
0	57
0	57
24	0
4	0
1	0
10	0
3	0
4	0
0	0
2	0
0	81
0	81
1	0
35	0
8	0
2	0
10	0
4	0
4	0
2	0
2	0
4	0
2	0
3	0
5	0
2	14
1	14
0	0
1	0
3	0
4	0
0	4
0	4
4	0
3	0
1	0
1	0
8	0
2	0
4	0
9	0
0	0
5	0
5	0
1	0
2	0
1	0
0	1
4	1
5	0
60	0
7	0
13	0
8	0
0	0
5	0
7	0
3	0
3	0
3	0
0	0
2	0
4	0
1	0
3	0
2	0
2	0
3	0
50	45
0	45
15	0
1	0
4	0
4	0
8	1
2	0
2	0
0	0
0	0
1	0
5	0
5	0
4	0
4	1
0	0
45	44
0	44
12	0
3	144
32	144
30	0
6	0
4	0
2	7
0	7
0	1
4	1
4	0
2	0
6	0
0	6
18	6
8	0
3	0
3	0
0	0
10	0
1	0
1	0
6	0
0	0
3	0
6	0
1	0
9	0
6	0
4	0
5	0
9	0
4	0
3	0
2	7
2	7
15	0
4	0
120	0
16	0
0	0
8	0
5	0
3	0
2	0
2	0
2	0
4	0
11	0
46	0
0	0
1	0
1	0
213	2
0	2
1	0
10	0
5	0
0	0
3	0
58	0
1	0
5	0
0	9
0	9
0	0
12	0
6	0
5	0
4	0
1	0
1	0
14	0
2	6
0	6
3	0
1	0
5	0
6	0
11	0
9	0
7	0
9	0
1	0
4	0
0	0
2	0
0	15
5	15
2	0
5	0
2	0
7	0
17	0
3	0
1	0
1	0
2	0
1	0
125	0
3	0
5	0
31	0
2	0
10	0
45	0
4	0
3	0
2	0
1	0
0	0
9	0
0	0
3	0
0	0
6	0
5	0
5	0
5	0
1	0
2	0
4	0
40	0
0	1
0	1
2	0
1	0
3	0
3	0
1	0
0	0
4	0
3	0
4	0
3	0
4	0
2	0
30	1
5	0
2	0
0	0
5	0
8	0
2	0
4	0
0	0
0	0
4	1
3	0
3	0
3	0
1	1
3	0
3	0
0	0
3	0
5	0
2	0
2	0
4	0
2	0
6	0
2	0
2	0
7	0
2	1
1	7
0	7
10	0
4	0
0	0
2	0
0	0
5	0
4	0
2	0
0	0
2	0
3	0
4	0
0	0
1	0
2	0
2	0
1	0
3	0
2	0
2	0
4	0
2	0
1	0
5	0
4	3
3	0
2	0
9	0
7	0
0	0
2	0
1	0
4	0
2	0
15	0
5	0
2	0
1	0
3	0
2	0
0	0
2	0
3	0
2	0
5	0
2	0
3	0
10	3
0	0
2	0
1	0
4	0
8	0
2	0
1	0
1	0
5	0
3	0
22	0
1	0
7	0
3	0
7	0
2	0
4	0
1	2
2	1
0	2
0	0
0	0
4	0
0	0
3	0
2	0
5	0
7	0
3	6
2	0
2	0
2	0
0	0
0	0
11	0
0	3
4	3
1	0
1	0
1	0
4	0
3	0
2	0
2	0
22	0
5	1
5	0
0	0
6	0
5	0
6	0
2	0
22	3
64	0
5	0
1	0
2	0
3	0
1	3
2	3
0	0
2	0
10	2
21	2
27	231
0	231
1	0
0	0
28	0
1	0
0	2
17	2
2	39
78	39
9	163
12	163
0	23
35	23
23	0
2	0
4	6
1	1
0	6
4	0
1	0
3	0
1	12
1	12
7	0
8	28
1	28
425	317
0	317
0	253
1	251
24	205
17	205
0	101
4	0
22	0
219	0
135	0
2	0
4	0
1	33
6	33
1	36
1	36
0	36
0	36
3	1
11	0
11	0
3	0
1	261
2	261
0	261
0	261
6	1
113	1
0	34
43	26
7	8
38	0
4	0
21	269
188	269
3	0
1	0
2	0
447	0
3	86
0	92
1	52
160	21
16	17
14	0
2	0
153	0
46	0
24	0
1	114
14	114
6	0
51	0
84	0
16	0
18	0
0	0
16	0
10	2
0	2
5	2
6	2
2	1
2	1
0	1
14	1
2	0
0	8
34	118
2	84
3	34
7	4
2	90
0	90
2	30
2	97
30	127
1	26
1	0
5	26
55	4
2	4
6	0
61	0
46	470
57	470
6	122
0	13
7	77
3	77
5	0
96	0
0	2
2	2
0	2
7	19
22	19
8	33
1	24
3	9
0	33
5	0
249	0
13	96
4	96
0	2
4	0
1	0
14	0
8	0
2	0
1	0
9	21
0	21
7	13
0	13
1	12
45	12
2	0
6	0
311	0
0	82
118	82
49	0
23	0
23	0
90	1
40	0
22	1
0	94
235	94
0	0
6	0
14	33
2	103
15	136
95	0
0	0
180	0
0	13
0	13
5	0
68	81
0	81
1	7
40	7
33	0
7	0
0	0
2	0
0	9
20	184
5	184
0	0
13	0
142	182
1	182
2	186
7	170
10	135
0	2
22	2
9	0
6	0
106	0
3	0
95	0
0	1
56	1
1	2
4	1
4	1
0	1
0	1
0	0
5	0
1	0
2	0
27	68
1	3
72	68
346	0
8	0
245	0
13	0
9	42
2	42
69	0
75	17
8	14
7	0
3	0
0	0
242	0
5	120
0	120
242	2
0	2
117	2
3	0
16	0
21	0
2	0
2	9
0	9
0	9
1	87
1	87
1	0
8	0
4	0
8	294
6	294
233	56
2	41
3	15
6	0
3	0
2	0
5	0
62	0
4	2
12	35
1	33
21	3
0	3
2	16
11	16
2	0
37	374
23	374
2	250
22	254
18	0
32	0
8	1
59	0
0	56
33	56
1	0
7	0
14	0
1	0
23	13
11	13
13	13
2	99
2	99
4	29
3	29
1	0
0	0
16	0
3	0
5	0
2	0
3	0
3	0
6	0
1	0
2	0
3	0
4	0
2	0
2	0
0	0
0	0
0	0
2	0
8	0
3	0
7	0
7	0
2	0
2	0
3	0
1	0
5	0
2	0
5	0
9	0
1	0
0	0
2	0
0	0
1	0
2	0
0	0
2	0
2	0
0	0
4	0
4	0
4	0
3	0
0	0
2	0
2	0
0	0
3	0
3	0
5	0
3	0
3	0
0	0
1	0
3	0
0	0
1	0
1	0
1	0
6	0
4	0
1	0
1	0
3	0
4	0
2	0
0	0
0	0
1	0
1	0
2	0
5	0
2	0
0	2
0	2
1	0
12	0
5	0
2	0
4	0
3	0
8	0
5	0
2	0
1	0
4	0
4	0
4	0
1	0
2	0
3	0
1	0
1	0
4	0
6	0
0	0
1	0
3	0
2	0
1	0
1	0
35	0
6	0
2	0
5	0
0	0
4	0
2	0
1	0
0	0
2	0
44	0
0	0
0	0
6	0
5	0
7	0
7	0
2	0
0	0
8	1
1	3
0	3
3	0
7	0
3	0
10	0
3	0
4	0
0	0
3	0
3	0
1	0
1	0
3	0
3	0
9	0
3	0
2	0
2	0
2	0
2	0
3	0
3	13
24	13
0	0
15	0
0	0
5	0
12	0
2	0
6	0
0	0
1	0
7	0
0	22
1	22
0	0
2	0
3	0
1	0
1	0
31	1
0	0
9	0
2	0
1	0
1	0
3	0
2	0
2	0
3	0
0	0
1	0
3	0
3	0
0	1
1	0
3	0
3	0
2	0
1	0
0	0
1	0
1	0
1	0
3	0
0	0
1	0
4	2
2	0
2	0
1	0
2	0
2	0
5	0
3	0
2	0
0	0
3	8
0	0
1	0
2	0
4	0
2	0
5	0
2	0
2	0
1	0
2	0
2	0
4	0
2	0
0	1
0	2
0	3
1	0
3	0
2	0
3	0
4	0
1	0
4	0
1	4
3	0
1	0
2	0
0	0
3	0
0	3
0	3
1	4
5	0
6	0
2	0
1	0
2	0
5	0
4	2
2	0
1	0
2	0
0	0
5	0
3	0
0	0
3	0
1	0
1	0
1	0
1	0
2	0
4	0
7	0
2	4
1	0
2	0
7	0
1	0
3	0
1	0
2	0
4	0
2	0
10	0
5	0
0	0
1	0
1	0
0	0
4	0
0	0
3	0
3	0
3	0
4	0
2	0
2	0
3	0
3	0
4	0
1	0
6	0
1	0
2	0
1	0
2	1
3	0
0	0
1	0
2	0
4	0
2	0
5	0
4	0
3	0
1	0
1	0
0	0
3	0
3	0
3	0
0	0
1	0
2	0
5	0
5	0
4	0
3	0
1	0
6	0
6	0
5	0
2	0
1	0
1	0
4	0
3	0
0	0
2	0
3	2
1	0
4	0
1	0
5	2
1	0
3	0
0	0
2	0
1	0
2	0
1	0
1	0
0	4
1	0
3	0
2	0
2	0
3	0
1	0
2	0
6	0
1	0
0	0
0	0
2	0
4	0
0	0
2	0
1	0
4	0
4	0
2	0
3	0
1	0
2	0
1	0
2	0
4	0
2	0
2	0
5	0
4	0
29	0
6	0
1	0
2	0
12	0
4	0
3	0
3	0
39	30
0	30
5	0
28	0
3	0
2	0
14	0
0	0
3	29
12	62
6	62
7	0
2	8
1	8
32	0
1	1
19	1
1	0
7	0
10	0
21	0
9	0
9	0
0	0
1	0
1	1
0	1
9	31
2	31
1	0
22	17
11	17
110	0
0	0
0	0
4	0
0	0
0	0
0	0
25	0
0	0
2	3
1	4
0	4
5	0
31	10
0	10
2	0
31	0
1	0
0	105
2	429
93	434
12	0
8	0
648	0
1	57
4	57
3	0
0	16
11	16
22	6
417	0
9	1
0	1
2	4
17	4
21	0
5	0
4	0
0	0
13	0
11	0
1	0
1	0
2	13
11	13
0	22
0	22
17	0
2	0
2	20
156	20
61	23
2	23
0	16
281	16
9	0
4	24
5	23
18	36
2	36
133	0
47	41
0	41
3	127
17	127
69	0
1	1
4	0
11	1
0	1
2	0
11	35
0	35
19	1
0	1
69	2
0	0
6	5
7	7
4	2
2	0
2	0
199	0
0	0
4	4
12	4
8	0
0	0
8	0
1	2
3	2
3	0
7	204
0	204
10	0
27	0
1	6
2	6
2	13
0	13
7	0
3	0
295	0
2	14
11	14
1	2
0	2
3	2
1	29
32	96
0	96
74	0
1	9
0	0
13	0
2	9
5	0
9	2
5	0
3	4
12	4
0	2
11	2
13	647
138	647
0	154
25	0
57	0
49	0
6	0
5	0
1	0
0	0
1	0
1	0
16	0
37	7
0	0
0	7
12	33
67	82
3	50
2	10
32	0
15	0
9	149
0	149
10	0
6	0
2	0
4	0
0	0
3	0
0	2
3	2
19	151
0	147
0	151
4	151
5	0
3	0
8	0
1	0
2	0
0	0
0	0
5	0
6	0
1	0
2	2
0	2
2	0
1	0
3	0
11	0
4	0
83	0
1	1
0	1
6	0
25	0
4	10
2	10
2	3
0	3
8	0
36	11
16	0
2	0
8	0
12	0
2	0
2	34
4	34
2	2
1	2
154	0
1	0
0	0
4	0
1	0
3	3
13	0
2	136
24	133
29	100
5	3
3	0
2	0
5	0
3	0
0	0
3	0
3	1
2	0
0	0
6	5
6	0
3	0
5	0
0	0
2	0
0	2
3	2
0	0
1	11
2	11
5	0
4	0
0	0
3	0
5	0
2	0
0	0
4	0
12	0
2	0
1	0
20	0
0	2
8	2
0	0
3	0
2	0
4	1
2	0
3	0
0	0
0	1
3	1
1	0
4	0
8	0
3	0
0	0
5	0
2	0
2	0
4	0
7	0
7	0
16	23
0	23
1	0
3	0
4	0
6	0
3	2
0	2
0	0
3	0
9	0
2	0
3	0
4	0
4	0
0	0
3	0
1	1
0	0
2	0
3	0
4	0
5	0
4	1
1	0
4	0
1	0
0	0
2	0
4	0
4	0
1	0
1	2
6	0
1	0
4	0
3	0
6	0
10	0
6	0
2	0
2	0
1	0
7	0
0	0
4	0
2	0
1	0
3	0
6	0
1	0
1	0
1	0
0	0
4	0
3	0
3	0
6	0
2	0
3	0
1	0
8	0
3	0
4	0
3	0
6	0
3	0
1	0
1	0
2	0
0	4
2	6
1	0
3	1
6	0
3	0
1	0
2	0
221	0
2	0
2	0
3	0
2	0
2	0
0	0
3	0
3	0
2	0
3	0
2	0
10	0
3	0
2	0
4	0
5	0
2	0
2	0
12	0
2	0
6	0
1	0
7	0
10	0
0	0
1	0
3	0
3	0
1	0
3	0
0	13
3	13
3	0
4	0
1	0
5	0
1	0
2	0
7	0
9	0
38	0
0	0
32	0
6	0
5	0
7	2
0	0
4	0
7	1
2	0
4	0
0	0
4	0
1	0
1	0
8	0
47	0
3	0
38	0
4	0
0	0
2	0
4	0
10	0
1	0
4	0
2	0
117	64
0	64
3	0
1	0
2	0
2	0
6	0
5	0
5	2
0	4
1	4
5	0
2	0
3	0
2	0
0	1
0	1
10	0
4	0
1	2
1	0
4	0
5	0
2	0
4	0
8	0
2	0
3	0
1	0
0	0
3	0
3	0
15	0
1	0
4	0
5	0
5	0
16	0
3	0
12	0
0	0
2	0
0	0
6	0
225	0
22	15
0	15
10	0
11	0
3	0
1	0
10	3
36	0
2	0
10	0
8	0
7	20
9	48
3	28
3	0
3	0
5	0
0	0
2	0
15	0
6	0
4	0
4	0
2	0
4	0
3	0
4	0
4	0
1	0
8	0
3	10
2	10
190	0
126	0
7	0
14	0
1	0
0	0
23	1
5	1
3	1
466	0
1	0
7	0
0	0
0	2
8	2
26	0
3	1
0	1
15	2
0	2
0	2
0	2
83	0
6	0
1	0
19	0
10	0
1	0
3	0
1	0
8	0
3	3
4	1
2	1
0	3
3	3
2	0
2	0
1	0
3	0
0	0
0	0
94	0
13	0
2	0
2	0
14	0
3	0
6	0
5	0
1	0
14	0
104	0
4	0
7	0
1	0
7	0
3	0
0	0
29	0
11	0
15	0
50	131
4	131
4	0
1	0
3	0
5	0
45	0
0	4
4	4
11	0
27	0
46	0
0	0
4	0
0	4
7	4
4	0
7	0
96	0
4	0
0	0
2	0
0	0
4	0
0	0
1	0
0	0
1	0
0	0
0	0
60	12
55	206
0	206
1	0
1	0
1	0
197	0
1	0
4	0
8	0
4	0
1	1
127	9
0	8
1	0
0	0
3	0
1	0
3	0
3	0
8	0
3	0
5	0
3	0
8	0
2	0
12	0
0	0
10	0
1	0
28	0
3	0
1	0
0	0
7	0
2	0
2	0
3	0
0	0
5	0
2	0
0	0
2	0
0	0
2	0
5	0
0	0
1	0
0	8
0	8
6	0
7	0
4	0
1	0
2	0
1	0
2	0
2	2
0	2
2	0
1	0
0	0
2	0
2	0
2	0
2	0
3	0
3	0
3	0
0	0
3	0
3	0
2	0
2	0
1	0
3	0
4	0
5	0
3	0
2	0
1	0
1	0
9	0
12	4
4	0
4	0
3	0
8	0
3	0
3	0
5	0
4	0
3	0
2	0
13	0
2	0
5	0
2	0
1	0
3	0
3	0
2	0
12	0
4	0
3	0
4	0
5	0
1	0
25	0
7	0
5	0
6	0
3	0
4	0
10	0
2	0
2	0
0	0
3	0
3	0
3	0
2	0
4	0
2	0
1	0
9	0
1	0
2	0
4	0
2	0
2	0
1	0
3	0
4	0
1	0
3	0
2	0
3	0
6	0
1	0
3	0
8	0
1	0
1	0
2	0
6	0
4	0
2	0
4	0
8	0
5	4
0	4
2	0
3	0
5	0
6	0
1	0
1	0
2	0
9	1
3	0
6	0
7	0
4	0
2	0
2	0
5	0
1	0
9	0
3	0
9	0
3	0
1	0
2	0
5	0
1	0
2	0
4	0
3	0
3	1
8	0
2	0
5	0
4	3
4	2
2	0
3	0
1	0
2	0
2	0
1	0
13	2
6	0
4	0
1	0
4	0
3	0
4	0
4	0
1	0
0	0
5	0
3	0
79	0
6	0
0	0
6	0
1	0
3	0
0	4
1	4
3	0
3	1
4	0
4	0
1	0
10	0
3	0
1	0
3	0
5	0
3	0
7	0
3	0
5	0
5	0
0	0
6	0
6	0
4	0
1	0
3	0
6	0
4	0
0	1
2	1
1	0
2	0
3	0
0	1
3	0
16	0
2	0
4	0
1	0
0	0
7	0
3	0
4	0
6	0
3	1
1	0
7	0
2	1
1	0
17	0
2	0
0	0
2	0
2	0
1	0
6	0
5	0
2	0
1	3
2	3
4	0
4	0
1	0
5	0
2	0
7	0
11	0
9	0
1	0
8	0
3	0
5	0
3	0
2	0
3	0
9	0
7	0
18	0
0	0
4	0
1	0
8	0
4	0
2	0
4	0
2	0
8	1
4	0
4	0
3	0
1	0
4	0
3	0
4	0
3	0
3	0
2	0
0	0
0	0
2	0
10	0
7	0
5	0
0	9
9	9
4	0
6	0
3	0
7	0
3	0
6	0
3	0
3	0
4	0
5	0
3	0
3	0
0	0
2	0
2	0
4	0
3	0
3	0
3	0
4	0
2	0
2	0
2	2
6	0
1	1
0	1
1	0
2	0
6	0
5	0
3	0
5	0
4	0
5	0
2	0
5	0
0	0
1	0
19	0
3	0
8	0
0	0
0	30
24	129
34	129
1	0
7	81
90	81
507	0
132	0
16	0
6	0
22	3
0	0
2	3
37	150
6	150
319	0
360	0
10	35
10	182
15	182
0	22
42	22
40	40
23	0
7	0
12	0
9	0
0	0
3	0
2	0
2	88
4	88
22	1
4	0
0	0
15	0
80	177
0	1
201	176
3	1
34	0
406	0
5	138
0	138
87	0
757	0
3	33
409	33
1	0
6	2
3	7
0	35
77	35
0	7
15	0
19	0
5	2
6	3
0	0
0	3
4	0
1	6
1	27
0	44
0	33
1	17
2	1
5	8
0	8
4	17
6	17
6	51
3	51
0	3
0	72
0	67
0	79
0	84
16	0
2	767
8	128
46	767
8	0
6	0
27	0
0	0
4	9
24	2
1	11
2	0
5	0
3	0
118	4
1	0
2	4
0	6
1	0
7	0
350	0
36	0
251	0
22	0
14	0
2	0
1	0
77	0
313	0
36	3
0	2
47	2
4	0
0	51
0	52
0	10
0	11
5	0
0	32
20	31
4	24
0	1
2	2
0	2
3	0
154	0
1	0
28	2
76	0
8	0
507	0
6	0
69	0
7	0
2	16
0	11
0	18
7	454
8	480
2	321
0	119
11	75
50	194
0	0
1	0
17	0
2	0
7692	2
3	43
0	43
16	30
0	30
23	0
64	0
11	0
71	0
12	0
2	4
1	4
14	0
4	0
0	0
53	0
0	1
17	1
1	0
6	3
3	4
14	0
3	66
5	66
0	6
0	4
0	5
0	5
32	0
0	23
3	37
4	37
4	0
235	0
3	0
4	1
1	0
0	0
7	0
0	0
8	0
36	0
0	0
89	6
0	3
0	3
3	0
43	0
68	0
2	5
0	5
11	91
32	91
17	25
25	85
5	60
1	7
5	0
7	6
14	6
8	0
5	0
109	0
5	0
1	0
2	0
43	0
0	0
90	0
10	0
42	0
147	0
388	0
39	0
193	0
1	0
0	35
120	81
2	46
42	0
0	0
3	0
1	0
180	0
13	0
9	0
7	0
5	9
0	2
1	11
0	7
8	11
7	0
5	0
64	3
0	3
0	7
0	14
8	14
129	0
1	3
4	113
2	113
0	3
14	0
8	0
6	0
4	0
260	132
4	132
0	0
9	141
2	141
73	0
40	0
0	46
54	46
28	3
0	3
0	0
2	0
0	6
5	6
570	0
0	2
4	2
37	0
249	0
10	0
0	0
0	0
3	0
4	0
4	0
2	0
2	0
3	0
6	1
3	0
0	0
4	0
4	0
2	0
3	0
6	8
2	0
1	0
6	0
4	0
3	0
9	0
2	0
1	0
1	0
0	0
3	0
10	0
10	0
1	0
2	0
4	0
2	0
1	0
2	0
3	0
2	0
4	0
3	0
5	0
18	7
0	8
1	0
5	0
1	0
9	0
0	0
2	0
5	0
1	0
1	0
5	0
1	0
0	0
3	0
2	0
8	0
3	0
5	0
22	0
5	0
165	0
31	4
2	4
0	5
2	5
1	6
10	2
0	2
17	0
9	0
3	0
13	0
0	0
140	0
4	4
0	0
65	0
2	0
0	0
1	0
8	0
5	0
3	0
1	0
8	0
0	0
3	0
2	31
39	95
0	8
0	65
0	7
4	0
3	0
0	0
3	0
3	3
0	3
1	0
0	0
0	0
5	0
31	53
2	53
0	12
16	12
5	0
4	0
3	0
1	0
2	0
4	0
2	0
2	0
4	0
4	0
4	0
7	0
4	0
0	0
4	0
6	0
8	0
2	0
9	0
4	0
7	0
2	0
2	0
1	0
0	19
0	6
0	19
1	20
59	0
4	0
126	1
2	0
3	0
2	0
83	3
10	0
3	0
6	0
22	214
0	214
6	0
344	0
5	0
30	47
0	27
0	6
0	20
0	0
5	0
1	0
10	0
2	0
6	0
22	0
7	0
2	0
1	0
0	0
3	0
3	0
1	0
3	1
16	0
5	0
0	1
5	1
3	0
3	0
7	0
2	0
0	3
5	3
0	0
141	0
14	0
3	0
5	0
2	0
2	0
0	0
1	0
2	0
13	0
13	0
2	0
0	12
4	12
0	0
3	0
2	0
3	0
4	0
0	0
4	0
0	0
5	0
1	0
2	0
6	0
4	0
2	0
1	30
0	30
38	0
6	0
12	0
3	3
2	3
2	0
0	0
5	0
1	0
2	0
11	0
4	0
1	2
0	2
4	0
8	0
4	2
2	2
0	0
7	0
2	0
64	4
9	0
2	0
1	0
3	0
2	0
1	0
1	0
5	0
1	0
0	0
0	0
1	0
9	0
4	0
1	0
3	0
0	0
1	0
5	0
1	0
1	0
2	0
5	0
8	0
12	0
4	0
4	0
2	0
2	0
2	0
2	0
2	0
17	0
6	0
1	0
0	106
8	106
12	0
8	0
1	0
1	0
0	0
4	0
5	0
5	0
5	1
0	0
1	0
3	0
1	0
6	0
2	4
2	3
3	0
1	0
0	0
2	0
1	0
8	19
4	0
2	0
5	0
3	0
3	0
5	27
2	27
1	0
3	0
3	8
0	8
1	0
2	0
34	0
2	0
0	0
4	0
0	0
2	0
3	0
6	1
5	0
0	0
4	0
7	0
0	3
0	2
11	3
0	0
0	0
2	0
1	0
3	0
2	0
2	0
3	0
2	0
5	0
1	0
0	0
5	0
5	0
0	0
1	0
3	0
6	0
0	0
3	0
2	0
2	0
2	0
4	5
1	5
4	0
2	0
1	0
4	0
1	0
11	0
3	0
2	0
7	0
3	0
0	0
3	0
4	1
10	0
11	0
1	0
1	0
3	0
4	0
3	0
2	0
2	0
2	0
2	0
2	0
2	0
0	0
0	4
4	4
7	0
0	0
2	0
3	0
1	0
8	0
1	0
6	0
4	0
5	0
4	0
3	0
6	0
4	0
0	0
3	0
1	0
2	0
1	0
0	0
2	0
2	0
6	0
3	0
3	0
1	0
3	0
3	0
3	0
2	0
0	0
1	0
1	0
1	0
0	0
1	0
2	0
4	0
3	0
1	3
0	3
3	0
0	0
2	0
4	0
4	0
1	0
3	0
4	0
4	1
1	0
1	0
0	3
2	0
2	2
0	0
2	0
1	0
4	1
0	1
1	0
3	0
3	0
1	0
2	0
0	0
2	0
3	0
1	0
2	0
3	0
2	0
7	0
1	0
1	0
2	0
2	0
1	0
1	0
3	0
3	0
4	0
3	0
3	0
2	0
3	0
0	0
5	0
1	0
0	0
0	0
2	0
1	0
2	0
0	0
4	0
3	0
3	0
5	0
5	0
1	0
2	0
0	0
1	0
1	0
1	0
1	0
0	0
2	0
2	0
2	0
1	0
2	0
6	0
2	0
2	0
3	0
2	0
0	0
3	0
2	0
3	0
0	0
2	0
2	0
1	0
1	0
1	0
2	0
5	0
1	0
2	0
0	0
3	0
2	0
2	0
5	0
1	0
1	0
1	0
4	0
2	0
2	0
1	0
1	0
1	0
7	0
9	0
9	0
0	0
3	0
4	0
2	0
23	0
4	0
6	0
1	0
6	0
4	0
1	0
4	0
1	0
11	0
2	0
7	0
4	0
5	0
4	0
0	6
19	6
1	0
5	5
12	0
2	0
0	0
1	0
1	0
1	0
0	0
1	0
42	0
4	0
5	0
3	0
2	0
7	0
6	0
10	0
2	0
4	0
3	1
0	1
1	1
15	1
4	0
5	0
10	0
8	0
2	0
2	0
1	0
2	0
0	0
4	0
2	0
2	0
3	0
1	0
2	0
1	0
0	0
1	0
2	0
7	1
3	0
1	1
8	1
4	0
5	0
12	0
38	0
3	0
10	0
4	0
2	0
3	0
8	0
4	0
2	0
2	0
6	0
1	0
1	0
8	0
5	0
1	1
1	1
4	3
2	0
2	0
1	0
4	0
1	0
1	0
1	0
6	1
11	0
0	0
6	0
2	0
0	17
1	17
5	0
3	0
7	0
1	0
9	0
1	0
1	0
1	0
2	0
4	0
21	0
2	0
18	0
17	0
7	0
0	29
13	29
2	0
2	1
2	1
1	0
10	13
26	13
3	0
0	0
2	0
2	0
5	0
7	0
0	0
7	0
9	0
30	0
3	0
11	0
27	5
5	0
3	0
8	28
1	28
3	0
2	0
3	0
8	0
4	0
10	0
2	0
6	0
1	0
1	0
16	0
0	0
0	1
0	1
17	0
4	0
4	0
2	0
1	0
3	0
3	0
4	1
6	0
4	0
5	0
2	0
3	0
2	0
1	0
0	8
14	20
7	0
2	0
39	0
1	0
0	0
7	0
3	3
4	0
0	0
3	0
0	0
5	0
5	0
6	0
2	0
4	0
5	0
5	0
8	0
25	0
1	0
2	0
6	0
3	0
4	0
18	0
25	0
10	0
6	0
4	0
4	4
10	0
0	13
5	13
12	0
2	0
2	0
2	0
1	0
6	0
7	0
0	0
1	0
5	0
3	0
6	0
52	0
8	0
5	0
3	0
1	0
4	0
3	0
3	0
2	0
2	0
2	0
3	0
5	0
5	0
2	0
103	0
4	0
7	0
1	0
90	0
5	0
2	0
2	0
4	0
2	0
8	0
1	0
3	0
5	0
1	0
2	0
5	0
15	0
2	0
181	0
15	0
9	0
4	0
7	0
1	0
154	0
2	0
167	0
10	0
5	0
5	0
3	0
37	0
5	0
3	0
3	0
5	0
15	0
5	0
3	0
13	0
4	0
0	0
1	0
0	0
2	0
6	0
3	0
0	0
1	0
2	0
1	0
7073	11
1	0
18	0
115	70
0	70
1	0
3	0
6	0
2	0
3	0
0	0
5	0
18	0
0	0
2	0
3	0
5	0
4	0
14	0
8	0
6	23
2	0
2	0
2	0
5	0
7	0
0	0
0	0
4	0
1	0
3	2
103	0
52	87
0	87
6	4
2	1
6	2
17	55
1	55
15	0
1	0
3	2
300	2
14	0
1	0
896	0
18	0
209	0
570	0
19	24
0	24
0	1075
0	494
0	1051
0	518
1	11
0	1438
0	1403
0	1436
0	1436
0	1404
2	948
0	1437
0	1402
0	1438
0	1404
0	1402
0	1438
0	1402
0	1404
0	1436
2	0
1	0
84	571
21	498
1	586
6	0
17	0
3	0
0	0
161	0
2	60
192	60
209	0
19	11
0	11
181	0
0	11
1	5
50	5
9	106
0	106
2	8
14	0
0	0
47	119
8	119
0	0
210	207
2	207
2	34
176	34
2	0
6	0
1	0
267	738
2	14
8	388
48	738
142	62
2	62
3	49
1	105
47	105
3	0
3	97
15	97
6	1
0	256
0	322
0	322
0	256
5	0
1	68
4	0
5	3
0	0
2	0
6	104
13	98
25	104
3	0
0	14
1	14
94	0
197	0
2	2
2	2
0	5
4	2
11	86
58	93
8	0
5	0
5	0
3	0
1452	0
273	0
29	1
9	1
0	0
102	0
0	2
24	0
9	2
9	0
46	0
0	0
39	0
0	1
7	103
105	104
0	2
112	2
86	0
0	10
831	10
3	437
4	243
6	0
0	387
1	0
6	0
9	0
4	0
0	683
0	651
0	425
0	393
0	84
56	84
16	9
2	113
1	32
15	141
2	28
1	0
211	34
1	34
5	0
0	0
48	153
7	119
5	152
4	0
7	1
0	10
9	0
13	0
4	0
0	89
501	89
6	0
34	12
1	12
2	0
83	8
0	8
191	24
16	24
1	5
20	0
269	0
4	0
22	267
5	233
1	34
13	0
2	0
4	32
0	32
0	179
3	165
21	141
1	103
2	138
0	3
0	4
0	8
0	10
1	16
6	5
89	44
0	44
0	7
2	0
0	0
3	8
11	8
7	0
3	7
177	292
1	292
23	266
0	266
5	22
7	24
8	16
0	15
0	14
0	9
0	8
0	6
1	3
0	0
22	1
25	149
3	100
13	275
2	109
2	96
0	71
1	119
0	86
46	172
0	19
204	119
4	100
28	0
3	0
2	1
3	0
0	0
4	171
6	171
0	9
0	132
0	95
0	48
0	85
0	32
0	79
2	0
0	10
6	55
0	10
3	157
316	157
58	1
17	0
8	0
298	0
199	0
7	0
1	0
4	0
0	4
0	4
0	4
0	4
27	0
6	60
8	314
26	314
3	123
0	60
203	60
0	4
2	4
0	0
0	4
0	5
0	4
0	5
0	6
0	132
10	206
0	371
3	287
5	113
229	0
6	5
71	0
1	0
33	301
5	277
12	24
0	371
0	344
0	367
0	348
27	139
1	0
0	1
103	0
45	0
344	0
56	532
71	361
3	532
0	4
10	4
14	4
0	48
0	125
0	109
0	12
0	71
0	87
2	0
7	0
1	696
19	688
5	582
17	0
0	0
13	209
0	209
2	69
105	0
55	0
0	188
0	145
0	226
0	163
2	107
0	294
0	233
0	301
0	258
0	120
2	84
0	251
14	0
2	0
0	0
3	7
711	7
3	0
2	0
2	9
322	11
8	2
35	0
0	137
0	122
0	106
0	121
1	0
0	0
2	6
13	0
1	15
44	21
2	0
98	0
6	68
138	68
3	0
9	0
395	0
81	0
3	0
110	0
4	0
1	0
1	6
4	6
1	0
42	0
357	0
1	0
1	19
1	421
2	52
31	421
4	4
2	0
597	25
0	25
777	0
20	1
12	0
1	0
4	18
4	18
12	430
79	430
0	81
3	21
53	21
0	964
0	742
0	777
0	929
2	86
2	11
10	18
0	18
0	120
0	133
0	170
5	69
0	164
0	0
0	160
0	154
0	146
0	153
0	123
0	151
0	157
0	159
0	149
22	0
36	0
0	25
23	25
28	0
0	14
757	74
35	74
3	0
5	0
2	9
8	9
85	16
1	16
1	0
17	6
18	3
0	3
4	0
51	0
0	535
1	404
0	169
11	449
3	482
0	149
0	6
91	1
18	0
2	0
3	0
1	0
2	0
104	0
1	0
22	2
5	279
4	279
2	22
0	2
15	0
1	0
3	0
4	68
34	118
8	50
3	0
73	0
3	2
0	13
40	15
6	586
212	586
145	152
0	62
15	152
9	100
4	0
23	182
2	516
37	516
5	0
2	0
3	0
103	0
2	0
0	219
0	197
0	197
0	219
1	0
626	0
298	0
6	0
0	87
54	87
551	21
1	21
10	0
108	53
1	53
96	0
1	0
125	0
2	117
0	121
2	118
0	122
3843	85
0	121
0	121
3	118
209	604
1	604
1	120
1	120
0	121
3	119
5	1
0	6
2	6
6	0
0	748
0	381
0	443
0	810
0	0
3	0
1	0
188	0
43	0
2	14
0	14
0	376
53	376
11	0
5	0
0	0
0	121
8	100
10	90
15	12
3	16
0	121
7	0
177	0
153	2
4	2
205	7
0	7
2	12
0	9
0	0
1	11
36	66
0	67
1	0
52	0
232	0
1	0
19	0
16	0
0	0
7	42
160	56
0	14
7	0
3	0
0	2
0	3
0	3
1	0
0	0
0	0
0	0
0	0
3	0
39	139
5	139
0	71
1	0
0	230
121	230
0	0
0	0
2	0
1	0
0	25
0	87
0	114
3	40
0	52
49	0
5	0
7	0
0	11
1	3
0	3
0	4
18	7
0	0
0	7
0	203
24	268
72	481
0	10
2	11
1	0
2	0
8	0
7	67
84	24
520	67
119	364
5	362
2	0
0	28
8	382
1	382
524	25
0	25
0	0
188	0
68	1
3	1
0	1
6	1
146	24
1	24
2	0
0	164
0	162
0	257
0	157
0	154
0	266
2	0
0	79
0	80
0	171
0	168
0	175
0	161
0	155
0	141
0	176
0	277
0	72
0	150
0	75
41	94
0	0
0	6
63	6
5	77
13	59
0	3
3	0
3	93
22	152
77	0
3	26
35	26
0	0
27	0
81	0
3	285
139	285
1	0
0	5
23	125
26	125
7	66
80	66
3	47
5	0
5	1
0	1
24	190
0	59
3	141
1	108
0	5
0	5
3	86
191	86
19	0
157	4
0	4
10	0
23	0
3	14
2	14
82	0
1	0
0	0
190	0
409	0
0	64
118	64
14	103
0	103
0	52
0	65
0	30
1	24
0	17
0	10
4	0
0	0
10	189
4	15
1	0
10	196
0	42
108	1700
107	1700
0	294
1	1184
1108	1478
90	2
2	2
65	2
5	69
7	69
247	0
6	0
3	0
0	284
0	284
0	3
2	67
0	65
719	70
0	2
9	0
38	0
4	0
5	0
7	14
0	14
15	0
138	0
0	25
1	25
4	0
4	0
10	176
5	176
9	117
5	138
23	138
1	89
1	291
1	208
10	234
0	17
4	151
0	12
2	0
14	53
82	98
6	98
10	0
4	0
163	0
7	515
273	515
0	0
0	0
0	0
5	704
0	851
7	604
5	0
3	27
769	0
12	239
2	27
0	213
2	0
4	0
6	119
0	119
8	0
17	4
12	4
4	0
9	0
1	6
1	6
0	11
253	239
0	238
24519	17666
11	92
15	17562
2	0
0	498
0	498
0	498
0	498
0	498
0	498
0	30
92	11
1	0
22	169
18	169
65	27
0	26
0	1
0	0
0	0
0	0
233	2
0	2
30	0
0	3
12	3
0	136
0	124
0	130
0	118
2	0
6	0
243	0
1	0
69	0
252	0
3	0
2	247
0	582
1	233
0	560
0	529
0	551
434	78
0	78
36	0
23	0
26	141
24	141
0	385
0	377
1	379
0	212
0	216
0	383
144	0
0	3
0	2
0	3
0	2
1	0
171	0
91	0
0	25
4	25
0	0
1	0
161	3
1	3
3	0
2	7
0	7
0	7
2	46
5	46
40	0
806	39
0	39
29	0
2	0
9	0
6	0
8	0
61	0
24	0
740	79
0	79
0	4
0	4
121	0
8	0
3	1
1	10
3	9
1	12
1	7
4	16
56	0
13	16
9	0
5	1
12	44
2	44
409	0
0	0
44	0
2	142
84	142
5	0
9	0
2	0
3	25
0	25
0	409
0	342
1	400
1	461
1	470
0	5
0	6
0	164
0	163
1	0
5	0
0	68
3	59
1	11
4	71
0	8
243	0
3	0
403	35
0	35
0	309
0	95
0	283
9	69
274	5
4	5
3	4
1	4
30	0
0	22
4	22
84	0
28	0
0	23
0	577
0	358
0	358
0	577
10	262
0	156
0	375
7	1
4	0
1	2
0	2
3	0
4	0
4	0
0	0
3	0
0	0
1	0
8	0
1	0
3	0
3	0
0	0
2	0
1	0
2	0
4	0
2	0
0	0
2	0
5	0
11	0
3	0
0	0
2	0
2	0
5	0
1	0
2	0
3	0
1	0
1	0
1	0
4	4
1	0
5	0
1	0
1	0
4	0
4	0
3	0
3	0
2	0
3	1
0	1
3	0
2	0
4	0
0	0
1	0
0	0
1	0
0	0
4	0
2	0
2	0
2	0
2	0
1	0
2	0
0	0
1	0
1	0
4	0
1	0
1	3
3	0
3	0
2	0
2	0
2	0
3	0
2	0
2	0
2	0
3	0
1	0
1	0
1	0
4	0
3	0
4	0
1	0
1	0
0	0
0	0
1	0
1	0
2	0
1	0
3	0
1	0
1	5
2	5
5	0
3	0
0	0
5	0
0	2
11	0
0	0
2	0
5	0
23	0
2	0
2	0
4	0
3	0
2	0
4	0
4	0
6	0
2	0
7	0
1	0
36	0
2	0
4	0
4	0
1	0
1	0
2	0
2	0
3	0
5	0
3	0
2	0
106	0
3	0
5	0
3	0
1	0
9	0
26	0
1	0
4	0
1	0
4	0
0	0
2	0
1	0
3	0
5	0
6	0
4	0
1	0
17	0
6	0
2	0
1	0
8	1
0	0
0	0
1	0
11	0
4	0
3	10
1	0
2	0
2	0
12	0
39	0
3	0
1	0
2	0
0	2
7	2
0	2
54	2
1	0
7	0
1	0
2	0
2	0
11	0
0	0
1	0
2	0
2	0
2	0
2	0
1	0
3	0
3	0
5	0
0	5
3	5
5	0
1	0
9	0
3	0
2	0
4	0
5	0
11	0
1	34
13	34
2	0
0	0
4	0
4	0
0	7
0	7
3	0
8	3
1	0
0	2
5	2
4	0
2	0
0	0
0	0
2	0
5	0
3	0
6	0
1	0
3	0
3	0
1	0
4	0
12	0
5	0
3	0
8	0
11	0
1	0
8	0
6	18
0	18
4	0
7	0
3	0
3	0
2	0
2	0
4	0
2	0
1	0
2	0
2	1
0	0
5	0
1	0
1	0
10	0
4	0
30	0
16	0
6	0
3	0
5	1
4	0
6	0
7	0
3	0
4	0
6	0
0	0
3	0
10	177
14	177
3	0
0	0
15	0
1	0
0	0
11	0
2	0
2	0
9	0
8	0
1	0
3	0
4	0
17	0
5	0
4	0
2	0
0	0
2	0
1	0
0	0
1	2
0	2
5	0
3	0
2	0
4	0
0	0
0	0
3	0
1	0
4	0
2	0
6	0
5	0
0	30
2	30
2	0
9	0
4	0
5	0
6	0
4	0
2	0
2	0
2	0
3	0
6	0
3	0
3	0
3	0
2	0
4	0
2	0
3	0
4	0
3	0
7	0
4	0
1	0
7	0
4	0
2	0
1	0
10	0
2	0
2	0
4	0
3	0
6	0
2	0
1	0
1	0
3	0
0	0
1	0
4	0
0	0
5	1
4	0
3	0
3	0
1	0
7	0
1	0
2	0
2	0
2	0
2	0
2	0
2	8
3	0
1	1
1	0
6	0
1	0
5	0
6	0
4	0
3	0
2	0
5	0
6	0
4	0
1	0
0	10
2	0
1	0
0	0
5	0
2	0
4	0
1	0
3	0
3	0
1	0
3	0
2	0
3	0
5	0
2	0
9	0
6	0
1	3
1	0
3	0
4	0
2	0
5	0
0	0
4	0
0	0
4	0
2	0
0	0
2	0
5	0
17	0
3	0
9	0
2	0
1	0
2	0
3	0
4	0
2	0
1	0
16	0
13	46
0	46
1	0
0	0
8	0
5	0
1	0
3	0
3	0
1	1
3	1
0	2
7	0
0	2
4	0
9	0
2	0
0	0
2	0
0	0
1	0
4	0
4	0
9	0
2	0
2	0
0	0
0	0
5	0
0	0
1	0
1	0
2	0
3	0
2	2
0	2
10	0
4	0
5	0
4	0
9	0
3	0
1	0
5	0
10	0
0	2
0	2
1	0
3	0
1	0
0	0
0	0
4	0
4	0
1	0
3	0
0	0
31	0
1	0
0	0
21	0
5	0
30	0
3	0
0	0
1	0
5	0
8	8
7	8
0	15
0	15
1	15
4	0
1	0
1	7
1	7
4	0
333	0
4	0
6	0
0	1
8	1
4	0
1	0
2	1
1	0
13	0
7	0
0	0
2	0
8	0
1	0
5	0
157	0
1	0
1	0
4	0
4	0
5	0
2	0
8	0
8	0
9	0
1	0
1	0
1	0
1	0
2	0
6	0
3	0
2	0
2	0
5	0
2	0
2	0
5	0
1	0
3	0
13	0
6	0
2	47
5	47
8	0
3	0
9	17
0	17
0	0
2	0
0	0
4	0
13	0
9	0
2	0
6	0
6	0
5	0
2	0
333	0
11	0
3	0
4	0
3	0
0	40
0	40
0	40
21	0
24	0
48	0
5	0
18	138
2	138
2	0
2	0
0	5
1	5
2	3
259	0
6	0
3	0
2	0
9	0
8	0
11	0
0	0
4	0
3	0
25	0
11	0
5	0
9	0
4	0
2	0
7	0
5	0
8	14
2	14
4	0
0	3
0	1
4	4
0	27
28	27
8	0
10	36
0	36
5	0
5	0
32	0
5	0
7	0
201	110
2	110
1	1
0	1
2	0
6	0
0	21
1	21
12	0
2	0
0	1
6	1
2	0
4	0
4	0
6	0
2	0
280	0
18	0
1	0
7	0
5	0
4	0
4	0
1	0
4	64
49	64
0	6
235	77
1	71
38	0
28	0
2	0
7	0
3	0
5	0
3	0
10	0
2	0
1	0
66	4
0	4
6	0
10	0
0	1
0	1
7	0
3	0
4	0
0	10
50	87
19	77
19	0
87	2
4	0
4	0
32	0
0	5
28	5
36	0
46	0
27	0
0	0
9	0
170	0
2	52
41	55
1	3
36	0
24	0
13	0
1	0
13	0
0	0
0	0
7	0
7	0
4	0
131	0
3	0
114	2
0	2
32	0
78	0
3	1
1	1
3	0
2	0
4	0
2	12
0	12
16	0
2	0
5	0
24	1
6	0
727	45
0	45
1	17
170	83
0	82
0	1
13	0
0	0
1	0
0	24
4	24
0	0
0	12
0	12
0	12
0	12
4	2
0	2
3	30
3	30
0	0
7	0
7	0
0	0
2	0
47	83
0	83
2	0
9	0
5	1
0	1
2	0
0	27
0	27
5	0
8	0
1	0
5	0
11	3
2	3
18	0
18	0
6	0
1	0
234	0
0	0
7	2
0	2
2	0
12	0
7	0
3	0
2	1
2	1
1	4
4	4
0	0
0	0
0	0
31	0
31	0
1	0
3	0
70	0
9	0
3	0
17	0
7	0
2	0
0	0
3	0
0	5
2	5
2	0
0	7
6	7
11	0
5	0
1	0
4	0
2	0
1	0
3	1
0	1
2	1
4	1
7	0
5	0
2	0
12	0
4	0
3	0
3	0
2	0
8	0
1	0
16	0
1	0
6	0
3	0
0	0
3	0
0	0
4	0
0	0
5	0
19	0
6	0
9	0
2	0
3	0
0	0
1	0
2	0
3	0
2	0
4	0
39	0
9	0
4	0
2	0
0	0
8	0
2	0
5	0
0	0
6	0
4	0
3	0
4	0
9	3
8	0
4	0
3	0
3	0
3	0
10	0
4	0
1	0
7	0
4	0
5	0
5	0
3	0
2	0
4	0
1	0
0	0
0	0
2	0
8	0
2	0
0	0
1	0
1	0
1	0
89	0
3	0
4	0
7	0
4	0
3	0
4	0
4	0
5	0
2	0
2	0
2	0
8	0
4	0
4	0
4	0
5	0
3	0
5	0
1	0
1	0
5	0
5	0
11	0
2	0
4	0
43	0
4	0
2	1
0	1
8	0
2	0
0	0
1	0
0	0
3	4
1	4
4	0
0	1
9	1
35	0
25	0
9	0
7	0
0	0
1	0
0	0
0	50
0	58
29	58
10	0
4	0
4	0
2	0
1	0
5	0
11	0
1	0
4	0
1	0
9	0
14	23
3	23
1	9
4	9
12	0
0	0
29	0
3	0
0	0
1	0
0	11
3	11
3	0
4	0
4300	1
5	0
6	0
6	0
5	0
2	16
2	16
12	0
7	0
2	0
0	0
19	0
1	0
8	0
3	0
6	0
1	0
0	10
7	10
4	0
1	0
1	2
1	2
3	0
6	0
5	0
58	1
1	1
0	4
4	0
5	0
1	0
2	0
2	0
1	3
2	2
1	1
9	0
0	13
71	13
3	0
1	0
2	0
33	13
6	13
0	0
16	0
149	0
7	0
1	0
1	0
8	0
4	0
0	0
4	0
4	0
12	0
0	1
1	1
9	1
6	1
1	0
2	0
5	0
2	0
1	0
3	0
8	0
6	0
2	0
2	0
2	0
4	0
11	0
12	0
0	0
10	0
107	8
1	8
0	0
5	0
2	0
0	0
2	7
16	7
112	0
3	0
20	0
4	1
11	0
0	0
0	1
0	0
1	0
5	0
4	0
6	0
2	0
13	6
90	6
3	0
2	0
5	0
1	0
0	0
0	0
3	0
3	0
1	0
1	0
217	3
0	3
2	0
3	0
8	1
4	0
2	0
1	0
8	2
1	2
12	0
1	0
3	0
5	0
1	0
2	0
1	0
2	0
10	0
2	0
6	0
4	0
6	0
2	0
3	0
2	0
1	0
24	0
52	0
4	0
36	1
1	64
117	64
34	0
6	0
2	0
8	0
10	0
3	0
4	0
0	0
1	0
4	0
3	0
3	0
0	0
0	4
6	4
3	0
0	1
6	1
0	0
7	0
6	0
0	0
29	0
0	0
3	0
5	0
2	0
1	0
3	0
4	0
1	0
5	0
5	1
1	0
0	0
9	0
18	0
1	0
2	0
4	0
5	0
8	0
3	0
2	9
5	9
2	2
1	2
0	0
2	0
1	0
2	0
2	4
0	0
4	0
2	0
5	0
5	0
10	0
4	0
5	0
3	0
58	0
4	0
5	0
2	0
1	0
6	0
2	0
0	0
11	0
0	0
6	0
2	0
80	0
2	0
19	0
9	0
6	0
4	0
3	10
0	10
11	3
1	0
4	0
1	0
2	0
4	0
2	0
0	0
1	0
3	0
4	0
3	0
3	0
14	0
17	0
5	0
4	0
3	0
1	0
1	0
5	2
1	17
7	15
7	0
12	0
5	0
0	0
5	0
11	0
13	13
2	13
13	0
12	0
0	0
4	0
1	0
2	0
12	0
7	0
1	0
0	0
12	0
2	0
3	0
5	0
3	0
2	0
4	0
5	4
1	6
3	6
0	6
0	140
0	141
55	0
153	202
0	202
5	42
3	42
78	69
0	68
0	69
0	1
0	1
1	0
57	0
9	0
3	0
10	0
1	0
0	207
47	289
2	82
5	0
231	0
28	0
29	0
2	0
1	0
143	0
47	0
7	0
5	0
4	25
2	2
0	25
23	0
8	0
101	0
6	1868
18	1077
1018	1931
22	986
7	1094
3	7
2	7
9	7
0	2
2	2
98	0
28	0
12	0
5	7
0	7
2	0
5	1
10	1
95	0
5	0
4	0
2	0
5	0
3	0
3	27
1	27
2	0
0	0
8	2
5	0
2	1
103	6
94	0
2	6
5	0
3	7
94	0
146	0
50	0
9	0
0	0
10	0
3	22
2	22
20	0
4	0
16	0
0	2
5	2
0	0
172	0
4	1
6	1
0	0
0	0
167	0
29	0
5	0
0	34
6	87
2	50
5	135
0	8
1	17
42	25
11	8
41	155
0	60
8	34
10	98
2	68
2	1
0	1
9	0
19	0
0	0
1	0
272	0
246	0
3	0
22	1
48	2
26	0
0	1
2	114
451	114
6	0
2	0
356	0
2	0
40	0
6	0
39	6
11	0
228	0
0	3
101	3
0	0
0	27
3	27
17	0
253	0
6	12
19	12
2	0
0	0
5	0
2	4
0	4
7	0
254	10
22	11
1	0
0	0
6	0
1	7
1	7
10	0
10	0
4	0
1	85
119	229
0	144
0	2
7	2
0	3
4	3
27	34
2	34
2	36
0	36
294	0
148	35
1	35
0	16
10	16
12	25
2	25
12	0
22	56
4	56
40	0
5	0
4	102
0	102
91	0
74	0
16	0
1	0
91	15
0	15
0	3
3	3
1	0
0	4680
0	4681
0	4680
0	4680
4	4681
0	4680
0	4623
0	4625
0	4681
1	4625
0	4681
0	4680
2	4617
0	4680
0	4681
0	4681
0	4680
0	4680
2	4621
0	4681
0	4622
0	4681
0	4680
5	0
27	152
65	158
110	154
78	0
55	0
88	0
1	0
26	0
7	0
6	0
33	0
0	4
17	4
7	0
3	0
3	0
33	0
12	0
80	0
0	47
4	47
39	2
0	2
27	0
15	0
22	0
3	0
2	0
2	1
3	1
11	0
3	0
28	9
177	9
6	57
18	57
1	3
152	0
11	0
0	0
148	0
47	15
0	15
4	0
0	1
25	5
4	0
1	3
3	12
0	17
0	25
3	17
15	4
0	17
0	0
0	1
0	1
30	0
3	0
5	0
6	0
0	0
12	0
1	0
4	0
5	0
76	0
5	0
12	0
5	0
13	82
0	82
13	0
3	0
1	0
24	0
5	0
243	125
0	125
0	0
3	0
2	0
3	0
0	0
106	0
50	0
32	0
3	0
0	0
0	0
17	0
4	41
1	41
1	0
14	2
2	0
1	0
15	0
12	0
3	0
1	0
6	0
7	31
0	31
25	154
196	154
2	0
2	0
7	0
7	0
1	0
313	0
18	0
0	7
0	7
16	9
0	9
0	0
0	0
4	0
15	0
2	0
3	0
2	0
2	0
19	0
2	0
3	0
14	0
1	0
1	22
0	21
4	0
2	23
31	23
5	0
5	0
2	0
3	0
2	0
1	0
1	0
7	15
0	15
18	1
0	1
1	0
65	0
243	0
4	0
3	0
4	0
26	0
10	0
38	0
0	7
7	6
24	1
3	0
6	0
0	0
0	116
1	116
121	0
48	0
1	0
34	0
7	0
8	3
0	0
0	0
4	0
3	4
6	0
2	0
7	0
116	0
2	0
1107	676
15	676
10	0
4	0
0	0
3	0
1	9
2	101
11	110
0	77
2	32
0	32
9	0
3	0
0	0
2	0
9	0
2	0
3	0
0	0
0	0
146	75
2	75
4	0
2	0
13	0
9	0
1	1
2	1
6	0
13	2
13	3
1283	100
0	100
1	0
5	0
1	0
2	0
2	1
0	1
0	0
41	0
21	0
6	0
20	458
8	458
4	0
17	0
6	0
3	23
31	23
8	0
16	0
4	0
1	0
3	0
5	0
2	0
7	9
0	9
1	0
0	0
0	7
0	7
0	0
10	0
8	0
1	0
4	0
4	0
2	0
4	0
3	0
10	0
0	1
1	1
12	0
6	0
0	0
4	0
4	0
2	0
6	0
102	0
43	0
1	0
0	0
2	0
5	0
5	0
0	0
6	0
2	0
2	0
2	9
2	9
2	81
61	81
18	0
7	0
6	28
21	28
1	0
2	0
4	0
2	0
0	0
1	4
6	0
3	0
1	0
8	0
4	0
1	3
1	3
1	0
1	0
0	2
4	2
3	0
7	0
3	0
7	0
1	0
0	0
1	5
3	5
4	0
3	0
1	0
4	0
2	1
3	1
1	4
0	0
9	1
1	1
22	0
6	0
80	49
2	49
7	0
0	0
0	0
1	0
2	0
2	0
3	0
0	28
10	65
0	37
4	2
4	2
11	0
2	0
1	0
0	0
0	0
3	6
0	6
6	0
24	0
0	0
4	0
3	0
40	0
13	0
2	0
1	0
1	0
6	0
0	6
9	1
4	0
53	1
1	0
2	22
6	0
6	2
4	0
3	0
10	0
1	0
1	26
1	26
6	5
2	5
3	0
2	0
0	5
4	5
2	0
0	0
0	0
7	0
3	1
1	1
2	0
0	0
37	0
5	3
24	4
15	0
1	0
2	0
1	0
2	0
9	0
8	0
1	0
0	0
2	0
2	0
5	0
3	0
3	0
8	0
3	0
4	0
5	0
5	0
2	0
4	0
1	0
1	0
4	0
5	0
1	0
12	0
2	0
0	0
7	0
1	0
3	0
10	0
4	0
1	0
2	0
0	0
6	0
0	0
8	0
3	1
6	0
2	0
4	0
0	0
4	0
0	0
3	0
6	0
4	0
2	0
3	0
4	0
7	0
2	0
5	0
8	1
5	0
1	0
0	0
3	0
2	0
6	0
2	0
2	0
1	0
3	0
3	0
2	0
4	0
3	0
3	0
3	0
2	0
4	0
1	0
2	0
0	0
9	0
2	0
0	0
2	0
3	0
6	0
1	0
7	0
3	0
5	0
3	0
1	0
4	0
2	0
3	0
0	0
1	0
3	0
2	0
4	0
2	0
5	0
13	0
3	0
1	0
5	0
3	1
1	1
0	0
0	0
3	0
3	0
4	0
0	0
9	1
2	0
2	3
3	0
4	0
5	0
19	0
0	0
0	0
3	0
2	0
1	0
9	0
1	0
0	0
9	0
7	0
0	0
3	0
8	0
2	0
4	0
7	0
2	0
2	0
9	0
2	0
3	0
3	0
0	0
3	0
2	0
1	0
5	0
8	0
85	0
4	0
5	0
0	0
2	0
7	1
6	0
7	0
0	0
2	0
3	0
1	0
12	0
4	0
7	0
3	0
1	0
2	0
7	3
2	3
8	0
3	0
6	0
4	0
3	0
13	0
3	0
4	0
1	0
2	0
3	3
4	3
0	0
0	0
0	0
6	0
2	0
3	0
3	0
3	0
3	0
5	0
1	1
0	1
4	0
0	0
7	0
8	0
1	0
1	0
2	0
7	0
10	0
6	0
2	0
2	0
10	0
4	0
11	0
3	0
1	0
12	0
1	0
5	0
2	1
21	0
4	0
5	0
1	0
2	0
3	0
4	0
4	0
0	0
0	0
2	0
11	2
2	0
5	0
5	0
9	0
0	0
2	0
1	0
2	1
1	1
3	0
1	0
3	0
18	0
2	0
1	0
12	0
1	0
1	0
4	0
6	0
7	0
5	0
2	0
1	0
2	0
18	0
2	0
2	0
4	0
6	0
74	0
5	0
4	0
2	0
2	0
11	0
3	0
1	0
12	0
13	0
1	0
3	0
6	0
1	0
3	0
3	0
3	0
1	0
0	0
2	0
3	0
5	0
7	0
2	0
15	0
5	0
13	0
2	0
13	0
2	0
0	0
0	0
0	0
4	0
7	0
10	0
1	0
2	0
4	0
0	0
7	0
2	0
8	0
1	0
5	0
10	0
6	0
2	0
2	0
1	0
1	0
3	0
3	0
4	0
3	0
3	0
7	0
5	0
3	0
3	0
2	8
1	8
16	0
6	0
4	0
1	0
6	0
2	0
4	0
5	0
3	0
3	0
4	0
4	0
0	0
5	0
4	0
19	0
3	0
7	0
1	0
12	0
13	0
3	0
0	0
1	0
3	0
0	0
3	0
35	0
0	1
0	1
5	0
8	0
13	0
2	0
2	0
31	0
2	0
3	0
9	0
7	0
1	0
6	0
1	0
5	47
5	47
4	0
4	0
1	0
5	0
1	0
2	2
0	2
38	0
6	0
37	2
0	1
7	0
14	0
1	0
3	0
8	0
1	0
10	0
8	0
3	0
2	0
0	0
4	0
3	0
8	0
2	0
5	0
0	2
3	2
2	0
0	0
5	0
10	0
0	3
1	3
3	0
1	0
0	0
254	0
1	0
2	0
1	0
2	0
3	0
4	0
2	0
5	0
1	0
3	0
2	0
3	0
483	4
223	0
11	0
2	0
1	0
4	0
1	0
3	0
2	0
3	0
225	619
463	619
4	0
1	0
2	0
20	0
1	0
1	0
1	0
18	0
0	0
2	0
4	0
1	0
0	0
1	44789
0	44789
4	0
3	0
6	0
10	0
1	0
4	0
3	0
4	0
3	0
4	0
4	0
7	0
10	0
2	0
2	0
6	0
5	0
5	0
2	0
13	0
16	0
4	0
4	0
27	0
2	0
4	0
6	0
10	0
5	0
0	0
1	0
19	0
7	0
6	1
4	0
2	0
6	0
0	0
6	0
2	0
1	0
7	0
2	0
3	0
1	0
13	0
3	0
7	0
14	0
3	0
5	0
1	1
0	1
1	0
8	0
1	0
4	0
1	0
5	0
12	0
2	0
1	0
2	0
3	0
1	0
4	0
1	0
2	0
0	0
3	0
5	0
2	0
16	0
11	0
1	0
1	0
3	0
1	0
0	0
1	0
2	0
2	0
3	0
2	0
1	0
3	0
3	0
8	0
3	0
3	0
2	0
5	0
1	0
3	0
0	0
2	0
3	0
2	0
2	0
3	0
6	0
3	2
2	0
1	0
19	0
1	0
4	0
1	0
1	0
2	0
1	0
4	0
3	0
3	0
2	0
5	0
4	0
4	0
2	0
4	0
16	0
4	0
1	0
3	0
1	0
1	0
0	0
2	0
12	0
4	0
1	0
1	0
1	0
3	0
1	0
3	0
0	0
6	4
1	0
6	1
2	1
1	0
6	0
6	0
2	0
3	0
0	1
1	1
2	0
1	0
0	0
6	0
21	0
3	0
1	0
2	0
7	0
0	0
1	0
3	0
5	0
1	0
9	0
4	0
4	1
1	0
2	0
5	0
1	0
7	0
2	0
2	0
3	0
5	0
3	0
3	0
3	0
2	0
0	0
7	0
4	0
1	0
6	0
3	0
2	0
5	0
0	0
2	0
3	0
3	0
3	0
1	0
3	0
3	0
1	0
7	0
4	0
1	0
4	0
2	0
2	0
3	0
3	0
45	0
1	1
8	0
3	0
2	0
32	2
2	0
8	0
0	0
2	0
10	0
3	0
179	0
9	1
2	0
1	0
0	2
1	2
5	0
2	0
4	0
2	0
2	0
4	2
1	0
4	0
1	0
3	0
1	0
4	0
1	0
4	0
2	0
1	0
12	0
1	0
8	0
1	0
3	0
0	0
3	0
9	0
2	0
4	0
3	0
4	0
2	0
4	0
3	0
1	0
3	0
1	2
4	0
8	1
3	0
3	0
0	0
2	0
5	0
4	0
4	0
1	0
4	2
2	2
3	0
1	0
5	0
1	0
3	0
2	1
2	0
2	0
2	0
10	0
3	0
1	0
7	0
1	0
1	0
12	0
3	0
1	0
16	0
3	0
0	0
5	0
4	0
0	0
48	58
0	58
5	0
1	0
2	0
2	0
6	0
3	0
3	0
4	0
6	0
0	0
3	0
3	0
5	202
19	202
1	0
0	2
0	2
37	154
35	420
37	266
90	0
121	0
0	287
0	262
0	66
0	166
0	187
0	362
3	1
0	497
27	475
0	250
1	543
0	268
120	0
4	0
3	0
119	1
0	1
250	0
27	0
13	0
0	0
1	2
7	15
31	209
4	101
8	209
2	0
0	361
0	429
0	403
3	90
1	8
4	90
0	335
24	0
0	978
0	978
0	922
0	181
0	922
0	181
1	0
3	0
21	0
0	25
0	20
0	68
0	73
7	0
0	2
7	0
0	1
79	1
1	58
5	58
0	56
0	388
0	361
5	1
12	4
1	0
2	0
0	48
3	1
1	144
0	329
0	341
0	167
0	81
0	415
0	427
5	0
1	0
0	0
125	0
62	8
21	8
0	142
0	137
0	142
0	0
2	4
0	15
0	1
0	13
0	7
0	5
47	0
13	1
2	1
248	0
347	7
3	7
2	127
0	2
205	129
0	38
7	38
0	4
33	63
23	59
50	0
0	0
0	26
0	142
0	145
0	142
0	29
0	139
3	3
0	3
145	56
3	56
6	1
3	17
20	107
10	107
0	2
3	0
216	0
577	0
5	0
8	0
34	0
0	13
18	13
101	0
0	59
12	152
2	124
17	136
16	182
4	99
4	182
651	30
22	0
4	0
6	0
138	0
3	15
131	15
85	0
0	6
16	6
5	262
8	262
12	0
1	0
0	0
3	0
2	200
1	19
0	179
3	6
26	187
2	134
59	0
134	0
285	1
0	7
6	8
17	14
0	0
0	1
0	8
0	2
0	2
2	4
0	4
24	31
0	31
0	29
228	29
316	0
0	655
0	747
0	673
0	765
6	0
4	0
0	516
0	196
0	221
0	541
2	0
1	0
6	0
45	1
0	683
1	483
0	207
1	9
0	205
0	685
0	1
0	66
252	66
8	0
91	0
129	0
0	2108
2	1680
66	6104
2119	8212
110	1
0	1
10	0
0	18
2	18
3	7
0	7
3	82
5	82
50	1
2	1
0	6
1286	443
23	438
794	630
0	574
0	56
4	0
21	0
12	0
9	6
6	0
9	0
29	64
2	5
3	60
0	37
1	0
1	8
10	8
18	27
10	1
0	14
0	27
13	0
2	0
0	40
0	710
0	673
7	694
293	0
42	0
135	0
0	78
284	78
3	0
42	0
3	19
26	19
23	0
6	144
7	144
1	0
1	4
6	4
8	1
1	4
1	1
0	1
1745	0
3	501
1	501
2	501
6	501
19	232
7	4
0	490
4	501
1	0
0	0
0	88
4	110
36	130
2	130
39	130
113	130
3	120
23	120
0	572
3	147
0	544
0	597
1	205
0	519
4	0
17	0
30	326
8	247
28	326
2	140
0	4
1	55
3	269
1	127
0	196
0	498
0	275
0	419
3	0
1	0
3	1
0	87
13	205
22	205
1	0
1	0
1	19
210	19
496	0
349	0
28	0
43	16
0	58
65	430
4	414
3	0
22	0
9	0
3	0
0	90
0	90
0	88
0	88
3	123
5	123
18	0
58	0
98	0
1	0
0	0
3	185
391	185
162	0
0	3
175	2
9	5
8	38
3	37
0	215
0	228
0	232
0	211
2	67
0	212
0	229
118	0
11	317
27	317
3	4
15	226
4	105
19	226
15	0
2	2
476	0
496	2
252	2
11	0
2	21
1	18
0	21
15	106
32	1002
109	1002
11	0
7	18
0	18
0	13
56	0
239	2
7	2
16	0
5	4
0	11
201	300
3	7
0	301
6	0
252	0
396	0
96	1
194	0
0	0
0	0
1	0
88	0
227	2298
33	2298
192	0
163	0
2	0
0	7
5	7
0	317
0	126
14	55
2	372
2	358
0	437
0	4
3	4
9	0
1	89
217	89
0	152
2	167
0	195
0	214
0	121
0	244
0	225
0	1
23	0
58	0
0	206
0	53
13	35
0	39
0	18
0	235
8	23
40	0
10	0
0	402
0	384
0	384
0	402
6	0
2	437
7	320
0	5
0	512
0	320
19	0
340	72
3	0
14	72
2	68
220	68
514	0
81	714
155	714
37	674
2	0
16	0
5	1
10	1
1	15
7	7
40	15
7	9
2	2
48	150
9	150
0	3
361	3
22	3
1	0
7	0
1	4
11	4
8	3
0	3
14	4
55	0
96	0
232	0
0	121
127	121
0	0
1513	0
305	23
5	23
4	0
2	0
20	0
64	0
1	0
0	58
42	60
0	1
1234	1
100	0
6	0
7	0
1	5
6	4
30	0
6	42
3	549
122	546
61	3704
704	3704
77	0
6	0
6	0
18	1
508	0
49	0
0	0
6	7
676	7
131	128
3	128
6	3
0	483
0	590
0	552
0	521
0	529
0	598
3	0
1	0
11	2
2	2
71	0
110	1
6	0
2	0
12	0
5	0
5117	1
7	0
3	0
8	0
2	0
5	0
7	0
4	0
0	0
2	0
3	0
3	0
6	0
2	0
6	0
3	0
1	0
2	0
1	0
2	0
1	0
0	0
5	0
3	0
2	2
7	0
3	0
2	0
3	0
1	0
3	0
7	0
1	0
6	0
0	0
1	0
4	0
2	0
3	0
2	0
0	0
1	0
2	0
0	0
2	0
4	0
1	0
2	0
1	0
2	0
4	0
0	0
4	0
7	1
2	0
1	0
4	0
1	0
3	0
2	0
2	0
4	0
3	0
0	0
1	0
3	0
2	0
3	0
5	0
1	0
2	0
3	0
2	0
2	0
4	0
5	0
3	0
3	0
2	0
1	0
0	0
3	0
4	0
1	0
4	0
4	0
4	0
3	0
2	0
13	0
5	0
1	0
2	0
13	0
3	0
9	0
2	0
2	0
3	8
4	0
2	0
7	0
2	0
2	0
1	0
7	0
5	0
3	0
5	0
1	0
2	0
1	0
1	0
4	0
3	1
4	0
4	0
6	0
80	0
276	0
2	0
3	0
3	0
0	2
1	2
6	7
3	0
2	0
5	2
0	2
1	68
8	97
9	95
1	0
9	0
8	0
4	0
1	0
6	1
6	0
19	0
0	0
3	0
8	0
3	4
2	4
6	0
6	0
4	0
5	0
7	0
1	16
3	16
8	0
2	0
0	0
2	0
2	0
2	0
4	0
1	0
8	153
23	153
3	0
34	0
0	0
0	0
3	0
1	0
6	0
3	0
0	22
21	22
1	5
2	5
2	0
12	0
1	7
2	1
17	1
31	8
7	0
5	0
1	0
3	0
3	0
2	0
2	20
6	7
4	30
6	30
2	20
0	0
1	0
2	0
1	0
1	0
1	2
2	2
5	0
2	0
17	135
0	135
0	58
9	58
5	1
0	1
3	0
1	0
13	0
3	0
2	0
1	0
26	0
15	0
4	0
5	0
436	0
1	23
6	23
37	0
9	0
0	0
2	0
3	0
6	0
4	0
6	0
68	35
0	35
2	18
3	18
3	0
1	1
0	1
9	0
0	0
0	0
18	10
6	0
861	0
20	0
8	0
3	0
3	0
3	0
20	0
13	0
30	0
90	0
14	0
3	0
7	0
13	0
4	0
10	0
0	0
4	0
9	0
4	0
7	0
0	0
4	0
3	0
1	0
2	0
74	0
22	0
1	17
1	17
18	0
13	8
0	8
15	0
5	0
3	0
3	5
1	5
8	0
4	0
1	0
2	0
10	0
2	0
2	0
2	0
2	0
8	0
3	0
3	0
14	0
3	0
2	0
7	0
2	0
108	0
39	0
49	0
54	0
4	0
11	0
12	0
0	0
11	0
11	0
4	0
1	4
0	3
1	0
1	0
3	0
5	0
0	0
1	0
2	0
1	0
5	0
3	0
4	0
2	0
0	0
5	0
2	1
2	0
3	0
4	0
3	0
2	0
4	0
1	0
6	0
5	3
3	0
5	0
2	0
2	0
3	0
1	0
5	0
4	0
0	0
2	0
3	0
3	0
10	0
3	1
0	0
3	0
2	0
4	0
3	0
2	0
2	0
5	0
2	0
4	0
8	2
2	0
2	0
5	0
5	0
2	0
2	0
2	0
3	0
1	0
2	0
3	0
3	0
2	0
3	0
2	0
1	0
1	1
3	0
3	0
2	2
3	0
0	2
3	2
3	0
1	0
6	0
2	0
5	0
1	0
2	0
1	0
4	0
0	0
4	0
2	0
3	0
4	0
2	0
2	0
4	0
3	0
5	0
1	0
3	0
2	0
1	0
2	0
2	0
2	0
3	0
3	0
0	68
3	68
3	0
3	0
4	0
2	0
18	1
0	1
8	0
27	0
8	0
5	0
1	0
1	0
2	0
0	23
1	35
2	12
2	0
3	0
126	1
6	0
6	0
2	0
135	0
3	0
7	0
0	0
2	3
91	3
0	0
2	0
0	0
4	0
5	0
10	0
1	0
1	0
5	1
0	1
0	1
0	1
19	0
3	0
2	0
3	0
6	0
3	0
10	0
6	0
5	0
4	0
6	0
14	2
1	0
3	0
6	0
1	0
7	0
4	0
1	0
0	0
0	0
10	0
0	8
6	48
1	40
6	0
115	0
2	0
7	0
4	0
1	0
24	7
5	0
5	0
3	0
25	97
0	97
18	0
7	39
3	39
14	2
3	11
2	0
6	0
4	0
9	0
18	0
4	0
4	0
1	99
1	108
0	108
46	0
9	0
2	0
1	0
12	0
10	0
1	2
0	2
0	0
3	3
0	3
1	0
1	0
7	0
5	0
3	0
12	3
11	0
1	0
13	0
1	0
24	0
1	6
0	0
188	0
5	4
1	3
3	3
1	0
5	0
6	0
45	0
27	0
4	0
2	1
16	0
16	0
13	0
6	0
2	0
3	0
1	1
1	1
139	0
3	0
3	0
25	521
8	521
5	3
0	0
0	3
4	0
10	1
5	0
6	0
1	0
42	0
38	63
1	63
77	29
0	29
238	17
2	17
0	71
149	71
2	0
0	1
2	1
3	0
0	0
9	0
6	0
3	0
4	0
5	0
2	0
5	0
8	0
1	0
1	0
7	0
2	0
24	0
40	0
6	0
5	0
12	0
0	1
2	8
25	8
2	2
3	0
1	0
0	0
8	0
0	0
4	0
8	0
62	130
0	88
0	80
0	42
0	26
3	24
0	24
0	1
40	1
26	0
45	0
67	0
10	0
1	0
25	1
3	0
0	0
0	1
6	1
16	0
5	1
0	74
0	104
0	79
0	109
11	0
52	42
5	42
11	15
2	15
13	0
10	0
17	0
6	4
1	6
0	6
68	0
3	0
9	0
72	0
4	2
0	2
29	1
42	0
13	0
678	0
2	9
20	9
0	50
0	50
11	0
4	0
1	0
74	31
21	31
1742	0
24	3
0	3
1	7
0	7
16	0
0	24
102	24
32	0
145	0
2	0
6	4
1	4
7	0
0	0
1	0
8	313
20	313
470	315
6	315
15	0
672	403
6	403
26	239
110	239
5	0
8	0
2	0
0	16
60	16
1	0
64	226
7	226
0	0
5	14
22	14
1	0
135	0
3	2
227	0
0	52
3	205
10	322
1	37
16	318
4	0
18	2
1	0
28	0
22	0
0	7
10	7
5	0
7	0
0	24
8	38
3	40
1	0
2	0
2	0
11	0
3	0
12	2
4	1
3	0
0	0
6	0
7	0
2	0
3	0
288	41
0	41
14	3
11	0
165	0
2	0
3418	0
58	1
2	0
17	1
83	1
1	0
4	0
3	418
0	343
0	423
0	403
0	398
0	323
0	186
116	186
2	0
3	0
4	6
0	6
3	2
1	12
26	12
1	0
3	7
470	0
6	0
3	0
0	0
29	0
0	167
2	167
106	204
33	26
25	179
0	0
0	0
1	0
38	871
211	1029
1	158
140	46
0	46
2	46
42	512
3	512
55	45
1	45
21	0
7	0
3	0
0	11
12	265
6	265
148	0
30	0
1	144
21	96
6	141
17	3
1	3
15	0
257	0
2	1
56	1
16	0
228	0
6	79
1	79
9	74
0	74
0	60
10	60
59	1
13	0
0	0
8	0
1	0
2	0
0	6
3	6
2	6
5	0
0	0
22	0
8	0
7	0
2	0
20	0
1	0
0	0
14	462
1	462
2	0
66	344
11	344
5	13
0	13
12	2
3	0
48	1
249	0
2	44
38	45
7	0
0	0
125	0
4	0
0	13
39	23
0	10
0	0
2	0
4	0
3	0
76	0
1	0
0	0
12	0
1	0
1	0
3	0
3	0
4	0
2	0
1	0
1	0
6	0
2	0
1	0
4	0
2	0
7	0
3	0
2	1
0	0
2	0
3	0
0	0
7	0
3	0
6	0
6	0
1	0
0	0
1	0
1	0
4	0
3	0
7	0
11	0
6	0
12	0
18	0
7	0
4	0
6	0
3	0
10	0
4	0
1	0
3	0
5	0
1	0
20	0
5	0
18	0
5	0
17	0
0	3
2	3
1	0
0	0
1	0
3	0
3	0
3	0
3	0
18	0
2	0
0	0
3	0
33	0
3	0
7	0
4	0
2	0
0	0
4	0
0	0
1	0
1	0
5	0
11	0
1	1
0	1
4	0
0	0
3	0
4	6
12	0
2	0
5	0
3	0
1	0
2	2
6	2
1	2
0	0
0	0
0	0
195	0
157	1
4	0
8	0
4	36
0	36
14	8
5	0
2	0
3	0
2	0
3	0
6	0
0	0
6	0
12	0
6	0
2	1
4	1
10	0
0	0
3	0
3	0
2	0
6	0
0	0
1	0
2	0
2	0
0	0
1	9
0	9
6	0
2	0
139	0
5	0
9	0
1	0
97	0
7	0
0	0
1	0
1	0
1	0
5	0
6	0
8	0
4	18
7	0
20	18
2	0
0	0
1	0
2	0
7	0
1	0
2	0
1	0
2	0
3	0
2	0
2	0
15	0
5	0
2	0
1	0
2	0
8	0
11	0
4	0
5	0
4	0
0	2
0	2
2	0
1	0
6	0
1	0
5	0
4	3
2	3
144	91
0	91
264	0
2	0
6	0
4	0
1	0
3	0
2	0
1	0
1	0
4	0
6	0
29	0
4	0
10	0
4	0
3	0
8	0
1	1
0	0
10	0
0	0
3	10
21	39
15	29
4	0
1	1
2	1
17	0
2	0
7	0
2	0
10	0
2	1
5	0
1	0
2	0
53	0
3	0
2	0
3	0
0	0
0	0
7	0
1	0
8	0
5	0
11	0
14	0
10	0
5	0
0	0
44	1
39	0
4	0
2	0
6	0
7	0
6	0
0	0
3	0
9	0
7	0
3	0
4	0
1	0
2	0
3	0
4	0
16	0
1	0
2	0
4	0
10	0
1	0
4	0
0	8
0	8
0	0
1	0
1	0
4	0
4	0
3	0
6	0
11	0
1	0
1	0
41	0
2	0
1	0
6	0
17	0
3	0
1	0
2	0
34	0
2	0
3	0
6	0
2	0
6	0
2	0
3	0
2	0
4	0
3	0
8	0
4	0
1	0
4	0
2	0
5	0
0	0
0	0
13	0
8	0
1	0
1	0
1	0
4	0
1	0
2	0
6	0
3	0
3	0
3	0
45	0
0	0
25	0
1	0
2	0
2	0
3	0
284	0
24	0
5	0
2	0
9	0
4	0
11	0
1	0
2	0
1	0
3	0
0	0
4	0
26	0
5	0
1	0
5	0
1	9
0	9
0	10
1	0
7	0
1	0
65	0
4	0
5	0
0	7
5	7
5	0
19	0
3	0
6	0
1	0
3	0
5	0
0	0
2	2
2	2
2	0
2	0
2	0
0	0
5	0
3	0
4	0
3	0
0	0
2	0
2	0
0	0
1	0
2	0
2	0
2	3
2	3
3	0
3	0
0	0
19	0
2	0
2	0
1	0
2	0
4	0
30	0
54	4
0	4
0	0
13	4
4	0
5	0
1	0
0	10
2	10
3	0
5	0
11	0
2	0
2	0
1	0
2	0
3	0
3	0
7	0
4	0
39	0
0	0
2	1
0	1
0	0
0	363
2	194
0	903
0	313
0	378
0	918
12	546
10	1408
129	1954
49	0
8	15
4	15
45	104
7	104
38	0
3	75
97	75
0	28
738	28
5	270
72	270
3	0
9	0
7	11
0	11
0	0
6	17
187	17
2	0
3	0
0	555
0	538
0	536
0	519
0	554
0	6
0	537
251	1355
0	18
0	1669
21	274
0	1324
93	1265
2	1538
0	1193
15	0
192	0
43	0
42	0
53	391
449	391
24	0
3	0
4	0
6	0
9	0
30	0
0	259
0	170
0	169
0	251
0	252
0	252
0	258
0	68
0	69
0	176
0	177
0	259
0	258
0	251
11	0
9	0
0	24
5	2
43	22
3	136
167	136
175	0
0	246
0	258
0	259
0	245
32	506
5	506
2	22
7	0
1	0
14	0
2	45
0	45
202	0
224	0
29	0
200	0
1735	96
0	37
0	59
1	153
9	346
4	31
0	329
2	244
4	261
0	2
0	39
55	0
0	39
10	0
41	10
5	44
1	44
8	139
0	410
0	981
1	11
0	453
2	65
0	1024
0	722
0	765
5	200
0	99
0	107
0	169
0	161
6	189
2	0
7	0
7	0
0	53
1	53
132	0
10	51
14	51
41	5
8	3
0	2
5	431
0	0
33	431
135	0
80	83
0	9
0	74
10	137
23	137
159	0
108	0
0	44
0	78
0	35
0	75
2	30
4	0
0	10
1	6
4	0
2	1
4	3
5	1
320	7
0	327
0	90
0	320
0	322
0	327
0	318
0	339
0	330
0	310
0	107
0	98
0	311
0	310
28	1
66	0
1	0
6	0
7	0
39	0
13	0
1	0
0	0
1	0
0	0
669	0
1	0
0	341
0	315
0	350
0	326
6	78
0	324
0	335
0	339
1	0
4	0
2	0
7	0
21	0
1	0
0	0
1	4
4	0
1	2
0	3
0	64
7	1095
68	1095
1	0
5	1
0	0
0	49
14	1
14	49
1	12
17	16
0	4
4	5
0	108
0	181
0	454
26	108
0	90
0	527
2	282
123	142
52	142
0	284
2	0
4	0
0	143
23	143
2	443
38	443
345	0
0	157
0	164
0	90
0	97
0	25
7	4
1	25
50	10
15	51
7	246
3	164
0	410
4	51
0	166
0	401
0	443
0	444
0	400
0	5
3	1409
207	1410
6	0
32	0
13	0
1	0
18	0
11	0
7	0
0	0
2	0
2	162
5	162
98	163
8	3
5	0
7	0
13	41
11	41
25	0
0	111
0	139
0	63
0	139
0	167
0	141
0	169
0	588
0	403
0	412
0	597
0	0
0	256
487	257
0	1
0	43
0	134
0	65
11	7
0	130
0	69
0	133
0	137
138	0
26	0
2	0
49	0
5	0
13	0
10	0
0	0
59	0
151	0
230	0
5	0
7	243
165	157
3	187
10	143
12	187
12	243
2	151
7	0
0	0
4	0
50	44
6	44
8	0
0	0
2	0
49	172
3	172
5	12
0	12
146	0
28	229
4	270
4	41
7	41
109	0
0	0
14	0
139	0
38	166
7	14
6	147
11	306
2	173
1	0
0	261
0	156
0	273
7	38
0	144
334	300
3	279
0	300
0	79
0	30
121	30
7	0
0	0
2	0
7	1
3	0
13	0
11	0
5	4
4	0
13	8
4	0
0	0
2	0
7	0
40	0
2	12
5	12
467	0
115	0
0	2027
0	2033
13	1496
1	244
2	0
16	0
0	33
0	39
0	96
0	102
19	0
32	152
8	152
0	20
0	2
0	17
0	5
0	17
42	194
3	22
3	187
3	187
5	0
0	7
1	28
7	50
2	25
11	52
13	33
5	34
600	2
0	2
11	44
8	27
4	39
6	57
2	50
1	0
0	0
0	0
0	0
2	0
184	0
1	1079
0	1076
108	250
54	1280
29	1035
0	4
0	2
1	134
0	1
149	1
0	12
7	12
51	0
6	143
5	207
5	191
3	44
23	308
0	1
222	308
19	17
18	17
2	21
349	21
3	0
0	190
0	2
153	192
48	0
208	0
3	0
29	0
27	682
0	750
4	532
1	0
9	0
0	1
0	1
116	105
2	111
8	249
2	249
4	28
19	0
2	0
1	0
3	0
3	0
112	42
1	42
4	0
0	7
2	11
100	403
5	347
3	9
1	7
6	47
4	70
4	0
5	0
8	0
0	6
0	6
0	6
256	1
9	57
7	57
7	0
42	0
30	6
35	43
4	43
29	9
4	70
30	70
165	0
0	449
0	449
1	266
0	208
0	208
381	0
200	106
17	106
5	408
5	408
0	2
1	0
0	559
0	541
0	584
0	556
0	598
0	573
9	0
40	0
0	0
5	0
12	0
2	0
3	0
15	0
0	37
6	37
9	174
5	519
0	353
12	165
2	176
135	248
6	248
1	0
19	430
21	385
2	344
88	0
22	1
14	63
0	63
7	2
3	3
10	0
62	0
152	0
0	12
59	284
170	284
0	138
1	2
0	126
5	11
0	100
11	10
0	112
13	7
115	28
2	1
0	1
7	56
13	55
5	0
2	349
0	1008
0	1021
0	980
1	384
0	1049
3	869
11	0
1	0
1	0
710	0
1	8
4	8
161	194
1	151
7	157
0	37
4	0
6	0
5	0
0	163
36	36
126	127
6	54
10	68
2	68
0	0
5	0
1	0
2	0
0	13
2	41
4	54
1	14
1	23
25	31
1	12
0	25
1	18
971	0
1	0
3	2
1	4
16	10
2	4
0	6
1	9
0	5
0	209
1	370
0	219
0	215
0	366
0	360
2	52
2	0
5	0
4	2
3	34
0	5
0	13
0	34
5	66
17	0
104	107
54	485
34	378
2	0
4	15
217	15
129	86
1	44
2	42
7	0
660	0
0	5
7	5
0	113
0	146
0	120
0	139
10	0
0	70
0	113
0	153
0	146
0	106
0	37
1	0
747	0
0	236
1097	428
9	192
27	0
5	0
6	0
3	0
1	242
1	242
1	242
3	5
6	11
0	11
7	9
2	6
105	0
523	329
2	329
22	0
233	268
4	268
4	192
66	192
7	8
0	8
0	8
1	3
1	3
0	22
22	324
8	302
8	0
67	0
81	0
23	124
106	124
363	22
1	22
201	0
6	0
2	0
13	62
28	65
69	115
2	22
1	63
4	0
11	69
6	69
13	1115
608	1115
3	981
0	7
8	165
56	409
7	244
17	43
0	0
0	477
9	555
3	154
4	547
1	469
7	216
1516	0
1537	253
143	253
1983	0
2	0
0	26
3	26
31	596
2	474
5	458
12	454
3	596
2	5
231	5
1	0
969	981
1082	0
79	981
0	7
166	7
4	0
196	0
3	1
116	1
0	0
3	0
8	0
2	3
1	2
0	8
8	8
1	1
3	0
0	5
2	6
7	5
0	5
4	46
0	35
0	14
0	25
121	0
58	0
208	1
8	545
45	546
0	1
11	0
17	26
1	26
2	5
76	0
10	211
29	211
1	38
34	52
6	52
43	0
16	65
0	65
6	0
103	36
16	21
3	21
0	39
5	3
15	25
8	29
5	15
24	9
0	27
16	23
4	7
4	3
11	27
16	4
0	8
9	0
19	0
2	649
287	1311
118	1320
10	1
11	0
9	237
9	237
356	0
460	62
0	51
56	12
1	62
18	83
6	48
15	49
45	67
3	0
7	48
44	732
1	733
2	1
12	1
17	6
6	6
3	0
1	0
0	0
1	5
5	5
2	4
8	4
6	6
5	3
0	4
4	1
10	6
9	4
10	2
4	0
3	0
302	0
10	0
1	0
0	961
0	1067
0	1025
0	1131
0	121
0	948
0	978
0	1084
16	124
0	1009
0	1033
0	869
0	1054
4	0
418	0
6	4
6	1
17	11
0	11
1	171
14	174
28	27
2	163
3	37
0	166
1	35
1	39
0	42
7	95
7	95
0	57
3	0
60	12
0	211
0	147
0	349
0	285
2	0
0	0
4	0
13	0
56	583
38	583
2	206
42	0
44	0
185	639
52	199
10	440
32	0
34	0
3	0
0	1
4	1
0	0
98	0
0	458
0	604
0	476
0	240
0	95
0	432
0	559
0	622
0	331
0	577
0	6
9	0
1	0
0	0
3	0
2	0
1	528
596	1652
4	1652
3	0
7	0
9	0
6	0
3	0
3	0
4	0
192	29
112	29
30	186
26	186
5	0
8	0
1	0
0	0
0	5
6	3
0	6
0	12
1	8
0	9
0	6
2	9
0	6
0	5
0	3
0	10
0	6
6	8
0	5
0	10
0	9
4	277
0	277
66	79
2	79
994	0
216	264
0	264
2	0
5	0
1	0
5	0
2	0
1335	0
7	0
3	0
3	0
1	0
0	1
5	0
0	4
0	4
4	0
2	0
5	0
2	0
7	0
1	0
0	12
0	12
2	0
2	0
2	0
2	0
2	0
0	0
1	0
8	0
1	0
0	0
3	0
3	0
8	0
0	0
2	0
3	0
2	0
121	0
2	0
7	0
3	0
10	0
1	5
4	0
2	0
0	0
1	0
4	0
6	0
3	0
4	0
0	1
4	0
3	0
0	0
1	0
2	0
10	0
1	0
2	0
1	0
2	0
2	0
26	0
99	0
2	0
0	49
7	68
24	68
0	49
0	49
0	22
806	6
0	22
19	0
30	0
0	3
66	3
2	0
7	0
56	0
9	0
7	0
9	0
7	0
37	0
4	0
0	11
2	9
5	4
0	23
13	27
0	4
0	0
1	0
0	0
8	9
4	9
28	18
8	0
1	0
8	0
2	45
0	226
24	318
0	92
17	0
101	36
3	36
94	15
0	15
6	148
174	148
6	55
6	55
108	0
6	0
60	0
7	0
9	18
6	18
24	0
92	0
79	22
14	22
4	0
30	157
26	157
5	0
9	0
7	0
5	0
2	0
3	21
2	21
1	0
26	0
2	4
0	4
82	0
2	0
2	0
38	0
3	159
82	412
0	412
22	0
146	5
0	5
169	0
26	0
0	48
425	48
4	2
10	2
3	13
0	2
0	2
3	2
0	2
3	3
0	3
4	0
146	0
0	7
6	7
227	0
171	0
9	110
327	110
0	0
4	1
29	0
0	1
79	190
2	189
3	68
1	3
0	65
55	0
9	0
22	0
2	0
3	3
1	0
0	3
1	3
2	3
3	3
2	0
46	0
3	0
14	0
106	0
328	0
6	0
1	0
68	0
24	0
3	0
42	0
5	22
0	22
12	0
2	0
18	0
2	82
0	142
0	127
0	141
0	33
0	34
0	19
4	0
11	12
12	12
366	0
6	0
4	68
2	68
6	0
1	0
0	0
4	0
1	4
39	0
8	0
12	0
3	0
106	0
0	20
51	20
7	0
1	0
2	0
126	0
13	3
14	3
8	0
0	3
6	3
6	0
3	20
2	20
2	0
2	0
18	12
0	12
1	1
17	17
3	17
11	111
14	111
13	204
8	204
0	0
3	0
1	53
420	196
3	143
5	140
133	17
0	17
4	0
137	0
9	89
2	91
4	3
7	85
20	0
50	21
12	21
2	0
5	1
1	24
93	24
0	76
8	76
0	58
4	58
0	1
0	0
18	2
0	2
17	0
4	0
4	6
0	6
26	0
25	0
0	0
0	0
12	0
7	1
2	1
0	1
0	1
9	496
76	496
2	264
222	264
12	0
16	0
72	0
3	0
13	15
0	15
3	19
0	19
550	0
187	114
2	114
2	0
6	0
6	7
5	7
10	71
93	71
37	0
3	0
0	0
0	0
6	0
2	0
14	0
2	0
92	0
2	0
4	0
4	0
9	0
1	0
1	0
3	0
0	0
8	3
0	3
1	0
7	0
2	0
3	0
1	0
2	0
4	0
2	3
1	3
4	0
7	0
3	0
4	0
1	0
2	0
0	0
1	0
0	0
1	0
2	0
2	47
98	47
9	1
1	0
0	0
0	0
2	0
4	0
0	0
0	0
0	0
7	0
5	0
1	0
5	0
10	0
0	0
42	0
1	0
0	10
9	10
1	0
2	0
49	0
13	0
1	0
1	0
12	0
7	0
12	0
10	0
0	0
3	0
11	0
3	0
1	0
3	0
4	0
3	0
1	0
0	3
1	40
10	43
18	0
3	0
2	0
3	0
1	0
2	0
5	0
8	0
3	0
3	0
2	0
2	0
26	0
18	0
2	0
6	0
8	0
6	0
2	0
6	0
13	0
1	0
6	0
4	0
2	0
17	0
125	0
12	0
2	0
3	0
51	0
14	0
10	0
2	0
1	0
9	0
0	14
2	14
8	0
1	0
0	1
2	0
22	0
6	0
11	0
0	25
3	25
0	0
5	0
13	0
2	0
2	0
2	0
7	0
2	0
2	0
5	0
0	1
4	1
3	0
5	0
3	0
1	0
1	0
6	0
16	0
2	0
2	0
0	0
2	0
34	0
6	0
2	0
3	0
3	0
1	0
3	0
3	0
4	0
4	0
2	2
1	2
4	0
3	0
3	0
0	0
0	0
2	0
4	0
1	0
1	0
8	0
2	0
0	0
3	0
0	0
2	0
0	0
4	0
6	0
1	0
7	0
4	0
2	0
3	0
3	0
7	0
1	0
0	0
1	0
2	0
2	0
1	0
1	0
2	0
0	0
2	0
1	0
4	0
3	0
5	0
1	0
0	0
1	0
1	0
2	0
5	0
1	0
3	0
2	0
1	0
6	3
1	0
1	0
1	0
0	0
5	0
5	0
2	0
1	0
0	0
1	0
3	0
1	0
6	0
2	0
3	0
3	0
3	0
2	0
2	0
3	0
2	0
3	0
3	0
3	0
3	0
2	0
1	0
2	0
1	0
6	0
2	0
1	0
1	0
3	0
1	0
1	0
1	0
1	0
3	0
0	0
1	0
7	0
2	0
8	0
3	0
2	0
4	0
6	0
3	0
2	0
2	0
4	0
4	0
1	0
2	0
1	0
4	0
7	1
1	0
0	0
0	4
1	4
33	0
3	0
1	0
3	0
3	8
0	8
2	0
1	0
5	0
2	0
0	2
1	2
5	0
1	0
0	0
0	1
171	32
5	31
0	97
0	499
0	575
0	524
0	550
0	552
0	34
0	659
0	522
0	582
0	447
0	603
5	0
255	39
0	19
0	2
9	28
0	20
0	20
0	20
0	20
0	20
0	19
0	20
5	0
24	0
11	0
2	0
1	0
15	155
15	155
4	64
2	59
0	218
4	180
5	1071
53	1071
668	0
2	0
1	0
10	109
37	115
16	94
3	1
20	39
8	36
4	0
4	0
155	0
1	56
0	222
9	280
9	241
6	39
19	21
0	21
22	0
14	89
0	89
79	0
3	91
2	91
2	119
4	122
12	122
0	466
33	1767
0	1950
13	1820
50	0
0	565
0	3
0	1225
0	1254
0	595
0	536
5	185
0	624
12	1181
0	5
0	0
5	58
0	223
14	207
214	0
6	44
11	44
457	1
4	0
253	0
0	572
0	557
0	553
0	568
2	8
0	20
169	144
0	122
0	2
253	8
70	578
0	532
0	188
0	850
0	1194
0	0
14	0
123	0
4	0
74	2
0	2
10	75
1	75
1	0
1	4
0	10
1	5
0	6
2	3
8	8
0	0
4	1
7	0
4	1
6	4
2	3
4	0
1	0
1	1
2	3
6	3
6	0
4	145
15	145
0	0
0	0
658	0
1	0
0	976
0	968
0	977
0	969
0	963
0	962
0	332
0	337
0	146
0	333
0	145
0	336
12	0
125	557
0	557
8	137
0	132
46	97
1	0
2	896
0	911
49	897
15	755
1	807
3	490
17	490
26	342
3	0
3	188
0	33
2	155
6	0
9	0
0	735
0	399
0	408
0	742
0	734
0	743
3	0
0	0
2	0
9	1
14	1
1	0
12	1
2	1
202	0
2	0
0	9
7	1
5	363
2	409
0	363
2	350
0	417
4	0
0	0
0	0
2	0
3	0
0	28
0	28
274	235
9	235
1	1
1	1
4	0
4	9
0	38
0	45
0	25
0	17
0	39
0	0
0	46
0	18
6	3
0	1
3	1
0	3
2	0
4	0
174	0
23	0
19	466
14	466
19	0
2	3
11	0
0	1202
0	1152
0	842
0	200
0	876
0	1202
0	1186
0	1168
0	1168
0	1186
0	200
0	1152
15	0
1	0
20	118
2	118
77	565
69	565
4	187
8	498
69	498
4	181
1	0
2	150
90	0
0	0
3	0
0	0
0	16
2	16
23	0
0	130
35	130
0	116
0	105
0	84
1	0
9	3
1	3
1	0
7	0
8	44
116	44
0	2
0	281
0	257
0	184
0	55
29	79
0	79
0	160
1	2
3	0
5	0
5	0
13	0
2	0
0	0
6	5
5	5
1454	2
133	0
0	72
163	0
2	163
0	163
70	0
1	2
2	2
16	0
323	0
3	6
73	79
4	85
0	3
5	66
0	66
3	21
0	21
0	4
0	2
3	69
150	71
3	36
32	36
49	316
16	39
0	40
34	239
0	344
66	301
5	15
0	0
20	0
43	1
3	0
7	0
1	0
118	0
0	2
36	2
0	252
0	155
5	159
7	246
0	258
100	0
2	0
1	0
1	0
40	93
60	514
34	514
1	0
0	2
25	0
0	2
5	2
1	2
4	1
0	1
3	0
41	1788
0	1053
0	2147
3	827
0	3791
0	3491
0	2399
0	1351
1	4839
0	1099
13	554
23	14
165	472
9	472
0	430
0	629
0	303
0	502
20	0
28	0
24	0
2	0
186035	171
3	153
0	16
689	169
140	57
16	57
2	46
10	125
0	83
15	143
629	167
1	167
102	3
0	3
1	0
5	2
1	2
82	238
13	238
6	0
5	0
0	116
0	107
0	124
0	115
12	17
3	4
0	14
0	13
0	8
0	9
0	122
5	779
4	94
50	779
3	0
1	121
28	121
24	261
15	222
13	37
3	270
0	33
4	0
1	25
0	0
0	12
20	103
14	113
0	0
0	0
11	230
365	230
1	0
2	0
26	478
0	663
0	1199
0	656
0	1206
60	479
2	479
806	0
140	0
13	0
9	0
33	6
18	6
0	0
6	0
0	42
14	120
15	6
0	6
7	592
11	646
97	670
1	646
3	0
10	0
3	0
0	0
4	0
0	942
0	856
0	1035
3	995
0	827
0	952
0	920
0	401
2	122
3	0
19	27
0	27
49	74
0	37
7	74
3	210
7	210
0	331
2	127
2	262
27	2
20	0
226	117
13	117
71	366
2	366
0	0
0	1
5	1
0	144
0	167
0	153
0	130
2	49
52	16
0	0
5	0
8	0
11	160
8	21
0	0
11	160
3	0
1	0
18	0
9	230
2	39
9	230
3	733
11	454
147	733
9	0
0	169
46	169
8	0
0	0
2	0
13	0
50	9
0	9
40	0
40	545
4	127
2	418
0	431
29	431
2	383
132	383
4	0
2	0
3	0
17	386
17	386
6	0
115	0
131	354
2	350
5	228
0	4
622	0
2	389
8	389
0	9
0	179
2	102
7	232
12	232
0	0
7	315
12	64
18	315
20	17
2	0
4	17
210	0
28	432
59	432
1622	0
0	754
0	754
0	0
0	11
0	4
0	76
0	80
0	40
0	44
3	0
2	0
1	1
6	2
9	0
0	1
0	223
0	222
0	225
0	225
518	0
10	98
11	98
12	0
0	4
1	0
1	0
55	0
254	0
0	93
2	93
1	72
2	6
0	7
16	0
64	243
3	243
313	0
72	0
4	1
1	1
83	0
90	0
48	0
5	71
25	71
52	0
0	624
0	440
22	378
9	630
0	459
0	643
1	449
0	58
25	0
3	0
9	0
56	0
6	0
199	0
34	561
10	561
0	14
0	12
2	14
5	0
0	64
38	64
109	7
0	7
30	0
0	0
2	159
0	72
4	57
0	178
0	165
0	80
65	80
0	328
35	416
0	266
2	240
13	88
2	0
8	5
3	2
6	44
15	39
0	0
1	11
2	8
113	0
2	1231
1067	1255
0	897
0	193
1	212
0	5
110	0
8	78
0	452
4	405
0	200
54	78
0	0
0	70
12	4
3	4
41	4
2	322
24	321
0	6
1	1
0	15
0	91
0	238
0	213
0	360
8	32
25	149
8	117
4	53
15	59
3	47
11	0
0	2
11	0
1	0
304	6
2	6
4	47
2	75
0	75
1	2
2	2
0	123
1	27
6	20
0	271
0	173
0	309
0	350
0	55
0	282
0	400
0	359
0	208
0	241
0	312
0	221
0	167
0	262
5	0
2	0
0	0
31	0
63	0
4	0
104	0
2	71
5	71
2	0
1	0
3	0
1	0
4	0
41	0
7	0
10	0
3	0
2	0
3	0
7	0
3	0
14	0
2	0
8	0
2	0
1	0
5	0
14	0
7	0
2	0
67	0
14	89
0	89
2	0
4	0
2	0
2	0
3	0
43	0
14	0
2	0
3	0
21	0
9	0
9	0
2	0
3	0
2	0
2	0
7	0
10	0
2	0
17	0
2	0
8	0
1	0
5	0
8	2
1	2
1	0
0	0
2	0
4	0
7	0
2	4
3	4
10	0
2	0
8	0
3	0
2	0
1	0
26	0
38	0
0	6
0	6
0	6
4	0
4	0
2	0
6	0
65	0
13	0
45	0
1	0
4	0
1	0
0	0
10	0
3	0
0	0
4	12
0	12
11	0
1	0
4	0
2	0
3	32
0	32
11	0
2	0
6	0
1	0
5	0
2	0
6	0
2	0
0	0
4	0
0	0
27	2
0	0
3	9
5	2
2	2
5	0
5	0
7	0
2	0
3	0
7	0
18	0
2	0
4	0
1	0
10	0
0	0
2	0
2	0
5	0
0	0
2	0
6	0
1	2
0	2
12	0
2	0
3	0
12	0
5	0
2	0
6	0
6	0
37	8
0	0
0	0
2	0
5	0
3	0
0	0
4	0
2	12
3	12
4	0
2	0
2	0
3	0
3	0
5	0
2	2
4	0
3	0
3	0
10	0
4	0
3	0
38	7
8	19
0	18
172	0
2	0
1	1
2	1
5	0
9	0
3	0
7	0
14	0
12	0
4	0
5	0
3	9
0	9
20	0
0	0
0	0
0	0
14	37
54	37
1	0
3	0
37	0
0	0
2	0
1	0
9	0
4	0
27	0
5	0
11	0
3	0
4	0
1	0
4	0
0	0
4	0
3	0
8	0
4	0
3	0
1	0
1	0
0	10
1	10
10	0
2	0
3	0
1	2
0	2
4	0
2	0
6	0
4	0
2	0
1	0
6	0
0	0
2	0
19	0
14	0
7	0
19	0
9	0
6	0
0	0
4	0
5	0
3	0
1	2
0	2
1	2
54	99
0	99
15	0
2	0
2	1
2	1
4	0
8	0
4	0
6	0
30	0
9	0
1	0
33	0
20	23
13	23
30	0
4	0
1	0
6	0
3	0
36	0
15	0
9	0
3	0
42	0
0	19
20	19
3	0
0	144
205	144
139	0
3	0
3	0
7	0
9	1
5857	17
0	17
0	6
39	6
0	25
5	25
21	9
0	9
2	0
15	0
5	0
2	0
2	0
0	0
0	0
3	0
5	0
7	0
10	0
23	0
8	0
5	0
2	0
1	0
0	1
3	1
1	0
2	0
31	0
3	0
4	0
2	0
6	0
0	0
3	0
2	0
57	0
4	3
3	0
3	0
10	0
6	1
0	1
1	0
3	0
5	0
13	0
7	0
8	0
5	0
0	0
4	0
2	0
2	5
19	0
0	0
4	0
11	0
3	0
7	0
4	0
2	0
6	0
3	1
2	0
3	0
2	0
3	0
0	0
3	0
4	0
0	1
13	1
11	0
11	0
2	0
3	0
3	0
3	0
2	0
6	0
12	0
12	0
2	0
1	0
0	0
8	0
0	1
0	1
2	0
6	0
4	0
3	1
4	0
2	0
2	0
2	0
3	0
1	0
9	0
2	0
9	0
0	0
9	0
15	0
2	0
1	0
3	0
0	0
0	0
3	0
6	0
4	0
1	8
0	8
5	0
7	0
9	0
5	0
2	0
9	0
57	0
3	0
3	0
2	0
3	0
18	0
2	3
4	0
4	0
4	0
0	0
2	0
13	0
13	0
4	2
10	0
10	0
10	0
0	4
0	4
5	0
2	0
4	0
1	0
230	30
0	30
0	0
0	0
3	0
6	74
0	74
1	0
1	0
0	72
0	6
150	78
3	139
35	139
6	61
0	61
0	1
7	0
12	30
2	30
1	0
22	23
2	23
90	0
11	0
10	1
2	0
3	0
3	0
3	0
0	5
16	5
0	2
0	2
3	0
2	0
17	0
0	2
0	0
1	0
6	0
0	13
191	13
0	12
100	12
0	0
37	12
2	12
11	0
20	0
12	0
10	0
9	0
19	0
4	0
4	0
4	0
0	0
63	0
7	28
2	28
21	0
14	0
3	0
0	0
0	0
2	0
22	0
0	24
26	24
10	2
0	1
157	0
2	0
11	0
1	0
2	11
12	11
0	8
28	16
0	8
7	0
151	0
4	9
3	9
5	0
1	12
13	11
0	1
2	0
3	0
58	19
0	19
28	0
18	0
9	0
3	1
7	1
73	3
100	0
8	0
813	0
2673	0
3	0
1	0
4	0
5	0
1	193
142	193
5	0
8	0
24	0
5	0
108	2
13	2
29	0
34	0
11	0
4	0
2	30
41	30
0	1
0	1
2	0
5	0
10	0
0	0
1	0
5	0
8	0
8	0
0	5
3	5
5	0
5	1
21	0
33	0
59	0
2	2
6	2
13	0
4	0
2	0
5	0
0	0
80	0
22	0
49	0
5	2
26	16
0	7
1	7
23	0
5	0
4	0
15	0
0	76
12	76
0	0
0	0
3	0
6	0
2	0
16	1
0	1
15	1
0	0
2	0
0	0
3	8
0	8
0	0
16	0
31	0
12	0
7	0
0	14
5	19
4	0
46	4
0	4
6	0
18	1
0	1
0	1
1	0
0	3
4	3
2	0
3	2
1	2
6	0
27	0
2	0
17	0
1	32
0	32
237	0
2	0
0	13
41	24
11	2
0	1
9	0
4	0
0	0
9	0
0	0
0	25
37	25
1	0
12	0
2	0
29	2
0	2
7	0
3	115
12	114
1	1
10	0
2	57
0	57
3	0
34	0
35	0
0	0
2	0
11	0
2	0
24	0
2	1
0	1
1	0
3	0
48	6
0	3
11	0
8	0
20	0
4	0
2	0
6	0
7	0
6	0
16	0
0	0
0	0
3	0
5	0
10	3
6	0
21	0
4	0
3	0
4	0
2	3
0	3
33	0
72	0
0	0
3	0
6	0
4	34
1	34
9	0
1	0
8	0
9	1
12	0
2	0
13	0
0	3
13	3
7	0
2	0
32	0
26	0
2	7
3	7
3	20
3	10
19	20
2	8
37	0
9	0
0	5
21	5
9	0
36	0
403	0
0	47
86	47
1	0
0	3
2	3
1	1
4	0
6	0
4	0
284	10
0	10
43	0
32	0
5	0
4	0
4	23
0	23
16	0
4	0
2	0
1	0
11	0
0	1
1	1
8	0
7	0
3	3
0	3
10	0
3	19
0	19
1	19
9	0
2	0
29	0
5	0
1	1
27	0
2	0
11	117
8	117
1	0
0	36
33	1
0	36
68	0
0	6
4	6
6	0
15	0
15	0
20	0
82	0
0	0
3	0
2	0
6	0
0	0
2	0
173	6
2	42
47	42
613	25
8	25
2	0
0	7
11	7
0	3
2	3
0	17
0	17
1	0
3	7
2	7
13	0
4	30
75	30
0	17
0	0
7	1
1	0
3	1
0	0
0	1
1	3
5	1
2	0
13	0
6	0
1	0
2	34
30	0
3	34
0	21
11	21
0	21
27	0
11	45
2	6
3	47
5	0
6	0
3	0
0	8
4	8
34	0
7	0
32	0
20	0
2	0
126	4
5	53
0	53
10	0
1	0
327	2
0	5
100	5
12	7
97	0
7	0
4	14
0	14
192	0
2	83
0	236
12	176
29	312
13	0
0	0
9	0
1	0
3	3
3	1
0	3
0	4
26	1
6	2
3	5
0	3
11	4
0	2
0	1
2	0
5	0
442	0
7	0
7	16
0	16
24	0
20	0
12	0
9	0
915	0
456	0
0	198
0	240
2	282
0	240
2	0
62	127
0	127
174	0
85	423
6	231
20	166
0	192
53	0
0	16
3	6
13	83
10	55
4	35
20	0
6	0
3	173
21	173
2	0
1	0
0	0
10	0
273	0
0	226
1	229
0	323
16	326
10	32
2	188
21	0
13	0
13	0
152	0
4	43
92	43
3	0
3	0
4	0
5	5
357	6
2	1
123	1
3	0
0	4
9	7
0	3
328	197
2	197
0	27
13	29
8	29
0	0
0	67
0	134
4	49
0	68
0	135
114	96
0	53
23	96
0	5
2	5
0	216
0	216
0	218
0	187
0	187
0	189
3	58
18	58
174	0
4	48
99	84
3	36
0	8
0	0
1	18
86	18
545	19
0	19
0	18
1	90
5	90
1	27
0	79
4	369
2	369
3	0
101	0
339	1
5	0
78	87
0	87
7	57
0	164
0	165
0	260
0	261
56	11
0	24
8	91
3	44
6	91
0	2
1	2
7	18
4	18
0	132
6	132
6	193
58	193
1	0
18	0
41	0
5	0
0	0
38	1433
238	1433
0	1083
0	949
0	1015
0	1077
0	881
0	943
2	0
21	558
3	525
5	558
7	0
0	5
1	0
28	18
1	18
125	1
10	0
45	0
129	0
123	0
2	2
0	2
6	113
38	118
0	5
18	43
2	43
2	29
31	0
13	369
5	369
398	0
2	0
6	1
186	229
6	228
293	0
185	0
4	0
0	2
1	0
5	1
1	2
3	8
0	8
17	0
0	0
3	0
71	1
25	0
11	0
4	2
2	2
1	24
200	26
0	2
23	0
0	3
8	3
11	342
151	342
125	0
161	117
5	117
18	0
1	0
5	0
0	12
1	3
5	6
7	16
17	6
2	15
2	15
254	2
11	2
8	429
303	739
0	310
3	0
0	70
0	95
3	48
5	20
23	863
10	756
5	809
2	298
12	0
0	519
3	603
1	499
11	623
4	0
4	0
7	254
239	254
6	300
143	300
6	0
0	0
12	0
3	31
6	31
87	0
13	0
0	0
24	0
1	0
6	38
1	38
10	0
5	0
6341	1
0	68
0	343
0	272
0	139
0	39
235	0
189	111
1	111
0	0
5	0
2	0
1	4
0	4
1	5
4	1
1	1
0	3
0	4
2	4
0	2
1	3
122	0
2	64
8	64
2	0
0	544
0	547
0	537
0	540
0	347
0	350
4	0
6	92
2	80
2	92
1	0
3	0
0	22
42	22
5	302
1	276
1	313
1	339
93	0
4	0
1	1
11	292
11	292
235	0
31	0
24	34
23	5
1	29
7	4
2	4
19	26
29	26
20	2
3	2
85	0
4	0
29	0
261	0
14	0
14	0
3	0
165	0
10	0
0	106
302	123
0	1
3	124
5	0
1	37
429	37
81	0
0	4
0	37
4	37
29	6
1	0
108	0
4	0
2	0
0	0
16	0
3	0
0	115
5	91
64	113
0	38
2	18
209	0
15	0
0	57
59	57
11	0
0	134
10	134
39	0
2	0
380	0
2	43
1	43
1	0
18	0
28	123
0	31
2	32
0	91
0	27
3	72
1	68
4	45
17	0
6	0
18	0
5	0
60	0
13	0
13	1
3	16
4	15
44	23
1	23
2	21
2	107
25	121
129	21
4	7
4	7
5	1
0	1
0	4
0	1
0	4
7	26
0	14
1	12
117	287
0	287
13	0
245	0
6	2
38	2
0	109
0	71
2	0
0	14
2	78
0	1
0	3
249	3
411	0
7	0
2	0
5	0
2	0
4	0
1	1
0	1
1	0
2	0
2	0
2	0
3	0
1	1
2	0
1	0
6	0
3	0
2	0
6	0
2	0
3	0
2	0
4	0
5	0
0	0
2	0
3	0
4	0
1	0
2	0
4	0
3	0
1	0
1	0
4	4
1	0
6	0
0	0
4	0
3	0
5	0
5	0
1	0
1	0
2	3
0	3
1	0
2	0
1	0
6	0
3	0
1	0
2	0
7	3
3	0
2	0
1	0
1	0
2	0
5	0
2	0
3	0
5	0
2	0
3	0
5	0
5	0
1	0
2	0
7	0
2	0
3	0
3	0
0	0
1	0
14	0
4	0
4	0
3	0
0	0
5	0
3	0
4	0
3	0
4	0
1	0
1	0
2	0
3	0
0	0
4	0
0	0
1	0
4	0
5	0
3	0
2	0
3	0
8	0
3	0
15	0
8	0
5	0
0	7
1	7
4	0
4	0
0	0
0	0
2	0
2	5
1	5
1	0
21	0
2	0
2	0
4	0
3	0
19	0
20	0
3	0
1	0
10	0
1	0
4	0
3	0
1	0
3	0
1	2
0	2
3	0
1	0
4	0
0	0
2	0
2	0
3	0
4	0
7	0
4	0
2	0
0	0
0	0
5	0
5	0
4	0
1	0
2	1
4	0
2	0
1	4
0	4
9	0
2	0
2	0
1	0
11	0
13	0
5	0
4	0
7	0
1	0
5	0
2	0
11	0
0	0
6	0
2	0
9	0
8	0
5	0
3	0
1	0
2	0
3	0
4	0
6	0
1	0
3	0
10	0
2	0
0	0
9	0
0	0
1	0
0	0
4	0
0	0
1	0
1	0
4	0
7	0
1	0
1	3
0	0
20	0
9	0
2	1
0	1
0	0
7	2
29	0
4	0
4	0
3	0
4	0
21	4
11	4
4	0
4	0
3	0
4	0
0	0
2	0
3	0
0	0
3	0
0	0
7	0
5	1
2	0
5	0
0	0
3	0
4	0
1	0
1	0
3	0
1	0
2	0
0	0
0	0
2	0
3	0
1	0
3	0
0	0
1	0
2	0
2	0
2	0
10	0
0	0
3	0
5	0
2	0
0	0
1	0
1	5
1	5
1	0
2	0
7	1
1	0
1	0
4	1
3	0
0	0
3	0
1	0
3	0
3	0
2	0
0	0
6	0
4	0
2	0
2	0
6	0
3	0
2	0
4	0
3	0
0	0
2	0
1	0
4	0
6	0
5	0
1	0
3	0
2	0
1	0
5	0
2	0
2	0
0	0
0	0
2	0
2	0
0	0
1	0
1	0
4	0
3	0
3	0
3	0
2	3
3	0
3	0
2	0
4	0
3	0
2	0
1	0
1	0
1	0
2	0
3	0
1	0
1	0
2	0
2	0
2	0
3	0
4	0
0	2
1	2
2	0
1	0
7	0
3	0
3	10
2	10
11	0
3	0
2	0
0	0
3	0
2	0
0	2
2	0
3	2
1	0
0	0
49	2
2	0
2	0
1	0
13	0
2	0
1	0
0	1
3	1
2	0
3	0
0	0
9	0
36	0
50	0
0	1
1	1
4	0
26	0
25	0
6	0
181	0
0	0
33	0
37	6
10	1
3	0
4	0
196	0
16	0
5	0
2	0
3	0
1	0
2	0
0	0
35	0
7	0
0	0
2	0
3	0
4	0
4	0
5	0
2	0
20	0
14	0
7	0
11	0
2	3
0	4
5	0
9	0
11	0
1	0
20	0
7	0
2	27
0	27
0	23
0	23
4	0
100	12
3	6
11	6
1	0
41	0
17	107
18	107
6	0
3	5
0	5
8	0
5	0
1	0
21	0
92	0
5	0
99	26
8	26
3	0
11	0
11	17
4	17
1	0
29	0
4	0
10	0
29	42
0	42
1	23
13	23
0	0
2	0
28	0
74	23
4	23
1	4
0	4
0	4
2	4
24	0
13	0
4	0
4	0
0	0
4	0
1	0
0	53
34	53
1	0
5	0
0	0
3	0
0	0
5	0
2	9
3	9
7	0
0	18
4	18
3	0
1	0
3	39
0	39
0	22
4	22
29	0
0	96
0	96
2	25
4	0
99	0
1	0
0	35
6	35
5	36
3	1
2	6
3	2
0	18
10	2
0	16
0	18
0	1
12	1
13	0
11	0
3	0
84	1
0	1
21	0
17	0
47	0
19	0
0	7
22	7
13	0
0	2
3	0
0	0
54	0
12	26
5	28
2	0
21	0
3	0
6	0
7	33
0	7
3	33
3	0
17	56
2	56
5	0
19	0
22	0
0	0
73	16
0	16
21	0
307	0
22	0
0	1
20	1
5	0
5	0
157	0
0	70
178	70
9	1
4	1
93	0
5	0
0	72
4	62
5	58
10	72
4	0
7	0
3	0
0	92
658	144
5	52
5	11
1	10
5	1
0	1
0	1
53	0
38	81
30	81
18	0
0	1
25	1
5	0
6	4
0	8
0	1
7	129
2	129
0	99
0	182
0	98
0	181
1	7
80	0
5	48
0	48
3	0
9	0
10	0
4	0
3	0
6	0
10	0
15	0
2	0
44	0
14	0
38	50
0	50
146	1
43	0
20	0
19	0
4	6
1	0
0	0
33	0
51	0
2	0
9	0
173	0
2	0
9	0
0	0
0	0
1	0
14	0
2	0
17	0
0	0
2	0
20	0
2	16
1	16
3	1
0	1
12	3
5	0
8	0
4	0
5	0
0	3
4	23
19	23
13	3
492	0
11	0
7	0
7	0
1	88
51	88
21	2
0	2
10	0
2	0
3	25
8	31
3	30
0	20
4	4
1	2
1	9
2	139
147	139
0	21
0	21
0	21
14	0
6	0
1	0
2	29
2	29
25	0
20	0
15	0
4	0
33	0
2	0
1	4
0	4
1	0
1	0
7	0
6	0
5	0
5	0
3	0
3	0
18	0
1	0
2	0
0	0
8	0
6	0
1	0
5	0
10	0
3	0
3	0
2	2
6	0
21	0
2	0
2	0
8	0
5	0
2	0
3	0
1	1
3	0
3	0
9	0
2	0
5	0
2	0
3	0
2	0
1	0
2	0
1	0
4	0
6	0
1	0
9	0
2	0
3	0
1	0
5	0
0	0
4	1
2	0
1	0
6	0
3	0
0	0
4	0
3	0
7	0
1	0
6	1
4	0
7	0
7	0
3	0
4	0
8	0
4	0
5	0
10	1
2	1
4	0
1	0
28	0
10	0
1	0
5	0
5	0
1	0
6	0
1	6
6	6
4	0
3	0
7	0
3	0
2	0
2	0
4	0
3	0
4	0
4	0
7	0
34	0
7	2
1	2
3	0
0	0
2	0
2	0
0	0
1	0
3	0
1	0
3	0
3	0
7	0
2	0
9	0
6	0
7	0
3	0
4	0
1	0
4	0
11	0
6	0
4	0
1	0
5	0
3	0
0	0
7	0
6	0
5	0
2	0
0	0
2	0
8	0
4	0
4	0
5	0
2	0
1	0
0	0
3	56
6	56
4	0
7	0
0	0
1	0
4	0
0	0
2	0
1	0
4	0
8	0
2	0
0	0
3	0
7	0
19	0
1	0
8	0
5	0
1	0
2	0
2	0
9	24
5	0
1	0
0	0
8	0
1	0
18	0
3	0
4	0
1	0
4	2
21	0
15	0
2	0
3	0
7	0
15	0
6	0
8	0
0	0
1	0
4	0
1	1
0	1
5	0
6	0
9	0
5	0
32	0
4	0
4	0
5	0
62	0
2	0
5	3
1	3
5	0
11	0
5	0
1	0
2	0
1	0
0	0
6	0
13	0
2	0
5	3
3	0
7	0
0	0
3	0
10	0
2	0
3	0
14	0
1	0
4	0
12	0
0	0
2	0
10	0
1	0
116	0
6	0
57	0
2	1
4	0
5	0
3	0
3	0
4	0
6	0
3	0
0	0
1	0
4	0
5	0
6	0
2	0
6	0
2	0
14	0
0	6
2	6
24	3
1	0
14	0
2	0
6	0
4	0
2	0
4	0
1	0
15	0
3	0
7	0
2	0
1	0
1	0
3	0
37	0
15	0
2	0
2	0
13	0
8	0
11	0
1	0
3	0
2	0
4	0
3	0
3	0
23	2
3	0
6	0
2	0
1	0
5	0
2	0
2	0
1	0
1	0
3	0
4	0
3	0
0	0
2	0
3	0
0	0
5	0
1	0
2	0
1	0
2	0
5	0
4	0
2	0
1	0
4	0
5	0
5	0
9	0
4	2
0	0
6	0
28	1
6	0
6	0
4	0
2	0
0	0
2	0
3	0
3	0
96	0
3	0
1	0
2	0
2	0
10	0
1	0
1	2
1	2
1	0
6	0
2	0
1	0
4	0
3	0
4	0
9	0
3	0
1	0
5	0
1	0
1	0
3	0
1	0
6	0
1	0
2	0
0	0
5	0
1	0
2	0
7	0
4	0
5	0
3	0
9	0
2	0
2	0
3	0
3	0
3	0
2	0
1	0
7	0
5	0
2	0
15	0
3	0
0	2
5	2
1	0
1	0
2	0
4	0
1	0
4	0
2	0
0	1
0	1
7	0
1	0
6	0
0	0
4	0
0	1
6	0
2	0
5	0
0	0
2	0
2	0
5	0
1	0
4	0
0	0
7	0
3	0
0	0
29	0
7	1
0	1
0	0
0	0
2	0
2	0
0	0
4	0
1	0
5	0
0	0
3	0
2	0
15	0
2	0
4	0
4	2
1	2
21	0
5	4
5	0
3	0
3	0
2	0
6	0
2	0
4	0
0	0
2	0
3	0
1	0
1	4
0	4
4	0
4	0
3	0
6	0
3	0
2	0
0	0
0	0
1	0
2	0
2	0
0	6
3	0
3	0
7	0
3	0
4	0
1	0
4	0
11	0
3	0
3	0
1	0
3	0
3	0
2	0
3	0
2	0
1	0
2	0
4	0
6	0
3	0
4	0
1	0
2	0
2	0
2	0
2	0
3	0
8	0
1	0
1	0
1	0
1	0
1	0
2	2
4	0
1	0
1	0
2	0
3	0
1	0
4	0
1	0
2	0
1	0
3	0
4	0
0	0
8	0
1	0
4	0
2	0
4	4
1	0
10	0
5	0
0	0
2	0
0	0
0	0
3	0
3	0
2	0
4	0
2	0
1	0
2	0
2	0
2	0
3	0
1	0
3	0
2	0
2	0
3	0
5	0
2	0
0	0
2	0
6	0
1	0
5	0
4	0
2	0
0	0
4	0
3	0
2	0
3	0
5	0
1	0
3	0
2	0
2	0
4	0
0	0
4	0
3	0
6	0
2	0
0	0
2	0
0	1
2	1
2	0
17	0
4	0
9	0
1	0
158	0
2	0
3	0
1	0
3	0
0	0
1	1
0	1
1	0
1	0
6	0
4	0
1	0
0	0
4	0
1	0
2	0
51	0
1	0
5	0
5	0
4	0
2	0
8	0
2	0
6	0
3	0
0	0
2	0
4	0
10	0
4	0
1	0
9	0
8	0
2	0
2	0
9	0
1	0
3	0
0	1
1	1
18	0
7	0
3	0
6	0
26	1
3	0
32	0
0	0
0	0
3	0
3	0
6	0
3	0
2	0
6	0
16	0
1	0
5	0
1	0
3	1
49	4
41	0
11	0
4	0
2	0
25	0
2	0
1	0
0	0
5	0
9	0
5	0
0	0
6	0
1	0
23	0
8	0
5	0
29	0
3	0
2	0
1	0
2	0
5	0
4	0
1	0
4	0
0	0
6	0
3	0
1	0
6	0
7	2
1	0
3	0
0	0
1	0
1	0
4	0
1	0
0	0
4	0
1	0
2	0
3	0
6	0
5	39
0	39
1	0
2	0
6	0
6	0
0	0
0	0
0	0
4	4
3	0
3	0
4	2
3	0
0	0
1	0
0	0
3	0
1	0
3	0
3	0
2	0
1	0
6	0
4	0
1	0
0	0
3	0
5	0
4	0
1	0
2	0
2	0
3	0
2	0
0	0
1	0
0	2
1	2
0	2
1	2
2	0
3	0
5	0
1	0
1	0
0	0
3	0
3	0
3	0
0	0
2	0
1	0
3	1
2	0
4	0
4	0
0	0
4	0
9	16
5	0
11	3
0	3
2	0
2	0
3	0
4	0
3	0
2	0
1	0
4	0
12	0
2	0
4	1
0	1
2	1
3	0
3	0
1	2
0	2
3	0
1	0
4	0
4	0
2	1
0	1
5	0
7	0
5	0
3	0
1	0
6	0
6	0
2	2
2	2
10	4
5	0
7	0
4	0
1	0
3	0
2	0
1	0
5	0
3	0
3	0
1	0
7	0
39	0
3	0
11	0
2	0
5	0
0	0
2	0
6	0
4	0
4	0
0	4
0	4
0	4
6	0
5	0
3	7
4	0
5	0
2	0
3	0
3	0
2	0
1	0
0	0
3	0
0	0
0	0
2	0
2	0
1	0
4	0
4	0
3	1
4	0
14	0
2	0
8	0
2	0
1	0
1	0
0	0
5	0
0	0
9	0
1	0
5	0
30	283
21	283
65	0
20	106
18	729
163	156
44	1356
178	1655
0	405
0	18
0	161
0	0
4	46
6	133
59	176
0	17
21	17
38	32
0	31
1	4
6	4
12	0
58	226
2	226
4	23
1	1
7	214
0	1422
4	218
0	1339
7	2
0	1330
0	1354
0	1363
0	291
0	113
0	1431
0	1398
2	210
0	282
1	142
0	1407
4	5
33	907
0	0
13	1456
0	575
0	398
11	266
0	1333
0	1510
111	550
124	0
2	5
3	0
4	0
25	0
9	0
1	0
65	0
102	0
3	101
8	101
11	0
161	5
0	5
0	413
0	433
0	126
11	375
0	422
0	478
0	344
0	317
0	402
0	99
1	61
0	194
0	435
0	388
0	367
0	320
0	399
0	14
0	334
0	306
0	446
0	354
0	237
655	241
0	67
0	423
0	412
2	3
0	0
12	83
0	402
0	476
0	479
37	2
0	515
0	432
38	340
0	559
0	393
2	0
56	312
0	312
205	0
313	0
0	99
202	99
6	528
261	528
3	183
606	237
2	235
0	2
1	19
0	1770
103	1770
0	1582
0	0
21	770
0	1222
1	8
1	1218
10	92
1	39
1	1585
2	1530
449	0
32	0
7	0
1	0
3	0
38	0
78	0
1	0
12	6
0	6
0	153
13	153
1	144
92	144
30	144
23	89
39	89
2	0
22	0
0	593
0	586
0	576
0	603
137	43
0	43
240	0
332	1
27	0
7	0
1	0
1	0
5	0
2	656
0	656
5	245
5	7
49	560
12	437
304	1213
7	653
1	9
241	16
4	0
11	0
0	0
0	0
1	2
121	0
0	0
1	0
0	0
0	4
0	5
0	4
0	5
0	5
1	4
2	6
0	5
2	1
1	5
0	6
3	10
27	8
41	4
0	5
3	39
1	29
0	29
8	39
0	22
0	4
4	1
5	2
1	1
5	0
7	0
3	0
120	0
7	0
2	1
2	1
49	176
2	356
18	356
13	4
12	71
1	0
27	69
2	24
19	0
2	4
11	15
2	21
91	63
7	15
10	18
5	0
0	0
1	0
3	0
2	3
1	3
23	0
123	69
2	69
0	26
13	229
0	265
1	246
25	67
2	4
0	56
14	28
0	38
9	134
148	101
0	235
1	1
1	2
0	1
1	4
1	4
2	4
8	100
2	6
23	98
2	4
2	4
0	8
4	3
1	0
7	0
3	12
2	12
11	0
2262	0
2126	2821
2	1573
28	1248
17	59
1	3
0	0
1	0
11	78
8	78
12	0
299	399
5	398
1	73
150	8
29	61
28	6
0	66
5	156
47	157
8	13
3	10
0	7
0	6
15	16
0	9
2	12
0	16
291	4
0	9
2	14
11	7
15	0
1	0
678	0
105	533
30	533
67	0
5	0
1	1
0	1
1	0
0	81
23	478
25	478
339	0
0	16
6	36
1	31
8	19
0	9
0	2
0	74
1	19
14	29
0	9
1	108
30	38
25	38
0	11
0	106
0	105
24	0
44	0
24	0
0	1841
0	2476
24	471
0	2205
0	2241
0	2076
6	8
3	2090
0	115
80	575
4	1057
0	0
157	301
0	612
8	0
1	81
7	166
2	45
21	166
190	0
3	0
129	81
0	0
3	0
2	0
3	0
37	0
2	1
1	1
0	2
0	2
36	2
0	2
11	0
0	1
50	1
227	0
70	1
18	1949
210	1949
0	705
2	0
0	0
16	0
1	0
5	0
11	0
1	10
12	10
19	3
0	0
0	106
1	0
20	0
0	0
2	135
10	12
22	163
8	189
0	6
5	10
1	13
3	37
2	15
3	26
21	66
5	12
12	76
1	0
0	0
1	0
2	3
1584	5
18	65
8	68
17	68
10	0
0	690
0	662
0	693
0	659
0	665
21	147
0	691
0	662
0	694
0	658
0	661
0	664
8	21
0	661
141	103
11	103
328	0
24	1
5	0
34	0
51	0
5	0
50	0
233	0
0	1664
0	1171
0	1660
4	1380
2	1523
0	1533
7	1278
7	889
2	1617
0	1792
32	6
3	0
1	4
0	4
159	0
11	116
17	116
6	111
2	3
5	40
7	47
0	45
5	40
0	1
0	29
88	52
0	52
253	0
46	0
656	0
422	0
472	0
2	2093
568	2093
1	610
10	0
70	0
11	0
0	1
1	1
5	0
120	0
0	0
1	0
2	3
3	3
3	0
19	12
6	12
22	47
3	42
9	36
8	67
1	17
5	82
8	17
0	34
37	77
1	1548
2	2594
61	2559
1	29
0	2314
3	13
0	2315
2	28
0	2
0	0
0	9
0	20
0	0
1	10
5	0
0	0
7	455
3	14
5	1
4	3
0	1
3	6
0	3
2	5
0	3
6	92
0	14
120	364
31	8
4	2
0	12
7	2
5	0
4	0
7	0
1	0
2	1
7	0
2	0
23	0
1	0
9	0
0	4
29	4
15	3
246	1
17	3
90	8
0	5
117	0
8	277
10	183
22	460
333	2
0	2
52	263
1	1130
0	905
0	969
0	1098
61	1598
28	1714
5	271
78	0
5	0
7	0
8	0
5	0
44	0
6	971
5	891
2	50
2	653
7	227
0	965
0	991
0	7
17	24
0	633
0	651
0	188
0	624
0	640
0	613
0	659
0	607
0	641
0	161
0	632
0	634
0	397
0	422
0	419
0	394
3	806
105	806
1	0
0	955
3	577
0	716
0	587
0	652
0	943
0	704
0	8
0	640
0	599
0	591
0	538
232	24
7	14
9	24
30	0
40	0
647	0
12	0
325	0
4	0
2	0
0	318
29	79
7	309
0	338
32	70
0	314
0	329
6	0
4	1
8	6
0	330
0	228
3	124
0	240
8	3
0	308
53	70
0	350
10	0
495	1
26	2
1	0
17	0
4	0
11	0
0	125
0	79
0	124
0	80
11	69
199	2
66	1
231	0
5	0
3	0
0	51
0	96
0	59
0	88
0	808
0	421
0	472
0	859
2	273
27	243
2	243
0	470
0	495
0	360
6	1449
24	1449
15	0
5	0
21	0
7	0
9	10
0	10
239	0
2	44
5	5
1	5
0	1
23	44
136	3
73	812
12	812
0	112
158	112
6	0
189	259
2	277
5	230
8	0
0	594
5	3455
1	3875
0	3647
1	3759
0	3531
45	12
106	7
0	72
57	72
1	6
1	6
15	0
0	0
31	0
6	0
57	0
45	0
152	0
8	363
0	26
31	248
0	135
275	0
0	159
14	159
1	207
2	210
2	148
1	185
3	188
11	39
0	0
156	0
0	196
0	196
1	196
187	170
0	196
367	170
324	7
0	6
12	0
6	0
1	0
17	0
7	0
1	0
213	1
0	1
106	0
0	0
0	32
224	32
599	0
21	207
12	207
0	1888
2	2615
1	2357
0	2771
0	2914
3	2583
0	2841
0	2698
2	12
0	0
0	0
2	0
16	0
1	0
0	82
0	65
169	147
0	57
0	40
0	33
0	50
261	0
5	5
1	6
101	113
0	556
3	58
0	129
0	633
0	1
0	566
41	87
0	489
0	45
2	9
1	3
10	14
9	0
17	1
1	0
12	382
22	382
0	4
107	4
4	2221
7	2057
8	2461
27	2194
0	0
1	0
6	152
9	152
49	95
0	95
11	179
71	179
0	1391
0	1107
0	1345
0	1025
0	1060
0	1342
0	1306
0	1062
0	526
108	526
0	413
1	8
0	8
3	0
2	0
2	0
1	0
0	23
3	23
0	1
0	1
33	0
2	4
11	0
0	0
0	27
0	27
3	35
0	10
12	4
8	9
4	10
2	20
271	223
10	224
62	47
5	50
2	50
7	339
0	319
0	611
0	298
0	313
0	617
0	324
0	318
0	304
2	297
0	17
4	17
0	20
9	0
1	20
0	128
0	132
0	142
0	138
0	19
0	0
3	0
12	0
1	0
1	0
11	0
4	0
6	0
3	0
0	315
0	314
13	85
0	316
0	317
11	149
59	0
1	6
12	0
3	6
2	0
2	1
21	175
2	224
7	255
6	240
1	209
0	29
1	8
4	0
0	1
3	8
0	4
0	5
13	5
23	2
1	1
3	3
12	5
9	3
10	0
3	0
6	0
5	0
0	0
32	2
13	20
56	21
14	0
7	5
0	5
10	27
9	27
0	51
13	49
29	2
45	2
14	2
0	1
46	1
0	1
17	0
0	12
2	0
0	2
11	0
2	42
0	11
31	11
6	42
0	2
7	7
0	0
13	0
3	39
0	39
145	0
4	0
0	800
0	804
0	152
1	361
3	8
0	1181
0	1227
0	809
3	158
4	1149
0	811
2	645
5	174
0	1227
2	485
0	1181
0	947
0	503
0	152
0	947
0	1181
0	947
0	1227
70	0
124	1
22	0
3	0
3	0
2	0
0	1
2	1
1	0
12	0
4	0
5	0
0	0
0	3
2	2
1	17
0	2
1	5
16	10
0	16
0	11
0	2
2	5
2	12
3	1
8	12
1	4
1	3
4	7
9	3
1	3
0	11
0	7
25	6
0	1
0	5
0	0
0	7
7	3
0	3
1	3
64	5
2	4
2	10
3	9
1	1
48	3
4	1
3	1
7	0
0	0
20	0
4	90
0	96
2	64
0	29
34	1121
11	1121
5	805
0	251
0	5
69	256
212	123
0	123
25	4
0	120
0	201
0	1559
0	1555
0	1510
0	1355
0	986
0	250
0	47
0	169
0	1570
4	431
0	261
0	1544
0	1495
0	4
0	246
0	180
0	4
0	0
8	0
0	0
9	1
119	0
0	331
2	71
1	347
3	42
0	346
20	0
591	1
255	0
30	72
5	107
1	100
4	20
1	143
10	203
0	80
0	0
6	0
3	0
1	0
1	0
1	2
0	2
0	14
1	3
0	7
5	1
2	3
0	19
0	0
0	16
4	12
1	13
2	4
9	1
0	9
6	9
7	4
7	16
0	1
0	0
5	12
0	1
2	4
3	1
0	1
0	0
0	304
0	145
0	94
0	543
0	373
0	384
1	203
0	479
0	214
2	451
0	309
0	160
0	330
0	240
0	116
0	132
0	47
4	120
0	94
2	64
0	109
0	1
0	267
0	244
0	58
21	0
0	0
0	1
230	1
1	39
158	39
535	1
320	5
0	5
127	1
105	1
0	40
4	40
0	0
2	1
12	124
11	242
6	242
23	0
3	0
199	10
8	182
16	51
0	96
3	168
2	278
9	73
0	57
1	239
0	0
2	14
1	14
0	6
0	3
0	6
4	3
2	3
4	0
0	3
0	0
2	2
4	5
1	14
2	2
6	7
1	0
0	0
3	3
49	0
6	0
483	0
8	0
49	1
0	35
40	35
13	21
10	80
0	59
48	1
289	103
11	103
140	1
28	3
0	282
0	267
32	162
0	123
0	108
24	0
9	0
575	1
0	14
2	1
47	14
0	98
1317	99
33	0
54	0
14	0
0	0
2	0
5	0
8	0
5	0
1	0
56	0
93	0
241	18
80	18
18	580
27	580
136	0
18	27
1	27
222	0
8	0
110	1
2	466
33	505
1	355
43	111
0	97
0	6
5	355
6	340
0	25
0	25
6	26
205	51
73	0
1	0
4030	0
0	215
0	179
0	90
0	126
1	0
0	37
44	116
2	80
0	36
1	37
0	37
0	37
0	36
0	37
0	37
0	36
129	0
0	731
0	652
0	86
0	700
0	133
0	683
105	171
6	171
1	0
2	73
6	73
20	0
0	0
6	0
92	0
32	0
0	0
150	27
2	27
7	0
3	5
5	27
0	40
1	4
0	6
8	2
3	1
0	7
13	19
4	5
0	0
11	0
0	10
2	10
16	2
80	0
14	2
0	2
105	0
5	76
2	76
2	66
240	0
0	218
0	130
0	149
0	199
7	587
5	1599
65	1580
24	117
2	117
6	326
2	326
5	0
1	0
7	0
3	0
1	0
365	0
1035	2971
106	2971
143	0
0	486
42	273
12	686
37	211
157	304
78	83
49	170
2	308
10	70
0	177
4	141
0	639
0	851
0	698
8	0
2	18
48	18
104	0
0	11
421	11
0	34
2	57
2	51
11	290
9	290
122	255
3	240
0	15
0	21
6	2
0	3
442	2447
227	2447
9	0
0	0
6	0
2	0
2	0
4	0
20	0
16	0
709	135
111	136
132	38
0	406
60	205
5	466
0	203
140	296
6	166
33	22
0	15
0	2010
0	1136
0	2132
0	2119
0	2080
2	1114
0	19
0	1053
0	2048
0	2091
0	2085
1	114
0	2202
22	231
0	2097
16	206
1	21
0	648
0	2174
28	877
2	0
0	0
8	0
0	0
0	0
6	0
2	0
25	4
0	3
0	3
29	2
0	1
1	1
26	1
25	32
0	69
3	3
3	0
0	146
4	112
2	35
1	4
158	102
3	3
0	3
49	43
1	2
8	39
14	8
0	2
0	9
0	100
0	2
0	100
0	1
0	0
3	3
5	0
0	0
7	1
88	0
235	0
35	2
3	0
2	33
38	33
1	0
1	0
172	0
28	641
3	641
7	477
0	44
1	434
717	434
283	303
29	0
0	303
8	0
0	25
1	4
11	358
0	206
11	485
0	346
5	489
25	12
12	12
33	1
3	0
0	0
4	0
35	0
11	0
209	0
6	0
16	0
169	0
13	0
1	0
5	0
11	0
4	0
18	0
2	0
0	18
0	18
11	0
1	0
0	0
0	2
17	22
4	20
1	1
1	10
0	1
1	0
1	14
6	14
3	0
6	4
0	113
0	146
0	162
0	133
0	47
0	15
0	129
0	92
0	72
0	166
0	77
11	0
0	9
9	9
0	9
1	1
1	0
1	0
7	0
1	0
9	57
2	57
5	3
1	3
246	266
5	266
0	912
23	871
1	826
0	912
9	571
0	1274
0	1274
3	120
1	262
7	305
24	273
14	32
52	0
0	22
652	540
24	494
15	448
8	0
0	0
6	0
5	0
3	0
12	0
110	1
1	1
3	11
2	8
7	15
0	15
150	0
5	131
9	130
0	178
108	178
1260	67
10	68
9	0
0	382
0	41
4	366
52	0
4	265
6	266
1	268
73	267
7	217
197	218
1	7
9	551
6	551
7	85
472	0
3	0
8	0
0	1
11	1
0	1
0	1
43	1
0	1
4	4
138	4
33	15
13	195
0	24
0	27
0	72
0	72
0	6
1	0
0	2
0	6
14	69
203	3
1	5
32	33
66	27
6	22
0	22
81	4
26	25
4	0
15	0
36	215
4	69
1	4
4	206
0	15
2	0
15	3
5	0
0	2
3	0
1	0
20	2
0	2
0	156
22	156
12	1
288	196
0	261
2	70
0	7
6	678
5	289
10	191
6	758
5	856
1	792
5	409
3	409
0	6
1	6
1	1
1	1
1	0
1	0
1	0
1	2
3	2
0	470
0	622
0	641
0	451
7	322
117	1103
6	782
0	75
31	0
1	728
0	727
2	728
0	727
1	727
41	0
0	7
2	7
2	27
20	3
6	32
1	27
0	16
2	8
0	18
3	56
1	20
1	54
0	64
2	93
0	108
0	100
7	94
1	1
0	1
0	14
0	62
22	62
59	0
5	0
6	0
1	3294
14	2573
65	2974
5	329
3	198
31	77
0	178
76	2179
7	174
104	2133
4	37
2	814
0	78
1	0
3	0
0	107
33	107
0	53
0	19
26	72
2	39
112	0
6	39
260	2
574	0
174	1
113	4510
11	4510
0	8
0	8
1	229
0	450
1	458
0	472
0	436
28	162
0	167
438	194
1	189
32	5
11	0
37	0
0	0
1	0
0	1
0	1
1	1
35	10
5	10
37	5
0	20
0	20
0	221
153	221
1	122
0	100
0	135
0	18
24	1668
72	1668
5	23
80	93
9	125
2	55
2	0
9	6
1	863
0	848
0	958
0	924
0	930
0	952
0	49
8	49
1	0
19	0
5	59
0	59
14	15
0	15
4	0
125	1716
3	722
4	1384
9	332
0	428
4	220
0	203
432	557
12	536
2	0
45	0
4	0
1	0
3	0
16	22
0	22
0	673
0	575
0	770
0	478
3	297
13	62
10	0
3	25
0	3
0	18
3	22
5	0
0	4
3	2
0	2
10	28
3	2
0	16
2	10
0	0
0	470
77	2327
0	480
0	24
2	1279
0	2983
0	536
0	526
13	1359
59	2055
38	0
62	0
0	6
29	252
0	4
3	0
4	174
25	371
2	3
10	370
6	6
0	6
1	80
0	530
0	166
37	9
2	1
0	564
2	47
68	40
12	154
3	209
1	1
4	0
2	212
2	0
18	0
10	5
90	1
1	5
4	16
6	16
26	0
950	365
2	290
0	0
30	347
2	347
1	50
497	0
1	75
5	0
10	0
3	0
49	0
942	0
3	0
8	20
0	60
0	51
28	239
8	303
0	86
0	132
0	18
0	34
2	2
0	0
8	0
1	0
7	0
0	0
35	4
29	184
120	160
4	207
2336	4211
26	4209
0	1
0	1
0	2
5	0
27	0
8	0
2	0
0	2
18	3
8	0
0	81
18	81
0	246
118	246
514	0
583	609
1	609
0	7
0	495
0	956
3	332
0	890
0	431
9	8
7	317
0	714
11	33
3	8
0	1
26	332
3	0
2	0
0	32
3	32
9	0
0	0
37	0
215	259
3	259
2	0
11	0
0	8
117	8
16	280
6	98
23	280
0	116
0	133
0	138
0	117
0	132
0	137
0	116
0	121
0	101
0	117
0	122
0	100
1558	0
7	2
0	282
0	260
0	241
0	327
0	347
0	176
18	0
3	0
2	0
4	0
544	0
212	0
16	413
13	413
108	0
0	105
0	113
0	111
0	107
70	150
20	247
4	245
3	247
37	0
0	314
0	233
0	261
6	292
2	1
2	54
0	476
0	474
0	1010
0	1012
0	200
0	1087
8	305
0	1089
9	0
8	0
4	0
6	0
0	0
22	1
0	1
173	1427
10	33
0	33
0	22
12	1427
1	22
0	39
0	615
1	0
67	0
4	59
183	59
7	11
11	223
2	18
29	223
0	163
5	60
4	655
14	289
0	670
0	654
0	170
10	631
19	0
11	5
1	1
0	96
16	635
0	24
0	660
0	588
0	0
19	0
0	3
203	3
0	5
5	0
40	0
2	0
8	0
2	2
0	0
0	0
17	4058
3	3130
37	1774
183	4058
1	1668
6	0
172	0
3	3400
588	3400
1	0
4	0
50	677
56	677
0	95
0	0
98	79
0	79
0	79
49	3
118	4
0	4
6	33
52	33
201	0
0	3
457	3
18	40
18	420
1	410
19	321
4	98
0	35
10	199
225	0
0	50
36	1
1	12
3	0
0	169
0	441
0	2
0	331
0	401
0	338
2	9
0	511
0	106
6	86
0	448
0	459
0	522
0	452
0	96
2	171
623	171
3	156
1	0
15	0
3	0
1	0
19	0
5	0
3	0
0	0
1	0
3	21
0	21
52	0
6	56
6	56
13	0
170	273
4	273
0	41
27	80
0	80
45	486
402	486
28	402
0	513
36	513
35	0
6	0
12	0
4	0
73	0
0	3
48	3
4744	20
54	20
35	57
0	0
193	57
0	720
0	708
0	707
0	721
2	0
0	2
1	0
0	2
85	0
4	86
1	83
12	81
0	89
0	0
0	127
0	119
0	81
1	81
0	181
3	135
0	328
0	68
0	11
1	52
0	215
2	2164
0	2817
1	1622
2	466
12	1263
15	1297
29	866
9	0
36	1
14	0
11	0
0	0
0	0
11	0
2	0
9	0
9	0
2	0
2	0
1	0
1	0
2	1
0	1
2	0
6	0
5	0
3	0
7	0
2	0
2	0
7	0
1	0
5	0
6	0
5	0
12	0
9	0
2	0
3	0
2	0
5	0
3	0
2	0
0	0
8	0
3	0
1	0
0	0
1	0
5	0
5	0
4	0
2	0
1	0
2	0
0	0
2	0
7	0
6	0
5	0
4	0
1	0
8	0
3	0
2	0
1	0
10	0
2	0
1	0
8	0
31	0
7	5
1	0
2	0
3	0
2	0
0	0
4	0
3	0
2	0
3	6
0	6
3	0
0	1
0	1
8	0
1	0
2	0
7	0
2	0
0	1
5	0
2	0
3	0
3	0
10	0
1	0
5	0
2	0
2	0
0	0
1	0
4	0
19	0
6	0
3	0
4	0
4	0
19	0
2	0
1	0
2	0
4	0
2	0
0	2
0	2
1	0
9	0
0	0
5	0
3	0
1	0
0	0
5	0
1	0
3	0
2	0
0	0
3	0
1	0
3	0
1	0
28	0
2	0
5	0
2	0
3	0
3	0
1	0
4	0
3	0
7	0
9	0
1	0
3	0
3	0
3	0
6	0
4	0
2	0
2	0
8	0
8	0
2	0
2	0
4	0
2	0
11	4
3	0
4	0
6	0
5	0
1	0
2	0
2	0
3	0
7	0
3	0
3	0
4	0
5	0
1	0
6	0
5	2
5	0
4	0
17	0
3	0
1	0
3	0
0	0
0	0
1	0
3	0
1	0
3	0
2	3
1	0
20	0
0	0
3	0
5	0
4	0
3	0
2	0
2	0
3	0
2	0
2	0
10	0
1	0
1	0
3	0
3	0
3	0
2	0
4	0
5	0
2	0
1	0
2	0
2	0
1	0
0	0
2	0
1	0
4	0
4	0
2	0
8	0
1	2
2	0
1	0
0	0
3	0
1	0
2	0
2	0
1	0
2	0
3	0
1	0
0	0
2	0
2	0
3	0
2	0
0	0
3	0
3	0
3	0
6	0
2	0
2	0
2	0
0	0
2	0
2	0
1	0
5	0
1	0
2	0
6	0
2	0
2	0
2	0
1	0
1	0
3	0
2	0
2	0
1	1
3	0
0	0
0	0
2	0
1	0
3	0
2	0
4	0
2	0
0	1
0	1
4	0
2	1
4	0
0	0
5	0
3	0
3	0
1	0
4	0
7	0
1	0
4	0
2	0
2	0
0	0
1	0
4	0
1	0
0	0
1	0
3	0
0	0
3	0
2	0
3	0
3	0
0	0
2	0
1	0
9	0
3	0
3	0
26	0
6	0
1	0
2	0
1	0
7	0
5	0
1	1
4	0
5	0
4	0
5	0
1	0
4	0
44	0
16	0
89	54
5	54
15	0
2	1
5	1
3	0
5	0
3	0
5	0
11	0
5	0
0	0
3	0
5	0
1	0
2	0
15	0
9	0
1	0
0	0
0	0
2	0
4	0
0	0
6	0
0	0
4	0
1	0
9	0
3	0
15	1
4	0
21	1
43	0
20	0
4	0
0	0
1	0
3	0
0	0
3	0
1	0
0	0
1	0
7	0
5	0
3	0
3	0
6	0
3	3
6	0
6	0
0	0
8	0
6	0
47	0
4	0
1	0
161	1
2	0
3	0
2	0
0	6
1	6
6	0
4	0
45	4
1	14
47	14
10	0
12	0
5	0
8	0
88	0
12	0
0	0
1	0
8	0
2	0
1	0
4	0
1	1
1	0
0	0
11	0
4	0
1	0
8	0
1	4
2	4
0	1
7	1
11	0
18	0
4	0
1	0
4	0
8	0
7	0
18	0
6	0
3	0
0	0
0	0
7	25
3	25
9	0
28	1
8	0
13	11
0	11
2	0
8	0
0	0
1	0
20	0
0	0
7	0
3	0
0	0
2	0
2	0
3	0
0	14
4	14
2	0
5	0
1	0
0	0
10	0
19	0
1	0
30	0
0	0
11	0
10	0
13	0
4	0
4	0
2	0
1	0
2	0
2	0
4	0
2	0
1	0
2	0
0	12
0	12
7	0
0	0
0	2
3	2
2	2
0	65
127	0
6	65
7	0
1	5
1	5
4	0
6	0
1	0
1	0
8	0
0	4
2	4
14	0
19	0
8	0
2	0
7	0
1	0
12	3
2	0
0	2
0	2
16	0
0	16
4	16
7	0
4	0
4	0
2	0
3	0
5	0
0	0
65	0
3	0
6	0
2	0
1	0
3	0
1	0
9	0
2	0
8	0
22	0
4	0
2	0
0	0
0	0
6	0
2	0
3	0
1	0
0	0
5	0
2	0
1	0
0	0
4	0
1	0
11	0
7	46
2	46
2	4
2	0
3	0
2	0
15	0
4	0
0	0
8	0
6	0
2	0
1	0
1	0
1	0
3	0
5	0
4	0
30	0
3	0
2	0
3	0
5	0
19	0
6	0
2	0
2	0
3	0
2	0
3	0
5	0
4	0
42	1
0	0
7	0
5	0
4	0
4	0
7	0
1	0
6	0
2	0
5	0
11	0
5	0
5	0
5	0
8	0
29	0
4	0
3	0
13	0
53	0
4	0
19	0
1	0
0	0
1	0
1	0
17	0
6	0
2	0
3	0
1	0
0	0
4	0
5	0
1	0
10	0
1	0
1	0
0	0
0	0
2	0
3	0
0	0
1	0
3	0
1	0
1	0
3	0
1	0
9	0
0	0
81	0
2	0
3	0
2	0
16	0
22	3
41	0
5	0
3	0
1	58
5	58
0	16
51	16
3	0
47	28
0	10
0	18
1	0
0	0
4	0
2	0
5	0
1	8
0	8
3	0
2	0
2	0
2	0
4	0
0	0
18	1
0	1
3	0
9	0
1	0
3	0
7	0
2	0
2	0
3	0
44	506
9	506
3	0
27	0
13	0
4	1
0	0
1	0
13	0
13	0
3	0
6	0
0	0
0	0
50	0
2	0
8	3
4	0
3	0
1	0
2	0
2	0
0	0
4	0
2	1
1	2
3	0
2	0
3	0
3	0
1	0
6	0
1	0
4	0
2	0
6	0
0	0
3	0
5	1
1	0
1	1
0	1
4	0
2	0
5	0
4	0
0	0
3	0
1	0
2	0
3	0
1	0
6	1
2	0
3	0
4	0
3	0
1	0
4	0
4	0
2	2
2	0
2	0
7	0
2	0
4	2
1	0
1	0
4	0
2	0
2	0
1	0
2	0
3	0
1	0
1	0
3	0
2	0
5	0
5	0
4	0
0	0
4	0
3	0
3	0
4	0
5	0
3	0
0	0
3	0
2	0
7	0
0	0
2	0
3	0
2	0
2	0
4	0
2	0
2	0
1	0
0	0
2	0
2	0
2	0
6	0
7	0
1	0
3	0
2	0
3	0
3	0
2	0
0	0
5	0
2	0
1	0
6	0
11	0
8	0
1	0
3	0
6	0
2	0
5	0
2	0
3	0
5	0
38	0
0	0
2	0
3	0
17	0
2	0
7	0
6	0
1	0
17	1
58	0
0	0
3	0
2	0
5	0
4	0
1	0
0	0
1	0
1	0
2	0
3	0
0	0
3	0
0	0
3	0
2	0
0	0
0	0
0	0
12	0
2	0
3	0
7	0
0	14
0	14
1	0
9	0
11	0
2	0
1	0
3	0
2	0
7	0
0	0
6	0
1	0
5	0
5	0
1	0
0	0
4	0
5	0
5	0
10	0
3	0
18	0
3	0
5	0
8	0
3	0
2	0
14	0
4	0
8	0
7	0
4	0
5	0
0	0
4	0
1	0
1	0
4	1
4	0
4	0
4	0
6	0
5	10
23	1
4	3
5	1
1	1
7	0
2	0
5	0
2	0
6	0
14	0
4	0
1	0
3	0
11	0
6	0
6	0
6	0
6	0
0	0
0	0
5	0
6	0
2	0
7	0
3	0
6	0
9	0
8	0
5	0
4	0
2	0
9	0
3	0
4	11
0	11
3	0
1	0
12	0
4	0
5	0
1	0
6	0
0	0
12	0
18	0
2	0
4	0
7	0
11	0
5	0
0	0
0	0
2	0
5	0
1	0
0	0
3	0
3	0
2	0
5	0
3	0
4	0
1	0
3	0
3	0
2	0
0	0
3	0
2	0
0	0
3	0
2	0
18	0
1	0
1	0
6	0
3	0
0	0
6	0
4	0
1	0
8	0
4	0
4	0
1	0
4	0
27	0
3	0
9	0
4	0
3	0
2	0
4	0
6	0
1	0
9	0
2	0
5	0
3	0
3	0
1	0
4	0
5	2
2	0
4	1
0	1
1	0
4	0
5	0
5	0
1	0
3	0
8	0
10	0
4	0
4	0
2	0
3	0
3	0
3	0
8	0
4	0
7	0
7	0
3	0
1	0
9	0
3	0
2	0
1	0
4	0
3	0
2	0
0	0
3	0
3	0
3	0
3	0
4	1
1	0
3	0
2	0
0	0
6	0
3	0
2	0
2	0
6	0
4	0
6	0
1	0
3	0
4	0
7	0
6	0
6	0
2	0
1	0
8	0
7	0
3	0
7	0
1	1
31	1
7	0
2	0
1	0
17	0
1	0
4	3
0	3
19	3
15	0
2	7
1	7
95	0
98	4
41	0
1	1
121	2
12	180
1	180
10	1
130	73
0	73
656	282
0	282
0	72
0	154
0	76
0	125
0	121
0	145
0	139
0	125
0	141
0	74
0	78
0	156
0	150
0	123
0	152
0	127
0	123
0	48
0	119
0	129
0	143
2	8
0	51
2	79
0	78
151	0
3	9
1	9
1	3
73	0
9	0
11	0
3	0
8	0
1	0
2	0
1	0
77	0
81	0
11	2
0	2
19	4
2	4
5	2
6	2
0	2
193	0
7	2
64	284
13	286
0	99
11	884
247	290
0	1
3	884
0	190
59	509
117	790
33	790
0	151
5	4
74	131
31	138
1	54
1	54
267	152
0	17
1	16
3	1
21	0
3	0
4	0
6	0
1	0
1	0
0	0
0	0
90	0
20	136
1	136
0	83
140	0
1	83
1	0
5	4
2	4
12	0
2	0
228	0
664	771
2	15
1	771
17	0
1	2
0	2
141	30
102	33
136	13
0	13
24	114
319	8
7	15
1	14
17	11
92	8
4	18
1	4
15	0
154	83
12	1084
0	947
0	1406
464	1198
13	412
0	1116
0	83
0	1237
16	11
8	31
2	144
46	0
10	256
13	266
42	266
7	81
9	81
95	0
20	0
1	0
5	0
1	0
1	0
63	10
6	8
18	2
41	0
291	2
3	5
0	592
96	592
1	179
0	388
24	7
13	4
5	2
6	2
7	5
36	8
5	1
0	8
2	0
6	29
0	31
3	12
2	0
5	0
349	0
0	149
0	159
0	268
0	268
6	18
4	13
4	31
7	63
0	8
1	70
43	353
6	15
2	26
9	317
4	36
0	0
14	0
28	0
10	0
4	0
1	0
1	0
6	0
62	0
4	0
33	5
61	321
5	321
6	1
0	0
2	3
39	3
85	21
0	21
0	2
3	2
0	52
36	52
0	13
1	13
3	0
40	0
7	50
212	50
678	111
0	111
6	141
0	17
0	1
25	141
223	0
19	239
0	430
12	321
2	164
3	20
0	396
7	52
0	193
2	28
97	65
3	310
2	245
0	314
0	348
24	40
0	5
12	0
11	0
1	0
0	978
0	30
0	660
0	5
0	167
0	73
0	1066
0	747
1	459
0	574
3	7
2	9
15	0
0	7
20	7
32	212
6	212
4	0
220	7
133	0
2	263
0	296
0	223
1	0
6	150
41	372
29	249
23	372
0	0
12	77
141	126
0	131
271	1
37	240
30	240
188	398
6	398
9	0
3	0
0	0
8	0
9	0
4	0
16	1
6	0
4	0
2	0
331	0
8	4
24	4
1	192
9	215
11	192
7	215
9	978
6	371
67	810
0	372
5	388
21	1159
0	379
154	374
42	4
15	781
12	0
0	285
4	11
43	203
0	208
32	287
125	0
0	0
1	0
4	0
0	0
7	0
3	10
4	10
1	559
3	49
1268	601
5	0
12	3639
62	932
118	26
115	1190
0	3756
7	0
6	0
5	0
5	0
1	18
26	18
0	32
80	0
8	32
35	46
163	46
0	1
0	5
0	5
0	5
10	5
0	5
0	82
0	1305
67	440
0	802
4	279
0	1367
0	740
7	7
4	88
27	417
0	126
30	417
0	84
0	85
0	87
0	86
28	0
1	0
1	0
4	0
5	0
1	0
1	1
2	0
3	2
2	2
16	29
0	29
85	12
0	12
0	9
20	9
108	0
5	5
61	221
1	62
3	203
0	101
0	225
0	262
5	92
7	3
0	269
0	266
0	266
0	266
0	274
0	271
0	140
0	261
0	134
778	0
55	0
6	0
47	0
2	0
3	0
24	0
2	2
4	0
2	0
2	0
252	0
158	0
1	0
0	0
4	0
20	0
3	0
3	5
0	4
9	116
208	116
16	0
1	1
0	1
0	0
0	0
0	238
0	330
0	390
0	430
0	328
0	136
0	137
6	31
0	198
0	97
10	585
1	377
19	1400
0	163
0	453
2	16
85	1406
0	567
0	1109
76	0
2	0
6	0
48	0
1	201
48	201
0	515
0	717
0	679
678	0
0	68
9	1359
0	1308
66	1479
20	460
24	460
4	0
6	0
0	7
4	7
8	10
4	12
1	2
1	2
10	0
3	11
3	11
417	379
305	379
794	0
1083	0
35	0
11	0
50	0
0	11
24	11
16	0
3	2
36	2
0	143
0	139
0	159
0	155
2	440
10	408
0	605
2	266
0	39
0	29
0	82
8	70
0	33
7	0
1	25
0	43
74	482
158	2395
133	1913
29	0
6	0
4	0
4	0
3	0
5	0
0	26
9	26
0	9
3	9
2	36
4	36
3	0
10	10
0	9
0	1
2	29
0	121
0	125
0	115
0	131
0	112
0	122
0	116
9	218
5	375
67	2013
2	323
3	1109
0	1961
22	0
2	0
1	0
0	5
2	0
3	0
6	0
13	0
17	0
1	0
2	0
2	0
32	0
31	0
192	0
94	0
152	0
168	187
1	187
21	483
0	468
0	15
1	6
180	10
0	10
2	1
3	0
5	0
1	0
0	1215
0	1105
1	977
0	1081
1	1033
0	1062
1	1
1	662
0	1145
7	435
16	282
0	1041
0	1174
0	1103
4	0
4	0
1	0
0	171
3	114
0	154
21	86
0	187
0	170
21	0
70	1
5	3
1	8
0	4
2	5
197	5
4	18
1	1
1	21
4	3
0	0
69	20
1	20
108	228
6	228
594	8
152	0
0	370
0	107
0	447
0	370
0	420
0	6
0	343
0	447
0	30
0	2
153	2
3	77
18	0
49	0
11	0
18	0
3	0
81	0
22	0
0	0
0	239
0	313
2	165
0	385
0	311
0	7
45	7
1	893
0	915
1	957
0	752
0	978
2	0
26	0
2	0
9	0
9	0
1795	9
9	129
121	518
1	2818
58	2600
17	2655
27	2641
5	0
3	0
1	0
2	0
3	0
13	0
3	0
38	0
9	25
0	24
30	0
14	4
13	4
239	0
0	0
0	1
0	1
35	0
36	0
0	0
1	59
1	59
2	178
5	178
57	137
79	0
180	7
3	0
52	1943
0	2145
2	1939
11	855
4	1
0	6
195	349
3	349
57	0
85	4
17	0
2	0
0	0
3	1
1	0
2	15
21	15
26	0
5	12
1	11
1	11
9	8
0	9
27	0
940	0
0	5
2	4
0	170
0	146
2	1
0	230
11	2
2	434
0	4
1	19
4	425
39	109
2	0
11	5
2	0
5	0
25	7
0	237
0	243
0	107
0	113
58	0
229	0
134	23
8	23
0	168
1	158
18	54
0	222
4	200
0	109
0	100
1	6
0	92
0	83
13	396
252	396
17	40
2	40
0	429
0	779
20	347
0	467
1	1
1	736
0	452
1	42
1	42
50	0
3	0
2	18
7	0
1	1
4	1
88	0
0	28
0	16
0	22
0	34
2	0
5	8
29	8
2	1
0	1
4	2
3	2
18	0
21	2
1	2
81	11
5	6
9	5
2	0
6	0
1	1
11	294
5	294
889	235
12	464
0	90
70	466
190	205
56	0
1	89
14	24
0	1652
0	1557
1	16
1	1626
0	204
1	100
0	16
0	1583
1	342
20	564
218	0
0	0
6	0
23	43
7	43
0	2
0	1831
0	1799
0	1833
0	1832
0	1799
0	1831
0	1833
0	706
0	1797
0	467
0	740
0	1798
0	1797
0	467
38	0
0	0
0	0
4	0
1	0
2	1
6	0
21	0
198	0
60	0
25	287
43	287
163	58
5	58
0	80
0	7
630	87
38	1511
0	242
1	240
7	122
18	1832
0	994
5	1547
225	0
18	682
0	777
30	21
13	71
3	2084
8	2094
3	820
11	78
1	0
22	347
4	347
1	6
14	347
5	1
0	911
0	866
0	1359
0	1314
24	0
20	0
14	0
4	0
5	0
13	0
2	0
0	376
1	142
1	419
1	0
7	2
18	2
1	254
18	230
2	3
6	247
23	45
5	45
60	0
0	25
0	26
65	15
0	26
0	26
6	14
1	25
0	26
0	26
0	26
0	14
196	0
73	0
91	27
1	27
31	15
22	15
5	1
0	1
2	1
0	615
0	615
8	1
10	150
0	150
0	246
0	651
53	529
45	9
0	190
0	9
91	0
112	0
6	0
8	0
1	0
0	287
0	292
0	113
0	8
0	304
2	78
0	309
4	0
169	0
149	0
11	175
56	0
2	175
16	2
37	8
154	0
5	1
1	0
1	1
5	60
24	309
4	268
0	82
4	0
233	82
305	24
0	24
0	1157
42	825
1	485
20	1064
3	2
3	441
48	88
0	88
0	120
103	120
5	0
0	0
2	0
0	0
23	1
5	0
7	123
3	123
99	0
207	0
2	0
3	865
18	878
6	582
0	586
0	604
0	0
4	0
1	0
2	2
2	2
0	1
1	9
0	7
0	6
1	8
8	3
101	4
3	165
24	14
4	135
0	164
1	13
0	134
1248	411
2	417
177	6
2	0
0	0
1	0
3	0
436	0
9	0
0	0
1	8
6	0
0	9
3	6
0	10
1	3
0	0
1	4
0	9
4	4
887	0
4	20
0	40
3	154
126	194
0	32
2	0
1	0
2	0
2	123
4	123
172	1553
16	1553
93	30
3	252
16	252
0	544
0	399
0	540
0	541
0	392
0	392
0	388
0	537
0	561
0	565
0	387
2	5
0	396
0	368
0	564
0	568
0	689
140	0
168	1448
0	816
0	125
0	691
0	0
0	689
0	691
0	689
4	1448
0	688
220	0
27	0
0	0
1	0
1	0
0	13
280	0
5	13
258	0
440	84
0	416
26	416
3	1
0	76
1	0
18	509
6	155
12	509
0	150
0	155
6	0
11	0
1	0
213	0
11	0
174	0
16	0
0	256
4	219
103	232
88	113
1	113
29	794
3	786
2	779
1	462
6	787
3	1
111	0
85	214
480	214
61	607
31	57
113	26
115	574
0	15
20	0
38	1
2	0
1	0
1	0
6	0
6	0
3	2
1	2
16	0
0	455
0	17
0	455
0	550
0	213
0	308
16	7
7	0
6	343
2	94
713	343
258	0
0	0
14	439
0	439
5	409
79	409
0	44
0	59
2	3
0	5
0	62
0	41
683	5
5	5
648	90
0	619
0	619
0	619
1	619
0	619
0	619
0	9
48	401
4	74
71	475
85	0
38	1
17	0
2	0
0	0
1	0
366	0
134	0
1	16
87	16
3	21
1	21
0	1230
74	1326
24	263
23	1858
5	1190
0	1755
262	0
463	0
148	30
181	165
37	155
112	48
0	39
0	39
4	0
1	16
0	16
207	6
13	10
2	4
141	4
76	7
0	4
0	133
0	133
0	413
0	413
0	132
0	413
0	133
0	414
0	38
0	414
0	414
0	413
0	415
0	133
0	414
0	133
0	415
0	414
0	32
3	38
0	138
13	546
9	408
3	446
0	29
4	7
0	201
2	1
26	88
0	240
1	83
0	285
0	256
429	0
181	2521
42	2570
5	1560
358	1113
51	103
39	0
34	0
18	0
9	0
6	0
1	0
7	0
5	0
2	0
704	1
0	1
4	32
4	40
89	52
1	0
0	0
5	14
4	14
49	0
0	0
243	158
3	158
95	345
44	871
65	871
0	113
0	1
0	92
1	2
1	6
13	4
1	4
26	6
6	8
33	9
0	6
13	6
0	3
12	13
2	7
1	10
4	10
4	3
6	7
0	5
6	1
9	7
0	2
33	2
0	2
2	1
1	0
80	116
37	377
5	49
30	377
8	44
452	116
4	0
20	0
20	0
0	1435
0	1217
0	1233
0	1351
0	1358
0	1156
0	1275
0	1222
0	1228
13	0
3	0
5	1
1	0
0	22
25	22
11	6
2	6
19	1
3	0
18	0
12	71
1	254
5	244
1	0
0	100
0	50
18	50
73	228
0	574
0	605
53	114
0	617
0	586
0	216
20	302
0	488
0	284
5	73
15	14
0	253
2	5
0	522
1170	11
1	518
0	550
42	0
10	0
9	0
9	0
0	0
37	4
2	0
6	0
6	0
0	1165
6	4
0	1722
0	635
0	1065
0	603
0	1754
0	1097
2	537
0	1197
0	11
361	11
3	0
15	0
1	0
3	0
0	0
6	3
0	1
33	0
23	0
5	37
1	37
11	34
46	387
19	353
19	257
135	257
3	10
102	456
0	1416
0	189
0	1003
0	1287
0	1140
0	198
2	9
14	1146
0	198
0	1422
0	205
0	1429
0	1407
0	736
0	63
0	1422
6	453
0	97
49	0
18	8
2	0
5	0
1	0
26	0
12	0
0	55
0	549
0	549
10	328
12	328
3	216
95	216
19	665
226	69
5	331
90	665
2	6
92	6
179	5
0	0
41	29
0	29
295	458
2	458
2	0
21	204
1	226
0	214
4	130
0	57
2	0
0	204
0	91
1	459
0	157
0	321
22	392
9	38
2	0
12	0
3	0
2	2
2	2
8	0
0	9
69	10
165	0
0	42
2	42
0	173
0	72
48	241
25	313
204	1498
50	503
109	1498
6	503
0	2
3	2
1	0
4	2
2	1
0	3
22	0
2	0
0	406
0	338
0	406
0	338
19	88
0	115
2	118
9	0
18	229
8	205
0	24
6	0
1	0
2	0
7	0
1	0
0	1
0	1
0	191
0	189
0	44
0	200
0	180
1	1
0	53
244	1
0	0
3	0
0	0
2	0
0	16
0	14
0	17
59	234
2	233
209	0
2	1
0	35
0	36
0	29
0	29
0	29
0	34
7	488
19	488
1	243
0	36
0	36
0	36
0	90
0	61
0	210
30	210
0	36
214	1
0	178
0	560
0	1607
0	1449
1	888
0	680
0	200
1	238
1	1542
0	33
9	634
8	869
62	869
0	0
9	0
7	0
13	0
137	0
4	0
45	0
1	0
3	0
85	0
1	0
1	559
14	576
1	549
0	592
0	608
2	3
0	586
7	404
0	0
2	6
572	238
2	232
67	6
1	0
1	202
25	126
0	321
1	3
3	161
19	34
0	35
0	307
4	19
2	3
1	311
0	186
22	325
14	97
5	97
90	4
2	4
0	152
0	97
0	152
0	152
0	151
0	152
0	152
0	152
140	0
166	0
15	301
0	63
1	101
13	398
0	22
17	308
4	0
17	45
3	21
20	88
59	88
0	45
2	128
2	10
161	2
9	3
66	1
0	61
139	2
7	32
0	428
0	436
31	411
0	457
4	395
0	436
19	395
0	453
3	96
2	91
0	454
0	431
5	34
9	0
3	0
31	0
3	0
5	0
2	0
8	0
6	0
22	0
434	0
9	37
25	46
17	9
0	119
544	119
95	0
1	19
4	1
0	523
0	525
6	848
1	280
11	243
0	1355
0	1357
0	1347
0	1349
2	848
23	24
0	22
0	24
1	13
0	19
19	0
6	0
21	0
1	0
2	0
2	0
0	22
196	22
91	0
0	6
9	6
2077	0
8	0
2	7
1	8
7	4
2	4
9	0
9	7
6	0
1	3
0	374
0	115
0	253
0	79
0	444
0	74
0	434
0	112
0	447
0	256
0	431
0	447
0	432
0	256
0	253
0	313
0	115
0	444
0	122
0	112
0	435
0	0
0	189
0	43
0	77
0	361
0	76
6	0
1	0
6	0
3	0
58	0
7	0
7	157
1	157
186	0
21	23
2	9
50	23
0	0
16	63
54	63
1	32
1	1325
2	1381
13	407
0	1078
102	1628
0	380
1	380
10	54
0	329
0	300
0	197
24	84
0	403
0	368
56	0
38	0
4	0
2	0
3	0
148	0
0	23
2	23
8	130
14	130
2	28
28	28
13	188
113	188
32	103
40	833
17	833
0	424
11	103
4	0
3	0
0	0
6	0
20	0
1	7
0	8
1	8
2	7
1	2
288	0
2	3
44	133
63	412
74	432
6	0
1	0
10	0
3	9
1	9
0	0
22	0
5	2
0	224
0	235
0	220
0	204
0	216
0	231
1	2
0	1
0	1
29	0
4	0
8	21
0	21
16	0
72	0
7	0
127	462
0	521
13	59
8	316
0	5
0	22
17	0
2	41
0	41
68	22
0	0
10	47
2	47
42	0
0	501
2513	520
3	17
24	0
2	2
4	0
0	0
17	1
1	2
0	2
6	1
7	0
3	0
4	0
0	1
2	1
53	228
17	228
11	2
172	1
0	3
1	3
2	43
4	11
0	4
0	14
0	3
0	13
5	29
6	42
2	2
0	15
195	15
2	34
0	120
0	197
0	114
0	9
0	203
0	308
0	179
0	225
16	1
3	308
313	308
17	1
3	34
24	0
10	0
206	7
1	1
0	230
0	58
0	54
0	234
5	0
6	0
6	0
144	426
15	398
1	426
86	0
1	34
20	27
5	8
14	32
0	26
2	12
3	27
1	20
0	1460
1	84
6	390
1	1967
1	1679
0	0
6	0
36	178
50	415
32	252
0	15
0	1
26	238
100	186
173	305
0	302
0	221
8	168
0	191
14	137
4	126
0	137
4	75
0	189
0	188
0	157
0	163
0	136
0	126
0	124
0	129
0	131
0	132
0	197
0	156
0	186
0	162
0	200
0	199
0	134
0	134
0	136
0	136
0	139
4	3
0	8
5	0
17	2
2	0
81	0
39	1
0	1
24	1
110	0
151	0
100	0
2	2
6	0
2	0
27	36
0	19
3	36
3	0
13	107
0	596
39	343
2	428
0	440
0	903
0	822
6	463
0	747
0	600
0	360
244	15
0	121
0	160
0	255
0	194
7	213
0	306
0	155
0	254
0	272
8	472
1229	472
3	0
10	0
2	0
4	0
2	0
3	0
5	0
8	0
0	0
0	0
5	0
0	2
4	2
0	104
21	1076
46	1130
9	1150
2	147
0	38
0	38
9	0
15	0
6	0
0	0
5	0
25	189
293	189
0	1148
0	1141
0	3
2	120
0	1101
0	1108
0	1035
0	1042
0	995
1	89
2	135
0	1002
0	2
3	0
21	5
0	11
33	8
0	8
9	0
27	526
0	183
10	526
0	183
0	183
4	0
0	1
0	158
0	1104
10	1079
15	135
0	424
21	66
9	38
19	38
10	0
6	0
0	0
0	0
8	0
20	0
10	0
3	0
50	0
4	0
9	0
6	0
3	0
6	0
3	0
2	0
2	8
6	8
5	0
20	5
11	0
6	0
18	0
0	0
4	0
2	0
1	0
0	0
5	0
38	0
6	0
1	0
1	0
3	0
3	0
5	0
3	0
14	0
1	8
0	8
5	0
0	0
6	0
3	0
7	0
2	0
4	0
19	0
15	0
3	0
3	0
1	1
6	1
0	1
3	0
31	1
3	0
3	0
0	4
2	4
5	0
3	0
13	1
5	0
13	0
2	0
2	87
0	87
7	0
1	0
9	0
11	0
15	0
66	0
2	0
4	0
7	0
12	0
8	0
3	0
3	0
3	0
5	0
57	1
2	0
4	0
2	20
1	20
9	0
5	0
11	0
1	0
0	0
2	0
40	0
7	0
5	0
3	1
2	1
3	0
0	0
4	1
116	0
0	0
3	0
5	0
4	0
7	0
0	0
17	0
8	0
6	0
4	0
0	0
6	0
4	0
1	0
0	0
3	0
3	0
9	0
0	0
3	1
3	0
138	0
4	1
16	3
6	0
2	0
4	0
2	0
4	0
1	0
2	0
2	0
7	0
7	0
18	0
27	0
3	0
5	0
5	0
3	0
2	0
1	0
0	0
7	0
8	6
0	6
1	0
42	0
2	0
4	0
1	0
16	0
3	0
2	0
7	0
5	0
1	0
2	0
3	0
2	0
3	0
6	0
9	0
1	0
6	0
3	0
1	0
16	0
0	0
4	3
3	0
4	0
24	0
18	0
6	0
3	0
8	7
3	0
9	0
16	1
2	0
1	0
5	0
11	0
5	0
0	0
0	0
4	0
2	1
2	0
4	0
0	0
2	5
4	7
3	0
3	0
3	0
6	0
3	0
8	0
2	0
0	0
9	0
2	0
4	0
16	4
4	0
3	0
3	0
1	0
3	0
1	0
1	0
1	0
2	0
24	0
2	0
18	0
0	0
7	0
6	0
0	3
7	3
2	0
0	0
2	0
7	0
8	0
15	0
12	0
2	0
0	0
0	0
2	0
3	0
60	0
7	0
2	0
3	0
1	0
4	0
3	0
45	0
15	0
4	0
2	0
3	0
5	0
0	0
0	0
8	0
2	0
0	0
0	0
0	0
3	0
15	0
1	0
156	0
17	0
186	5
2	5
0	0
1	0
5	0
5	0
6	0
3	0
0	1
0	1
6	0
1	0
1	0
11	0
1	0
6	0
2	0
0	0
0	0
7	0
2	0
1	0
0	0
8	24
0	24
3	0
57	0
35	0
13	0
9	0
5	0
11	0
10	0
3	0
2	0
0	0
1	0
5	0
8	0
25	0
4	0
5	0
1	0
3	0
5	4
1	4
2	3
3	3
5	32
4	32
1	0
7	0
19	0
0	3
0	3
55	0
1	0
1	0
9	0
5	0
2	0
1	0
5	0
4	0
0	7
0	7
15	0
14	0
4	0
1	0
8	0
4	0
0	0
7	1
2	1
0	2
3	0
2	0
3	0
8	0
2	0
4	0
2	0
1	0
7	0
3	0
5	0
2	0
1	0
9	0
3	0
2	0
3	0
3	0
1	11
0	11
3	0
7	0
0	2
3	2
8	0
1	0
1	0
1	0
0	0
8	0
4	0
1	0
5	8
0	8
5	1
0	0
4	0
4	0
0	0
6	0
1	0
10	0
7	0
4	0
2	0
4	0
6	0
3	0
1	2
0	2
1	0
1	0
7	0
2	0
2	0
1	2
0	2
2	0
4	0
0	0
15	1
3	0
2	0
6	0
2	0
8	0
3	0
3	0
1	0
2	0
0	1
4	1
8	14
2	14
0	1
1	1
7	0
3	1
1	1
6	0
10	0
14	0
3	0
3	4
0	4
3	0
2	0
5	0
12	0
9	0
1	0
181	60
0	60
0	0
7	0
0	0
7	0
0	0
4	0
0	0
42	0
4	0
1	0
0	0
68	0
6	0
0	1
2	1
22	0
8	0
2	0
1	1
2	1
3	0
5	0
1	0
1	0
0	0
2	0
3	0
22	0
2	3
0	3
0	1
1	1
1	0
2	0
0	0
4	0
5	0
1	4
1	4
4	0
3	0
2	0
5	0
1	0
0	0
2	0
5	0
2	0
2	0
1	0
5	0
3	1
12	0
2	0
8	0
0	2
0	2
1	0
1	0
0	0
1	0
6	0
1	0
0	2
6	2
1	0
5	0
2	0
4	0
3	0
3	0
3	0
27	1
5	0
1	0
2	0
1	0
0	0
2	2
0	1
2	0
3	1
1	0
5	0
1	0
1	0
12	0
4	0
3	0
5	0
3	0
0	1
13	1
2	1
2	6
2	6
5	0
4	0
148	0
877	0
11	0
3	0
0	11
58	11
6	0
21	0
9	7
4	0
0	6
0	6
28	6
11	0
18	4
4	0
4	0
2	13
245	13
4	0
4	3
1	0
6	0
1	2
1	2
0	0
10	0
3	0
4	0
3	0
1	0
0	0
1	0
1	0
1	0
0	0
5	0
15	6
2	7
60	0
0	0
0	0
565	0
5	17
2	17
19	0
13	0
2	0
11	1
6	0
12	0
55	0
1	0
4	0
1	1
3	1
195	0
8	0
1	3
0	3
4	54
4	54
3	0
25	0
24	0
3	0
1	0
0	13
2	40
156	53
12	0
5	0
0	0
4	1
0	1
3	0
0	10
13	10
2	0
2	0
0	0
16	0
8	0
36	1
45	0
0	9
3	9
0	18
124	137
0	137
1	0
6	0
3	0
1	0
1	0
0	0
2	0
1	0
1	0
40	0
38	0
16	8
0	8
9	0
2	0
6	1
1	3
15	100
75	100
22	440
67	440
0	6
1	6
38	0
8	0
0	8
1	8
2	1
550	0
1	3
2	3
52	1
6	0
0	0
10	0
3	0
2	0
20	189
25	189
2	42
16	0
4	4
2	4
0	0
6	0
17	0
24	1
1	0
10	102
7	69
28	34
0	34
15	0
0	0
3	31
162	31
52	1
84	23
0	22
3	0
14	0
0	0
5	0
27	0
11	0
4	1
63	0
356	0
2	0
2	0
59	0
10	0
11	0
3	5
1	0
2	0
3	1
0	1
4	0
4	0
38	0
0	0
2	0
0	0
7	0
27	0
1	0
3	0
7	21
5	21
0	3
1	3
0	2
0	0
0	0
14	0
2	0
1	0
1	4
1	4
3	0
4	0
0	0
10	0
1	0
2	0
1	0
0	0
0	0
9	0
2	0
0	0
0	11
5	11
0	7
34	7
9	1
0	1
2	0
36	0
4	0
4	0
6	0
2	0
27	0
6	26
3	26
0	0
5	0
8	0
43	1
10	0
2	1
16	0
0	1
0	1
2	0
24	1
8	0
0	0
0	542
1	556
1132	578
4	30
1051	0
14	12
13	12
12	704
35	102
1548	704
0	1
0	1
220	145
0	145
1027	192
0	192
20	9
12	1
38	2
31	33
3	0
0	0
7	5
5	46
6	46
0	2
4	1
2	0
1	2
12	14
1	8
0	1
25	6
4	12
0	2
0	1
0	1
3	5
10	18
18	80
4	2
63	81
148	1
17	3
2	4
1	5
43	13
7	12
4	12
3	122
88	133
9	12
47	30
7	1
2	12
6	13
11	13
8	2
0	0
0	0
0	0
4	2
8	3
1	3
33	78
20	78
1	0
10	1
1	0
2	4
23	21
1	3
31	22
0	1
0	0
1	1
1	1
4	4
98	18
0	16
2	20
2	6
19	20
1	9
0	9
0	8
47	0
68	11
3	4
44	27
11	29
0	12
0	8
3	0
0	7
0	5
0	6
14	5
0	11
6	1
3	61
7	44
0	61
15	3
1	2
0	3
0	2
3	35
1	12
3	21
5	6
2	0
1	9
2	30
5	8
13	25
6	15
0	9
1	19
4	5
3	8
5	31
0	2
0	8
10	3
121	42
1	2
3	1
26	13
1	0
5	0
14	1
2	0
6	0
5	0
15	0
3	4
1	3
1	1
0	2
2	2
6	9
14	19
0	11
0	10
1	3
0	9
3	7
7	7
9	5
0	6
2	7
7	12
10	13
0	34
0	17
0	48
0	42
4	7
0	20
0	26
0	59
0	24
0	40
0	11
0	42
0	25
0	35
0	33
0	30
0	41
5	0
4	20
14	8
0	49
0	12
0	7
4	19
1	8
0	61
0	57
12	56
0	23
0	25
2	6
941	0
12	22
5	40
0	56
0	50
0	61
0	55
2	11
3	7
2	4
0	4
18	0
5	2
3	3
7	0
9	0
4	0
2	0
0	0
0	0
0	77
0	36
3	43
1	35
73	106
2	49
67	0
122	287
8	0
0	0
0	286
1	0
2	0
131	1860
0	3
5	3472
577	3782
10	3955
91	1618
1	4002
45	4004
9	0
7	0
0	2
1	2
5	0
27	16
101	16
2	1
1	0
4	2
41	3
0	1
4	6
5	0
5	0
0	7
0	7
0	2
2	2
1	2
1	6
0	3
5	0
0	3
0	3
7	2
14	0
7	0
4	0
17	0
3	0
1	0
4	0
2	42
1	11
4	11
21	2
2	4
0	5
2	1
86	4
9	6
15	42
3	5
106	8
13	10
4	1
36	0
8	119
23	162
6	144
13	20
9	0
0	107
0	19
0	39
12	74
0	112
0	160
0	17
0	155
11	1
51	34
5	18
81	39
7	9
7	1
1	0
0	5
0	5
1	1
0	26
109	23
0	5
0	42
1	17
19	0
2175	512
7	529
0	0
7	7
0	7
6	10
17	9
3	16
18	7
11	3
3	6
5	11
0	11
6	6
0	5
2	3
0	0
0	5
44	7
7	4
1	0
4	2
3	7
1	1
19	9
1	4
1	4
1	3
0	5
2	35
2	36
1	12
224	16
1	0
5	0
42	1
5	4
7	7
6	5
2	6
1	0
18	49
1	49
3	11
3	0
2	4
0	4
5	4
42	3
1	12
32	6
0	3
0	0
4	4
2	11
2	11
4	4
5	6
20	5
3	1
4	1
8	5
32	4
2	5
1	2
1	2
0	2
5	1
1	0
0	0
2	0
0	2
0	2
11	1
4	9
0	17
1	16
0	8
7	27
82	27
173	32
17	26
1	86
4	79
0	41
10	121
1	117
62	9
14	10
5	88
12	61
8	1183
3	32
6	1134
45	1061
276	20
9	15
1489	331
13	12
2	319
995	15
13	24
3	29
0	65
0	14
5	71
0	18
1	47
12	104
0	6
6	5
0	293
41	299
17	187
7	214
7	14
0	6
14	24
79	70
2	7
2	26
0	0
15	1
116	54
3	54
1	303
1	9
54	352
0	60
1	4
0	243
0	13
0	25
2379	25
0	55
0	57
2	39
0	62
0	62
0	33
0	49
3	31
1	17
8	64
0	6
2	0
0	16
0	2
22	53
4	6
0	27
13	62
83	6
7	46
8	19
1	0
68	0
2	1
2	11
1	9
0	3
8	2
1	2
10	2
1	2
0	0
6	2
4	4
4	0
0	1
0	0
1	3
51	8
3	9
0	4
1	6
240	3
0	3
1	6
1	9
7	4
1	9
0	4
11	10
0	2
0	2
6	6
0	4
0	3
6	6
7	5
0	1
5	6
10	1
266	0
7	4
1	2
2	40
4	1
2	2
1	16
2	9
25	44
0	44
7	13
5	3
2	1
1	4
3	91
9	91
11	11
3	6
0	2
4	1
2	13
0	17
0	12
2	7
0	8
0	1
7	10
5	0
6	2
1	1
288	2
2	18
0	2
6	30
5	29
0	4
2	2
0	7
4	8
8	5
8	130
21	85
1	129
0	45
4	6
1	173
19	125
0	1
15	8
6	5
23	8
40	92
0	46
16	0
27	0
2	1
1	2
1	0
4	7
1	0
3	2
4	7
3	11
0	205
32	6
17	2
1	4
1	33
28	11
0	18
1	12
2	145
8	10
15	21
0	197
9	28
22	213
61	59
14	206
43	16
9	11
3	145
39	7
5	9
48	18
6	16
5	12
14	15
55	4
2	41
4	50
0	28
33	7
8	14
2	42
6	6
4	3
44	6
10	1
17	5
7	12
19	9
13	6
86	3
18	9
57	6
4	7
17	372
144	381
46	193
2	8
0	8
3	9
0	17
11	17
2	115
103	115
10	2
8	0
9	0
0	2
0	1
9	1
31	3
4	1
0	2
0	0
31	267
6	11
0	4
61	267
2	15
6	61
40	35
9	145
4	5
2	33
0	0
1	0
0	0
15	172
3	5
0	2
5	0
5	0
11	0
5	1
80	12
11	17
5	2
21	142
30	137
15	46
33	22
15	4
11	1
4	12
49	8
0	17
10	6
12	5
19	7
118	6
3	150
0	260
0	331
0	326
0	120
0	255
3	1
18	76
0	42
12	0
0	15
0	1
64	3
2	0
6	2
11	0
4	0
3	11
5	11
0	41
6	28
14	56
9	44
2	36
1	24
2	28
1	8
3	3
1	3
21	13
1	12
2	5
4	1
5	6
0	4
2	0
0	347
0	6
5	19
10	332
11	358
4	3
1	2
1	352
0	211
31	275
5	4
1	245
0	5
4	307
0	326
1	198
1	350
2	3
1	3
2	3
11	7
1	5
0	2
2	5
0	8
0	3
20	7
13	7
12	0
8	10
6	5
0	3
0	5
1	3
17	6
2	0
4	0
0	0
1	0
0	0
2	12
2	17
6	17
72	29
256	7
8	0
29	3
7	7
183	85
14	61
6	9
7	0
7	0
18	10
1	3
158	16
5	5
25	10
1	11
8	17
4	10
3	6
2	2
0	6
2	0
1	1
357	10
0	0
54	0
0	9
21	9
3	5
0	2
127	0
26	59
0	59
221	0
4	0
0	17
3	2
1	6
0	3
0	5
0	2
0	8
0	13
0	5
0	10
0	10
0	11
0	9
0	12
1	13
0	10
0	5
0	12
19	3
15	25
1	74
2	29
49	69
7	97
1399	646
1	36
31	4
7	39
1	34
6	41
2	0
1	0
3	0
0	0
0	16
4	20
57	0
16	2
2	6
0	827
14	451
11	824
1	619
0	807
0	816
8	645
3	0
0	796
2	13
2	2
4	10
5	10
8	12
2	7
0	3
15	0
3	0
81	0
3	14
2	17
9	4
5	0
1	5
0	8
2	3
142	12
19	21
77	39
18	5
16	19
63	25
32	19
177	23
16	7
20	9
25	17
54	75
148	135
65	138
173	40
12	26
17	25
26	18
45	24
17	32
90	38
49	28
51	16
22	0
1	0
3	0
261	0
4	0
3	3
0	2
37	1
285	651
3	43
25	125
72	882
3	1
29	912
57	182
2	2
2	2
3	0
0	1
0	1
5	0
8	0
180	97
31	104
4	17
2	1
9	5
2	1
2	2
2	1
4	3
2	0
3	5
3	727
213	3106
34	1226
4	883
40	3106
33	0
47	1
0	1
0	8
10	7
9	13
5	15
171	30
4	16
9	3
39	297
1	11
127	312
0	18
0	0
7	0
5	0
2	0
14	0
10	0
6	3
7	14
1	13
10	6
8	3
2	6
0	10
6	1
9	1
11	38
1	33
0	61
8	0
1	3
5	5
5	5
2	7
1	33
80	43
1	13
5	17
3	3
6	6
8	12
3	24
35	0
5	29
0	189
10	20
35	10
0	296
0	100
0	285
2	2
0	362
0	387
14	8
1	164
6	0
5	0
7	0
2	0
3	0
2	0
2	0
2	1
1	1
4	0
83	2716
9	2607
2	139
7	4
7	36
1	2
7	91
3	5
1	95
16	20
4	16
0	97
19	13
5	30
0	7
2	13
1	10
2	1
1	6
13	79
0	10
1	14
0	10
4	2
15	4
0	10
1	28
3	2
2	0
0	1
3	0
4	0
18	269
8	269
6	2
1	0
0	1
8	1
1	0
0	0
5	53
0	59
1	4
10	5
1	58
1	39
3	5
2	8
0	112
0	115
5	0
5	118
4	2
0	118
0	1
3	33
0	1
2	2
0	5
12	3
1	114
0	2
3	6
9	4
0	3
3	3
0	1
0	7
0	5
0	3
18	0
2	0
0	0
33	7
3	5
1	12
0	10
2	19
30	6
138	19
3	10
4	1
195	10
11	25
25	16
1	19
5	19
7	15
28	14
17	34
9	1
115	39
10	8
41	39
32	28
98	26
17	42
33	71
78	59
8	32
1	29
33	28
13	61
8	42
27	32
23	68
0	26
12	49
15	29
4	40
9	117
72	132
30	13
32	13
86	19
7	0
1	0
3	1
32	0
7	0
0	0
17	2
38	1
2	2
2	1
9	16
2	0
1	10
2	64
0	69
1	5
0	4
7	2
0	17
1	8
2	5
0	59
0	59
4	13
4	7
4	4
3	62
2	7
2	1
331	19
22	0
7	19
2	1
14	3
2	1
22	10
0	3
0	0
1	3
9	14
2	6
0	47
41	0
0	48
0	47
0	47
0	47
0	48
0	47
0	49
0	48
0	72
0	48
0	47
0	47
0	47
11	86
15	59
0	49
0	0
3	0
24	0
4	0
1	0
3	0
1	28
0	28
3	233
0	247
6	254
650	17
1	16
0	1
4	7
13	23
6	5
0	47
9	9
3	48
10	0
10	17
4	1
8	7
1	2
1	31
0	17
4	38
32	15
2	19
4	23
0	18
2	28
0	29
17	38
3	28
0	16
7	23
7	19
7	23
4	18
0	18
0	2
0	2
4	0
5	8
8	22
41	73
0	51
9	23
12	34
14	35
371	92
1	13
7	0
3	1
25	0
20	323
20	323
2	77
4	8
0	3
5	3
1	7
0	2
6	13
21	6
4	5
5	13
9	26
1	13
3	34
84	42
1	6
15	5
11	25
3	1
1	5
5	5
9	14
35	16
3	10
9	1
3	0
23	0
0	0
20	2
1	2
34	32
0	46
779	32
20	4
7	43
70	99
1	98
6	100
11	437
1	797
2	764
126	0
3	525
18	14
9	648
19	13
1	0
3	0
68	839
26	2
16	941
58	3
64	1139
8	5
23	6
32	9
1	8
1	15
20	8
2	15
12	2
15	8
10	0
1	0
0	0
3	0
2	0
2	0
3	0
6	0
0	0
2	0
4	18
5	18
10	0
0	3
0	2
0	2
54	0
7	20
5	7
0	0
0	18
7	14
5	21
5	9
2	4
0	181
23	182
3	23
128	19
0	4
1	13
14	16
6	94
3	214
99	214
39	214
7	33
1	25
31	32
2	12
28	0
3	0
3	2
0	3
1	3
1	0
6	0
0	0
6	0
24	0
2	0
2	0
11	0
0	136
77	136
3	3
4	3
2	5
2	2
250	144
0	6
0	6
2	1
0	145
1	9
2	11
13	11
11	1
0	0
2	10
1	9
4	4
0	594
2	591
2	8
1	3
0	592
2	14
0	590
2	0
2	5
4	5
2	7
2	1
0	12
0	15
4	0
2	17
2	3
1	20
3	0
0	0
0	3
1	3
1	3
1	2
41	101
2	0
5	0
0	3
0	100
6	0
2	1
8	6
2	1
0	1
7	9
4	3
27	0
3	0
0	0
151	29
0	11
3	29
1	2
0	2
24	0
3	2
13	2
0	2
1	58
7	124
3	7
46	160
5	18
67	22
57	0
1	5
0	6
0	7
0	8
1	9
4	4
0	65
10	16
3	66
5	9
1	6
0	8
5	8
0	1
15	7
17	4
3	0
156	7
2	6
18	2
0	2
0	131
2	0
0	19
0	15
5	2
1	20
0	15
0	14
0	123
23	109
0	14
0	125
8	0
0	0
8	0
0	0
3	3
3	3
3	1
1	1
1	1
19	7
5	6
3	4
2	14
2	3
2	4
26	0
3	1
5	3
252	3
1	12
5	0
16	44
0	9
2	9
16	41
1	6
9	1
1	10
1	23
26	34
16	13
2	34
1	0
0	15
1	9
4	4
38	23
3	0
232	4
0	1
229	0
2	2
19	2
3	4
172	2
83	2
4	0
13	5
3	3
12	10
2095	21
17	161
23	7
436	161
0	0
45	15
63	16
1	0
0	10
2	0
0	4
0	123
65	123
3	4
765	29
10	14
12	22
37	40
3	0
3	0
3	2
0	0
6	29
16	282
105	284
0	13
299	88
26	36
9	35
51	262
29	142
0	136
10	6
0	140
55	25
26	16
15	28
0	13
7	41
2	1
138	0
1	0
45	17
60	26
7	5
1	4
2	18
0	14
30	22
219	86
1	13
1	6
5	37
42	57
0	4
1	32
62	49
21	7
26	0
10	0
0	3788
14	3689
5	3785
7	557
310	558
5	2
0	1
3	0
1	1
7	2
0	0
5	1
8	6
1	2
0	4
5	1
12	40
0	1
0	7
5	52
0	5
8	4
4	27
6	5
10	3
7	3
1	4
6	5
0	5
0	5
1	5
1	7
2	1
1	6
7	7
1	7
5	0
3	0
6	0
2	0
0	0
0	65
26	87
9	22
11	30
0	0
1	1
3	1
26	35
3	9
3	33
0	5
5	9
15	41
10	37
19	31
0	31
24	20
2	29
86	29
10	27
2	8
0	5
0	8
5	4
1	2
1	0
10	0
4	0
10	10
9	6
3	5
0	3
1	2
4	2
3	3
3	2
25	9
12	3
15	1
26	8
9	4
8	2
11	353
0	353
21	6
36	3
14	6
83	4
2	1
7	2
4	2
2	0
21	69
1	0
486	69
11	150
3	10
77	164
169	189
31	44
0	0
1	0
4	1
10	0
4	3
0	3
4	2
0	92
8	124
9	2
13	34
35	95
9	73
1	2
0	6
0	1
0	1
3	2
4	5
3	2
0	6
5	7
2	3
1	3
5	0
1	3
0	6
4	11
1	11
4	0
1	0
2	0
2	0
10	0
3	0
2	6
8	6
0	156
3	9
0	67
3	39
0	42
0	163
4	47
1	56
1	42
0	165
4	59
13	52
0	160
0	154
0	169
0	57
2	39
2	157
1	53
0	0
10	0
3	1
0	1
22	1
0	0
0	1
1	1
0	0
0	0
3	2
4	2
0	14
2	14
0	12
3	18
0	16
0	10
6	7
0	1
8	5
15	15
0	3
1	5
80	15
1	3
0	2
1	25
7	26
4	3
2	1
1	1
1	1
4	1
4	1
0	1
0	0
0	1
0	3
2	6
0	5
0	5
1	2
76	94
0	42
0	97
3	1
14	6
15	65
6	0
3	27
2	27
4	1
6	5
3	0
6	0
0	1
5	0
0	5
0	5
1	0
44	223
8	223
0	15
4	19
0	0
0	1
0	0
1	19
5	0
1	2
0	1
1	10
16	30
0	15
0	1
2	0
2	20
0	24
0	0
0	0
4	1
41	28
1	4
2	17
76	23
28	4
45	11
20	4
2	3
1	20
13	0
7	0
2	0
678	3
0	1694
0	1740
0	7
2	2
0	808
13	304
0	790
94	0
5	0
5	0
0	0
0	4
1	4
0	19
0	15
0	2
0	8
4	0
0	10
4	8
3	1
1	26
2	1
0	17
0	1
1	11
0	2
3	1
0	2
0	10
0	0
7	6
1	136
0	9
0	50
7	100
0	86
44	13
1	1
0	3
7	11
22	4
64	4
1	2
6	11
0	0
0	9
0	0
9	0
0	0
0	1
30	28
42	3
9	18
4	18
2	6
0	14
8	29
0	18
9	11
1	7
3	18
1	1
0	0
4	3
228	0
1	0
7	10
16	15
0	5
7	11
5	3
0	5
0	22
0	5
0	72
0	90
15	48
20	123
2	5
1	103
20	4
1	9
2	0
2	26
1	11
0	4
0	4
0	4
3	4
15	42
0	4
7	78
2	75
2	4
0	0
5	10
172	108
5	109
16	10
2	10
8	24
4	105
1	9
3	83
27	28
13	8
3	13
3	12
15	12
3	0
4	0
0	5
2	5
5	5
3	4
3	67
6	3
5	6
2	11
4	10
1	5
18	45
1	1
1	6
8	49
1	10
13	26
5	5
10	13
0	4
3	0
7	41
1	9
2	13
3	7
1	2
3	0
1	0
0	0
1	0
5	0
4	39
37	228
37	457
2	30
0	104
4	48
2	59
9	42
62	472
12	73
12	83
8	48
19	76
7	68
7	42
17	26
0	13
3	5
3	11
10	258
5	23
4	219
1	236
10	485
6	216
5	2
18	551
56	594
1	39
1	55
6	168
15	22
3	2
35	12
2	18
0	32
2	48
62	433
0	256
6	16
4	72
39	10
9	20
12	272
1	65
24	15
0	430
1	1
1	0
3	0
0	1
3	1
16	1
0	1
0	1
3	6
1	5
2	0
0	35
1	0
4	4
0	11
19	29
5	6
8	32
0	0
1	13
3	31
4	36
1	0
4	4
1	34
0	7
1	27
14	1
4	4
0	5
1	27
0	2
5	6
5	15
2	1
22	4
2	13
0	7
10	0
11	0
2	0
0	1
10	1
16	0
7	1
0	1
4	0
1	8
1	0
0	52
3	38
3	58
10	4
0	7
0	1
5	5
1	7
1	2
0	36
1	8
6	12
0	35
0	22
3	5
0	2
7	17
24	146
3	64
1334	254
17	55
3	37
8	70
17	323
13	57
76	377
180	305
11	57
10	326
8	305
19	318
30	190
2	37
8	0
14	0
16	0
352	0
43	13
6	54
3	31
25	24
10	63
13	23
1	35
0	205
12	205
1	97
0	384
0	384
0	384
0	2
1	384
2	14
3	14
0	384
3	0
1	0
0	0
2	0
2	4
5	51
3	7
0	41
0	20
7	17
7	14
0	21
9	21
34	81
0	11
3	10
0	4
67	29
4	27
1	7
6	19
2	6
0	5
2	17
4	33
7	5
9	6
0	14
0	48
0	6
1	13
0	6
0	6
8	22
1	7
7	11
2	4
0	4
27	2
0	71
0	46
7	2
2	60
0	3
11	4
2	1
0	95
135	72
2	13
3	5
13	6
9	8
0	13
0	68
1	5
0	4
0	5
1	10
1	4
4	8
0	64
0	0
0	0
43	1
1	1
5	1
4	0
3	0
2	0
2	0
3	0
1	0
2	0
1	0
2	0
10	0
0	0
34	0
2	3
0	3
3	0
29	0
2	0
5	1
2	0
2	0
4	0
9	0
8	0
5	0
2	0
4	0
0	0
5	0
5	0
5	0
2	0
12	0
3	0
1	1
1	1
1	0
3	0
3	0
1	0
2	0
0	0
14	0
3	0
2	0
3	7
7	0
1	0
1	1
0	0
3	0
5	0
1	0
5	0
1	0
2	0
3	0
7	0
0	2
2	2
11	0
16	0
15	0
0	0
0	0
6	2
3	0
1	0
0	0
2	0
2	0
3	0
5	0
11	0
2	0
214	0
0	0
7	1
2	1
3	0
3	0
5	0
4	0
21	0
15	0
3	0
4	0
3	0
0	0
3	0
4	0
7	0
1	0
3	0
2	0
2	0
2	0
11	0
3	0
4	0
1	0
0	8
0	8
5	0
0	0
4	0
3	0
2	0
1	0
4	0
2	0
2	0
5	0
2	0
5	0
5	0
3	0
3	0
3	0
1	0
2	0
3	0
2	0
3	0
3	0
4	0
4	0
2	0
2	0
2	0
5	0
1	1
5	0
1	0
3	0
4	0
2	0
11	0
6	0
1	0
1	0
2	0
2	0
3	0
3	0
1	0
1	0
0	0
1	0
7	0
0	0
1	0
5	0
1	0
3	1
1	0
3	0
4	0
4	0
1	0
4	0
2	0
1	0
4	0
2	6
0	0
1	1
0	1
2	0
10	0
6	0
3	0
3	0
1	0
3	0
3	0
0	0
7	0
4	0
4	0
4	0
4	0
8	0
11	0
2	0
0	0
6	0
2	0
26	0
7	0
6	0
2	0
7	0
4	0
4	0
4	0
21	0
4	0
5	0
3	1
3	0
3	0
7	0
3	0
6	0
3	0
4	0
2	0
9	0
8	0
1	1
2	0
4	0
2	0
1	0
12	0
8	0
2	0
1	0
1	0
3	0
3	0
5	0
0	0
4	0
1	0
0	0
1	0
8	0
4	0
2	0
3	0
1	0
9	0
1	0
8	0
2	0
2	0
2	0
16	0
3	0
6	0
1	0
5	0
4	2
3	0
6	0
4	0
3	0
2	2
2	0
2	0
3	0
3	0
4	0
3	0
2	0
1	0
12	0
2	0
2	0
1	0
4	0
7	0
5	0
2	0
6	0
6	1
0	0
1	0
4	0
1	0
1	0
1	0
4	0
3	0
2	0
4	0
2	0
0	3
2	3
3	0
10	0
4	0
1	0
4	0
8	0
2	0
6	0
2	12
1	12
3	0
0	0
2	0
3	0
2462	1854
3	1854
8	0
7	0
1	0
0	0
2	0
2	0
5	0
100	0
19	0
2	0
52	0
2	0
5	0
17	0
7	0
1	0
1	0
1	0
2	0
4	0
0	0
5	7
7	0
2	0
9	0
7	0
2	0
3	0
5	0
6	0
3	0
11	0
2	3
1	0
11	0
10	0
1	0
3	0
2	0
2	0
2	0
5	0
4	0
14	0
2	0
0	118
24	188
2	188
5	0
5	0
6	0
4	0
1	0
2	1
4	0
9	0
6	0
5	0
3	0
12	0
10	0
6	0
1	0
0	0
25	0
1	0
8	0
1	0
3	0
1	0
12	2
2	0
5	0
3	0
3	0
2	0
2	0
1	0
2	0
4	0
4	0
3	0
5	0
8	0
2	0
2	0
5	0
7	0
4	0
2	0
6	0
28	0
2	0
11	0
0	0
3	0
16	0
0	0
2	0
4	0
1	0
2	0
2	12
44	12
14	0
35	0
29	0
1	3
4	4
7	0
3	0
3	0
13	0
2	0
13	4
1	0
4	0
8	0
9	0
1	0
0	8
144	8
5	0
1	0
2	0
33	0
2	0
1	0
1	0
2	0
1	0
3	1
4	0
52	17
2	17
3	0
2	26
232	26
10	0
8	0
4	0
0	0
2	0
16	0
21	0
2	0
3	0
0	0
33	0
3	0
0	22
25	97
0	95
42	0
28	0
20	0
3	0
0	0
2	0
0	10
35	10
0	10
1	0
2	0
0	0
8	3
6	0
93	0
48	64
1	64
3	0
15	14
0	14
64	1
0	1
2	0
0	20
1	20
1	41
127	41
14	0
9	0
2	0
3	0
0	0
8	0
6	0
10	0
2	0
0	79
53	79
5	0
6	0
4	0
1	0
2	0
2	0
3	0
4	0
47	0
27	0
8	0
7	0
1	0
6	0
0	0
3	0
1	4
0	4
10	0
58	24
0	24
5	0
6	0
5	0
2	0
2	0
8	0
4	0
28	0
3	0
4	0
9	0
4	0
11	0
12	0
8	0
1	0
0	0
0	0
6	0
9	0
7	0
7	0
4	0
15	116
0	116
13	0
4	0
6	0
2	0
10	0
3	0
4	0
1	0
0	0
121	2
1	0
2	0
5	0
8	0
2	0
1	0
2	0
2	0
15	0
0	0
12	0
29	0
1	0
1	0
2	0
0	0
4	0
3	0
18	25
5	25
38	0
2	0
5	3
5	3
3	0
1	0
1	0
10	0
7	0
2	2
33	0
138	0
0	1
5	0
0	0
0	0
1	0
23	0
7	0
7	0
18	0
7	0
9	0
5	0
7	0
1	0
0	0
1	0
8	0
3	0
2	0
5	0
3	0
13	0
1	0
7	0
1	0
7	0
0	0
4	0
9	0
2	0
2	0
0	0
5	1
0	0
0	0
6	0
5	0
0	0
8	2
6	0
5	0
5	0
7	0
0	5
0	4
6	0
5	1
3	0
0	0
4	0
2	0
28	0
3	0
4	0
4	0
0	6
0	6
5	0
5	0
2	0
1	0
2	0
4	0
7	0
5	0
5	0
4	1
10	0
1	0
1	1
0	1
3	0
3	0
2	0
3	0
0	0
7	0
4	0
3	0
0	0
1	0
5	0
4	0
3	0
2	0
4	0
3	0
2	0
1	0
2	1
7	0
1	0
5	0
3	0
2	0
3	0
5	0
7	0
2	0
2	0
9	0
2	0
0	0
10	0
3	0
1	0
6	0
3	0
8	0
0	0
1	0
2	0
0	0
1	0
4	0
0	0
4	0
2	0
0	0
0	0
1	0
3	0
2	0
1	1
9	0
1	0
6	0
0	0
6	0
1	0
1	0
1	0
9	0
0	0
2	0
1	2
3	0
4	0
5	0
1	0
1	0
7	0
3	0
1	0
0	0
3	0
6	0
2	0
2	0
3	0
1	0
4	0
3	0
5	0
7	1
3	0
3	0
2	0
2	0
1	0
4	0
0	0
1	0
2	0
9	0
1	0
2	0
6	0
2	0
2	0
5	0
3	0
0	0
0	0
1	0
3	0
2	0
1	0
3	0
3	0
5	0
1	0
1	0
1	0
2	0
5	0
4	0
3	0
3	0
0	0
4	0
1	0
2	0
3	0
2	0
3	0
2	0
2	0
10	0
4	0
0	1
2	0
7	0
1	0
3	0
0	2
0	2
4	0
6	0
1	0
3	0
7	0
2	0
1	0
10	0
12	0
6	55
0	55
0	2
2	2
8	0
11	0
1	0
19	0
4	0
1	0
0	8
0	8
0	6
6	6
0	8
3	8
4	0
5	0
1	0
6	1
1	2
0	2
0	1
3	0
15	0
7	0
37	0
3023	1
7	0
10	0
0	13
3	13
2	0
2	0
3	0
5	0
3	0
12	0
3	0
12	0
4	0
7	6
6	6
3	0
2	1
6	0
11	0
1	0
1	0
6	0
11	0
0	0
0	0
0	0
11	0
0	2
0	2
2	1
35	0
3	0
1	6
0	2
2	6
10	0
2	0
2	0
5	0
6	42
0	42
1	0
3	0
1	0
4	0
1	0
6	0
33	0
5	0
1	0
1	40
1	48
3	85
1	6
2	6
13	0
7	0
4	0
1	0
2	0
2	0
2	15
4	15
18	0
6	0
3	0
0	2
2	2
6	0
7	0
0	0
2	0
1	0
10	0
4	0
0	0
2	0
14	0
7	0
47	0
1	0
5	0
14	1
3	0
1	0
0	0
1	0
0	0
9	0
0	0
1	0
3	0
6	0
1	0
4	0
5	0
0	0
7	0
26	0
4	0
1	0
0	0
2	0
4	1
2	0
3	1
0	1
10	2
0	2
5	0
4	0
3	0
3	0
3	69
1	261
22	330
3	0
4	0
7	0
6	0
2	0
0	0
4	0
5	0
0	0
1	0
1	3
2	3
5	0
4	0
46	0
0	0
7	0
4	0
3	0
7	0
1	0
9	0
7	0
1	0
2	0
5	0
4	0
4	0
2	0
6	0
14	0
3	0
4	0
0	0
1	0
4	0
8	5
1	5
4	0
0	0
4	0
147	0
2	0
29	0
55	2
6	0
0	0
0	0
2	0
3	0
7	0
4	0
3	0
5	0
2	1
3	0
5	1
2	0
3	0
9	0
3	0
1	0
2	0
4	0
0	0
2	0
0	0
1	0
3	0
2	0
6	0
2	0
4	0
4	0
2	0
1	0
1	0
7	0
11	0
9	0
8	0
2	0
2	0
1	0
3	0
0	10
14	10
1	0
0	1
0	1
6	0
10	0
4	0
7	0
2	0
0	7
0	7
4	0
2	0
3	0
2	0
15	0
2	0
2	1
0	1
0	0
2	0
2	3
4	3
4	1
0	1
36	0
0	0
0	0
2	0
1	0
1	0
0	0
4	0
5	0
14	0
5	0
1	0
9	0
3	0
12	0
2	0
2	0
2	0
2	0
0	0
2	0
2	0
2	0
2	0
2	0
7	0
2	0
3	0
0	0
4	0
8	0
3	0
4	0
4	0
0	0
2	0
1	0
3	0
2	0
4	0
1	0
2	0
2	0
2	0
3	0
0	0
16	0
1	0
15	0
4	0
2	0
3	0
2	0
2	0
1	0
13	0
4	0
2	0
3	0
1	0
2	1
2	0
2	0
2	0
2	0
0	0
2	0
2	0
6	0
0	0
5	0
3	0
15	0
3	0
7	0
6	0
0	0
3	0
7	0
5	0
1	2
2	2
2	0
13	0
1	0
2	0
2	0
5	0
6	0
0	0
2	0
3	0
3	1
19	0
0	0
2	0
5	0
1	0
2	0
1	0
2	0
2	0
4	0
1	0
1	0
1	0
6	0
1	0
8	1
2	0
1	0
13	0
3	0
2	0
4	0
2	0
3	0
1	0
6	0
0	0
4	0
1	0
7	0
5	0
2	0
2	0
6	0
14	0
4	0
6	0
0	0
390	0
44	220
1	220
4	0
4	0
0	0
2	0
4	1
0	1
5	0
8	0
2	6
119	6
51	21
2	21
14	0
1	0
3	0
1	0
0	3
2	3
7	0
8	0
3	0
24	0
2	0
95	136
1	136
3	0
0	0
1	1
0	1
14	0
9	0
0	0
0	1
4	1
1	0
6	0
7	0
1	0
4	0
13	0
17	0
11	0
4	0
4	0
107	34
0	33
0	0
49	0
3	0
4	0
5	0
0	1
2	1
4	0
193	107
0	107
6	0
4	0
2	0
370	0
6	3
3	3
5	0
11	0
7	0
4	0
5	0
8	0
2	0
6	0
1	0
1	0
11	0
5	0
0	0
8	0
3	0
2	0
3	0
0	0
9	0
97	0
0	1
3	1
18	0
5	8
2	8
0	0
0	0
1	0
0	0
6	0
8	0
1	0
8	0
2	0
11	0
0	2
4	2
6	0
314	0
44	182
0	182
89	132
1	132
6	0
2	0
1	0
3	0
6	88
0	88
0	4
13	4
12	0
8	0
3	0
21	6
17	6
9	0
5	0
4	34
0	34
18	0
5	0
1	0
5	0
5	43
2	43
95	0
13	0
1	0
0	0
0	0
12	0
0	0
65	0
3	23
65	23
2	39
38	39
11	0
38	0
0	1
2	1
65	0
1	0
57	232
8	232
3	0
11	158
5	159
152	1
2	15
3	15
2	0
1	0
4	0
3	0
7	2
3	0
0	0
16	0
2	0
0	1
0	1
4	0
4	19
0	19
0	1
5	0
17	0
8	0
2	0
10	0
2	0
0	0
7	0
1	0
7	0
5	0
68	0
0	0
5	0
6	0
0	0
4	0
0	0
3	0
3	0
3	0
2	0
2	0
82	0
33	0
7	0
19	0
3	0
1	0
0	0
1	0
4	0
3	5
0	5
2	0
9	0
4	0
1	0
1	0
5	1
0	1
5	0
2	0
3	0
9	0
1	0
4	0
6	2
4	0
5	0
1	0
11	0
0	0
19	0
8	0
19	0
7	0
13	0
3	0
17	0
1	0
3	0
2	0
1	0
4	0
4	0
0	0
7	0
17	1
7	0
0	0
3	0
4	0
3	0
29	0
40	0
0	0
5	0
0	1
2	1
5	0
1	0
44	0
18	1
0	0
16	4
2	4
4	0
3	0
3	0
0	1
0	1
21	5
0	5
4	0
3	1
2	9
20	87
2	67
0	12
4	20
30	74
26	59
15	133
2	437
3	332
13	335
1	375
3	423
1	66
2	477
6	0
7	0
11	0
9	0
8	0
75	0
1	0
2	0
11	0
1	0
0	1
0	180
0	181
5	248
0	240
0	251
6	372
5	372
4	0
2	0
2	0
5	0
5	28
17	28
28	0
16	17
0	8
2	9
102	9
3	0
0	648
0	546
0	471
2	90
0	573
1	125
5	1
6	245
0	141
65	245
39	0
0	344
1	210
0	261
0	120
6	112
49	112
1	74
0	4
1	4
28	667
67	697
47	697
4	0
4	0
38	0
13	9
6	2
10	11
162	0
0	8
221	175
0	177
2	2
92	2
166	2
10	24
3	23
0	2
130	0
34	311
45	46
19	287
2	339
0	6
11	85
14	53
3	0
1	11
3	95
0	9
0	92
0	6
1	2
16	0
3	643
10	420
5	120
1	632
10	409
0	34
614	0
11	0
0	136
0	128
0	102
0	117
0	143
0	110
7	11
12	4
1	25
15	25
0	140
0	26
0	134
0	32
20	30
0	30
70	0
136	0
174	0
56	0
2	14
0	14
2	203
47	203
368	81
2	81
2	9
46	0
206	0
19	0
2	0
1927	0
0	1036
0	1036
197	48
10	33
0	15
1	0
11	0
3	5
1	1
13	175
21	191
540	144
0	4
0	4
2	0
1	5
3	3
0	5
5	0
2	7
1	0
0	7
0	2
6	16
1	0
1	5
0	4
73	226
1	226
12	4
0	1180
0	841
2	30
0	1166
32	318
0	825
43	10
0	921
30	868
0	105
7	8
1	4
1	7
1	3
0	3
10	0
17	0
4	0
93	0
32	0
11	0
35	7
3	7
10	0
4	2
11	2
0	1
1	9
0	1
0	9
38	0
1	5
1	3
0	31
1	91
0	301
0	15
0	216
0	105
0	190
0	8
0	5
80	1
3	0
23	0
48	0
70	0
1	2
11	0
7	36
0	335
0	336
16	296
8	44
0	42
4	0
285	0
14	0
0	22
0	37
0	34
0	25
0	0
6	693
6	693
24	2
7	2
10	14
3	21
32	5
1	13
2	13
2	0
9	0
3	0
2	0
4	1
3	0
11	0
12	0
3	0
26	0
19	0
0	14
1	180
97	194
0	21
26	564
35	567
2	567
26	3
0	6
0	119
0	92
0	352
0	77
0	67
0	327
33	11
1	163
2	18
0	18
0	44
0	44
0	30
0	7
16	30
1	20
1	0
297	0
410	0
345	0
243	0
19	0
2	0
2	2
2	0
3	0
23	670
168	670
4	1
0	1472
264	1472
13	0
35	279
0	279
2	0
2	3
0	4
2	7
4	6
5	5
2	18
3	8
0	15
4	2
3	16
1	0
1	2
2	4
0	15
0	3
5	2
2	0
495	45
0	16
0	29
0	50
0	28
18	79
22	363
0	363
0	51
134	0
0	1151
1	213
12	96
0	1117
7	1061
2	0
1	157
0	413
0	510
0	413
0	601
13	94
0	601
0	4
4	0
2	4
2	4
15	140
39	204
0	7
6	1
0	0
15	344
1	0
7	0
4	11
2	11
1	108
110	108
6	29
258	29
0	249
1	249
4	309
2	303
12	304
179	1
5	5
13	0
1200	5
7	2
9	0
1	0
4	0
0	0
153	0
3	792
12	46
0	811
1	786
1	46
7	736
7	20
3	798
8	2
1	8
0	724
0	733
0	608
0	767
0	684
0	691
1	279
0	641
0	650
51	24
2	8
1	0
175	0
2	0
13	3
2	4
411	2
5	1
13	0
24	373
437	373
102	0
1	35
3	124
4	124
1	0
1	7
9	893
284	1126
1	240
61	0
5	0
0	283
8	283
7	0
13	579
7	573
2	4
1	9
18	211
2	211
2	3
0	217
0	245
1	168
0	144
0	453
0	429
0	221
0	22
7	103
4	161
21	264
4	0
3	0
3	0
0	23
3	23
0	335
0	308
6	319
17	0
1198	0
12	0
96	772
2	772
28	655
25	655
2	3
0	3
0	545
0	223
0	199
0	244
0	586
0	524
0	483
0	590
0	562
0	182
0	566
0	285
0	261
0	549
0	500
2	31
7	0
5	0
3	0
1	0
0	246
0	429
0	202
0	436
0	255
0	420
0	445
0	217
1	0
122	146
15	146
4	6
0	22
1	20
0	19
36	1
0	94
50	94
106	26
1	26
3	0
10	0
15	0
13	129
0	604
2	19
0	747
0	434
0	772
0	453
0	766
0	601
0	764
0	594
0	603
0	774
0	433
1	208
0	0
23	3
3	0
6	3
3	447
17	460
2	307
0	0
6	324
128	460
14	0
7	0
1	1
14	377
0	379
25	371
2	184
22	184
10	38
1	38
110	0
0	0
0	59
0	224
0	224
0	143
0	84
32	0
38	0
1	2
13	209
1	90
79	301
3	0
193	0
65	94
5	17
39	82
3	0
46	0
26	0
4	0
6	22
0	22
22	3
16	3
4	2
3	16
1	4
4	3
1	1
2	14
0	4
5	0
0	0
8	17
1	17
4	3
4	2
8	0
1	6
53	27
1	459
35	2302
0	2914
13	2370
70	2354
355	1170
38	29
37	1170
4	10
0	10
14	4
1	0
109	12
0	12
42	0
4	35
38	28
14	224
4	224
2	0
0	0
0	1024
0	1061
9	77
0	1041
0	1048
0	1078
0	994
0	1031
0	1011
176	352
1	59
5	293
0	193
6	540
0	129
0	520
22	17
2	173
0	599
8	0
4	0
16	2
3	19
1	17
32	5
11	13
1	0
73	5
14	2
3	2
59	1
176	0
29	0
40	0
73	1
41	0
4	1
445	0
7	0
0	249
0	103
1	9
0	12
0	267
10	9
0	121
0	30
4	82
2	0
2	0
2	0
4	0
32	2
1	3
0	3
114	0
0	5
10	6
10	7
2	6
0	3
25	0
1	4
0	0
60	0
5	0
2	0
4	3
2	0
2	0
3	0
8	0
4	0
377	0
4	0
0	241
4	79
0	170
4	2
0	183
0	98
0	189
0	100
0	241
0	189
5	2
0	150
0	43
0	49
0	0
0	183
0	177
0	170
0	177
0	15
16	1077
19	204
0	1118
2	1075
8	15
3	0
2	145
0	205
34	205
17	0
0	1
0	91
0	89
0	91
0	89
145	1
4	1
1	0
474	83
0	83
1	38
11	467
2	106
7	467
13	14
271	14
1	0
26	0
0	120
7	204
4	204
0	108
98	0
1	0
3	0
48	104
0	0
396	0
0	104
0	0
1	0
0	0
4	1
467	5187
751	5187
55	4259
0	0
50	0
55	0
0	98
3	20
228	118
0	32
2	32
0	928
0	513
58	350
0	588
0	603
0	475
55	8
0	186
0	1005
0	877
17	0
1	0
13	0
6	0
6	0
74	455
13	455
242	0
18	126
14	265
5	139
8	0
6	0
4	0
0	8
0	8
17	0
43	0
406	54
0	54
132	0
3	1
0	0
0	132
0	42
6	83
0	75
0	165
14	0
123	49
0	4
10	4
2	49
53	0
0	49
34	49
178	99
0	99
146	3
1	3
50	0
26	0
1	12
0	12
236	501
7	503
76	6
179	106
0	106
15	190
5	102
1	88
323	217
2	217
0	0
2	1
6	0
846	0
3	0
5	0
8	0
14	262
5872	262
4	0
2	0
0	10
0	7
0	9
0	6
2	2
0	308
0	113
0	52
0	63
0	43
0	112
0	309
0	124
0	320
0	44
0	55
0	4
0	4
0	4
0	4
0	4
0	4
0	4
0	4
1	0
0	0
1	6
0	6
2	0
1	0
10	0
4	0
49	7
64	0
1	0
2	0
2	0
2	0
6	0
38	0
4	0
3	0
1	0
2	0
5	0
1	0
0	0
14	0
1	0
0	106
104	106
2	0
25	0
11	0
5	0
4	0
80	0
3	0
6	0
2	0
3	0
9	0
1	0
3	0
3	7
1	7
3	0
3	0
3	0
97	0
6	0
6	0
3	0
4	0
24	2
26	0
83	0
3	0
23	0
9	0
5	0
21	0
2	0
10	0
3	0
4	0
3	0
2	1
1	1
9	1
3	0
4	0
6	0
2	0
3	0
2	0
2	5
5	0
2	0
4	0
252	0
6	0
4	0
1	0
11	0
10	0
6	0
2	0
6707	7
3	0
2	0
1	0
0	0
13	0
4	0
38	0
1	0
5	0
1	0
32	0
21	0
7	0
32	0
5	0
1	18
0	18
1	0
4	0
1	0
16	0
142	0
5	0
5	0
1	0
1	1
0	1
1	0
0	5
2	5
15	0
0	0
1	0
1	0
2	0
0	6
6	6
1	0
2	0
1	0
0	0
3	0
2	0
3	0
3	0
6	0
6	0
1	0
1	0
2	0
2	0
3	0
5	0
1	0
3	0
0	0
2	0
8	73
1	22
1	51
5	2
9	3
2	0
1	0
0	0
1	0
2	0
3	0
2	1
3	0
2	0
4	0
5	0
1	0
1	0
2	0
1	0
4	0
2	0
0	0
1	0
2	0
3	0
3	0
5	0
2	0
5	0
1	0
2	0
2	0
1	0
1	0
3	0
4	0
1	0
4	0
1	0
2	0
2	0
1	0
2	0
1	0
3	0
1	0
0	0
1	0
4	0
2	0
2	0
4	0
2	0
1	0
2	0
5	0
0	0
2	0
3	0
2	0
1	0
1	0
1	0
4	0
0	0
0	0
1	0
8	0
0	0
1	0
2	0
2	0
3	0
1	0
1	0
0	0
0	1
1	1
3	0
3	0
3	0
3	0
4	0
3	0
3	0
1	0
1	0
0	0
5	0
2	0
2	0
0	0
4	0
3	0
4	0
2	0
5	0
5	0
4	0
4	0
0	0
58	1
1	0
2	0
4	0
9	0
5	0
1	0
4	0
0	0
3	0
11	0
6	0
5	0
2	0
1	0
11	3
1	3
0	0
1	0
8	0
5	0
1	0
5	0
0	0
1	0
17	114
7	114
2	0
2	0
3	0
5	0
3	0
0	0
1	0
4	0
6	0
0	0
3	0
3	0
2	0
1	0
6	0
3	0
16	0
464	0
4	9
8	11
3	11
9	0
3	0
1	24
18	155
20	179
3	9
3	9
5	0
4	0
0	33
5	37
6	37
2	0
5	7
1	0
4	0
1	3
1	3
8	1
2	1
4	0
9	0
5	0
0	0
0	30
34	30
3	0
2	1
3	1
69	14
7	1
0	0
5	0
2	0
3	20
6	20
9	0
0	1
1	1
4	4
4	4
5	0
17	0
26	0
21	10
0	10
38	0
10	28
0	28
0	23
0	23
0	23
5	23
48	23
5	0
9	0
16	33
0	33
25	0
1	0
7	0
3	7
2	7
147	0
2	0
141	10
5	10
18059	6
326	0
107	311
3	311
5	4
3	16
1	14
167	0
5	0
0	25
23	25
1	0
0	0
1	0
9	3
0	3
3	3
5	3
2	0
0	0
0	0
0	0
0	0
1	0
1	0
7	0
1	0
1	13
1	13
8	0
1	0
10	0
60	17
0	18
58	0
0	0
4	0
5	4
0	4
77	49
0	49
0	0
8	0
12	0
2	0
4	0
2	0
2	0
1	0
1	0
0	1
0	29
5	30
0	5
0	5
9	0
148	0
36	0
19	0
4	1
7	2
0	1
6	1
11	0
1	0
5	0
2	0
0	0
0	2
8	2
1	0
1	0
2	0
4	0
5	0
0	0
3	0
0	0
28	0
4	0
17	0
4	0
11	0
1	0
9	0
15	0
0	24
109	24
1	1
17	4
0	0
0	0
2	14
0	0
0	77
0	81
0	84
0	80
0	0
4	0
169	0
4	0
1	0
0	0
1	0
0	0
0	0
74	0
0	40
40	40
2	0
34	0
23	0
0	0
23	0
2	0
1	0
17	0
14	0
3	0
3	0
4	0
3	4
5	4
2	0
3	0
9	0
0	14
2	14
3	0
1	0
1	4
0	4
5	4
14	0
2	2
1	1
2	0
6	0
4	0
10	8
2	8
10	0
5	0
2	0
0	0
0	4
1	6
1	5
0	7
0	9
0	3
2	3
1	7
0	7
2	0
1	0
2	0
1	1
1	0
10	0
207	0
4	0
4	0
0	7
3	7
6	0
2	0
5	0
3	0
3	2
5	0
5	0
1	0
30	411
2	411
3	0
4	0
1	0
11	0
5	0
1	1
0	1
5	0
2	0
1	1
1	1
8	0
6	0
5	0
5	0
13	0
3	0
3	0
3	0
2	0
5	0
1	0
3	0
10	23
0	23
5	5
1	0
1	0
6	0
1	0
3	0
3	0
0	0
1	0
12	0
4	0
3	0
5	0
5	0
2	0
9	0
3	0
13	0
2	0
3	0
17	0
0	0
1	0
2	0
4	0
0	0
3	0
5	0
2	0
1	0
3	0
8	0
3	0
0	3
0	0
2	2
0	5
5	0
3	0
2	0
2	0
1	0
6	0
0	1
6	0
1	0
4	0
11	0
1	0
1	0
2	0
3	0
2	0
4	0
5	0
2	0
1	0
0	0
8	0
14	0
3	0
1	0
3	0
2	0
3	0
1	0
4	0
0	0
6	0
9	0
4	0
1	0
2	0
4	0
4	0
0	4
2	4
2	0
0	0
3	1
0	1
5	0
6	0
1	0
1	0
1	0
2	3
0	0
1	0
3	0
0	0
1	0
3	0
0	0
1	0
2	0
12	0
9	1
6	0
1	0
20	0
5	0
1	0
3	0
1	0
1	0
2	0
2	0
0	0
4	0
4	0
6	0
2	0
5	0
4	0
1	0
4	0
1	0
3	0
5	0
0	0
3	0
5	0
3	0
6	0
3	0
3	0
0	0
2	0
6	0
0	0
4	0
3	0
4	0
3	0
5	0
2	0
2	0
4	0
1	0
0	0
3	0
0	0
4	0
1	0
5	0
2	0
3	0
6	0
1	0
2	0
3	0
0	0
5	0
1	0
1	0
4	0
4	0
1	0
3	0
2	0
1	0
6	0
3	0
1	0
2	0
1	0
6	0
4	0
1	0
1	0
1	0
8	0
3	0
3	0
6	0
0	0
6	0
4	0
3	0
1	0
3	1
0	0
3	0
2	0
2	0
4	0
4	0
5	0
2	0
3	0
0	0
1	0
4	0
3	0
3	0
3	0
2	0
3	0
0	0
5	0
12	0
3	1
4	0
32	3
0	0
3	0
5	0
5	0
3	0
3	0
2	0
2	0
5	0
7	0
3	0
0	0
15	0
2	0
6	0
3	0
3	0
1	0
3	0
8	0
1	0
6	0
4	0
3	0
5	0
6	0
0	0
8	0
7	0
4	0
4	0
2	0
11	0
2	0
5	0
3	0
4	0
4	0
3	0
5	0
2	0
2	0
4	0
2	0
1	0
4	0
4	0
3	0
2	0
2	0
3	3
0	3
2	0
1	0
4	0
1	1
8	0
4	0
0	0
7	0
2	4
2	4
9	0
2	0
2	0
0	0
4	0
101	0
0	0
14	0
9	0
37	0
1	0
0	0
6	0
2	0
3	0
2	0
0	0
1	0
4	1
0	0
3	0
0	1
9	1
85	0
4	0
1	0
5	0
0	0
7	0
4	0
2	0
6	0
3	0
3	0
7	0
4	0
2	0
5	0
4	0
3	0
3	0
4	0
2	0
0	0
2	2
0	2
5	0
2	0
2	0
3	0
3	1
2	0
1	1
2	0
2	0
1	0
3	0
1	0
2	0
3	0
6	0
5	0
1	0
2	0
1	0
2	0
6	0
6	1
2	3
5	3
6	0
3	0
3	0
0	0
0	0
0	0
3	0
2	0
19	0
4	0
6	0
10	0
4	0
11	0
3	0
5	0
3	0
3	0
3	0
2	0
3	0
4	0
2	0
1	0
2	0
7	0
5	0
1	0
8	0
9	0
6	0
7	1
5	0
2	0
21	0
5	0
8	0
9	0
2	0
1	13
5	13
3	0
0	0
0	0
1	0
13	0
3	0
4	0
2	0
2	3
1	3
3	0
2	0
1	0
9	0
0	0
10	0
5	0
5	0
7	0
15	0
15	0
3	0
1	0
2	0
8	0
2	0
2	0
4	0
2	0
3	0
0	0
3	0
4	0
31	0
59	0
0	0
8	0
1	146
93	146
8	0
3	0
0	0
1	0
3	0
26	0
2	0
4	0
0	13
2	13
1	0
0	0
0	1
0	1
7	0
33	0
1	2
0	2
0	0
0	0
3	0
2	0
0	0
6	0
1	0
2	0
2	0
4	0
3	0
4	0
3	0
0	0
2	0
4	0
2	0
1	0
2	0
1	0
13	0
2	0
2	0
3	0
6	0
18	0
3	0
4	0
0	0
11	0
10	0
8	0
8	0
3	0
1	0
5	0
4	0
1	0
2	0
4	0
16	9
4	0
1	0
0	0
0	0
3	0
12	0
3	0
0	0
4	0
4	0
2	1
0	1
3	0
1	0
4	0
2	0
1	0
0	0
0	0
4	0
0	0
4	0
4	0
4	0
4	0
2	0
2	3
1	3
4	0
2	3
0	3
2	0
1	0
10	0
3	0
4	0
0	2
2	2
4	18
1	18
4	0
2	0
1	1
1	0
1	0
4	0
1	0
3	0
2	0
8	0
1	0
2	0
6	0
2	0
4	6
0	6
2	77
0	77
3	0
2	0
1	0
4	0
3	0
3	0
4	14
0	14
2	0
1	0
3	0
1	0
3	0
5	0
1	0
5	0
28	0
4	0
3	0
0	0
12	0
0	2
1	0
2	0
0	0
3	0
7	0
4	0
9	0
3	0
1	0
10	0
14	1
5	0
3	0
4	0
1	2
3	0
5	0
2	0
14	0
2	0
4	0
9	0
2	0
7	0
5	0
11	0
3	0
20	0
7	0
3	0
1	1
1	0
0	0
2	0
16	0
3	0
8	0
4	1
4	0
15	0
6	0
4	0
2	0
2	0
4	0
3	0
92	0
2	0
9	0
6	0
6	0
4	0
1	0
3	0
1	0
6	1
4	0
7	0
186	0
7	0
17	0
3	0
9	0
3	0
4	0
0	0
16	0
3	0
0	0
2978	2
3	0
2	0
3	0
7	0
235	0
2	0
3	0
9	0
3	0
0	0
0	1
19	1
0	0
4	0
10	0
1	0
1	0
7	0
2	9
0	9
0	10
12	10
11	0
7	23
1	23
0	0
56	0
9	0
0	6
15	6
0	3
18	3
7	0
28	0
165	1
0	1
27	1
97	0
50	0
1	1
0	1
1	0
23	0
9	0
1	0
2	0
2	0
2	0
4	0
2	1
0	1
125	0
0	0
0	1
4	0
2	1
11	98
95	98
2	0
29	0
301	0
38	0
4	5
3	5
1	0
2	2
1	2
1	0
2	0
1	0
3	0
4	0
0	0
1	21
22	21
90	61
3	61
0	25
33	25
22	24
2	24
130	0
6	0
2	0
2	7
3	0
0	0
9	0
5	0
116	0
0	137
78	137
4	1
2	0
3	0
4	0
114	2
323	0
29	114
1	114
757	3010
2369	3010
210	3008
3	4
7	15
7	15
2	2
0	0
6	0
2	0
2	97
4	98
0	3
1	97
30	37
2	37
6	0
19	0
3	0
36	0
10	149
30	149
7	1
11	0
29	0
1	4
3	7
22	487
2	487
0	155
294	155
0	10
1	10
2	0
41	3
2	80
512	80
35	0
6	0
6	0
2	0
0	0
4	0
4	0
2	0
0	12
27	12
2	11
13	0
332	0
1	0
2	0
75	81
18	225
3	144
0	18
1	18
1	18
86	0
20	0
64	0
57	0
0	0
174	0
200	0
339	1
14	0
0	0
3	0
0	0
4	0
1	0
52	0
4	0
36	0
22	0
40	0
2	0
253	0
13	0
10	0
0	0
2	0
0	48
51	48
99	0
17	6
0	6
14	0
6	0
11	0
1	0
26	131
13	131
1	0
0	0
0	1
151	0
1	180
0	125
0	51
0	106
0	14
26	14
1	45
64	81
10	81
116	0
1	116
65	116
0	14
9	14
1	0
0	4
6	4
2	0
2	2
0	2
4	0
1	0
2	2
2	2
0	1
9	0
18	216
143	216
20	21
31	21
0	0
4	0
20	27
0	27
0	26
6	26
15	147
29	147
16	6
0	7
1	0
0	0
91	2125
0	2472
15	1851
19	1325
1	1733
28	810
118	810
2	288
0	18
0	307
0	304
0	5
0	15
0	288
2	4
0	291
288	0
0	80
0	80
0	179
0	80
0	80
1	80
0	79
1	80
0	79
6	599
90	599
5	293
34	292
1	187
0	179
0	80
0	80
0	79
4	161
11	0
12	0
18	0
0	0
0	0
2	0
12	0
7	0
317	10
8	9
6	0
2	0
0	6
0	6
1267	0
35	0
7	0
22	192
18	192
97	0
31	0
50	0
51	0
2	67
9	67
2	0
6	1
47	0
58	0
0	53
6	54
4	1
278	25
27	31
1	31
298	0
0	15
72	238
0	223
1	268
0	66
0	340
0	417
0	297
0	284
0	460
4	127
0	225
0	164
0	186
0	92
59	405
0	515
0	551
0	360
0	396
2	23
2	70
0	76
0	496
0	175
0	387
0	297
0	465
0	180
0	224
0	194
0	420
0	505
0	389
0	396
0	463
0	26
0	267
0	401
0	403
0	477
0	166
0	479
0	429
0	434
0	472
0	510
4	0
3	0
5	0
3	0
2	0
3	0
106	0
226	0
2	1088
8	538
4	568
5	0
6	488
0	1
270	0
179	31
3	31
34	93
6	93
2	1
0	0
4	0
1	0
0	1
2	1
9	0
2	0
2	0
2	2
10	159
6	206
0	206
0	250
0	120
11	190
4	51
3	100
0	284
0	282
0	271
0	218
0	209
0	250
0	252
0	220
0	273
0	1
0	106
0	120
0	180
0	166
0	98
0	174
0	172
0	162
0	168
0	172
10	10
0	112
0	108
0	2
6	1
4	10
16	4
147	4
63	11
0	1
13	0
3	0
9	0
11	0
3	0
2	0
4	0
0	0
11	0
2	0
14	0
3	0
2	307
0	154
0	234
0	307
0	307
0	18
38	0
1	72
6	316
13	321
6	301
32	0
30	124
42	103
14	21
0	16
1	16
58	669
46	669
1	2
5	43
51	43
205	125
2	125
22	49
62	0
40	1
3	8
1	1
4	7
5	8
0	48
0	44
15	0
9	35
3	35
11	0
74	0
100	114
4	114
59	0
2	80
444	220
9	388
1	388
5	10
20	0
6	0
113	441
14	441
7	155
0	155
34	0
1	73
30	1304
74	73
27	1112
4	184
0	265
0	540
0	683
0	709
0	514
3	0
20	0
0	0
2	21
37	177
1	177
6	0
543	0
260	214
0	214
1	0
3	0
0	0
5	0
0	0
2	0
263	0
333	0
0	169
350	360
0	170
3	190
7	0
86	552
260	37
7	552
126	279
2	47
6	232
362	0
1	4
1	405
0	11
1	423
5	419
9	18
0	407
1	83
8	81
1	12
0	283
1	283
19	0
3	0
3	0
0	5
0	2
0	2
0	5
0	0
10	0
0	23
5	18
6	10
3	4
4	2
1	0
3	18
0	0
21	6
4	24
10	3
1	1
1	0
0	21
1	2
0	4
0	62
42	62
5	0
0	0
136	0
5	7
2	7
318	0
0	6
0	6
329	0
0	8
154	10
0	8
10	2
4	0
0	4
8	4
46	1761
203	1761
7	114
41	9
21	741
48	744
26	7
2	0
143	0
0	0
52	0
1	0
679	5
56	2860
784	2858
7	618
16	4
0	5
14	1
6	0
7	12
0	129
14	119
0	48
0	38
0	209
0	205
0	191
0	207
0	223
5	195
9	0
0	93
3	41
0	173
0	144
17	127
0	225
0	108
0	213
5	0
9	0
0	1
1	8
15	88
1	7
0	88
3	0
8	0
19	119
0	119
93	0
0	0
398	0
7	0
133	0
37	0
3	1
74	2
60	0
28	0
0	3
0	5
1	2
0	60
44	60
468	18
2	18
357	228
0	210
83	18
0	372
61	372
0	6
100	1364
6	1099
4	1273
5	1271
1	3
2	776
0	736
0	798
2	595
0	173
0	125
0	140
7	15
0	158
0	177
0	144
17	38
2	142
7	0
1	0
53	0
59	0
6	1
3	0
1	0
30	535
81	549
8	54
10	446
264	239
0	238
10	1
12	101
0	101
177	0
1	0
13	0
5	0
2	0
0	0
3	0
70	0
4	0
45	4
0	6
0	884
6	629
0	660
2	268
0	951
3	2
0	593
10	0
12	1
16	0
0	4
2	161
83	208
5	47
2	21
1	0
5	0
3	0
161	0
49	273
0	1428
0	1026
8	400
0	1028
0	923
0	1132
0	1532
0	1426
2	1
40	1
92	663
1	3389
2	3896
43	3359
22	3378
3	3389
6	0
368	67
1	67
109	1
69	600
13	601
1295	66
1	66
0	12
29	12
2	91
4	111
7	464
108	555
5	0
275	0
1669	0
1	99
2	202
0	223
4	214
0	5
8	1055
149	1055
11	113
0	16
0	3
11	0
1	0
0	0
7	0
0	8
1	8
37	0
138	47
0	23
0	24
18	2
110	5
2	30
44	107
44	107
3	702
6	719
663	592
16	701
3	0
21	0
22	0
61	0
1	0
105	0
0	5
0	29
3	15
0	96
0	120
33	91
2	0
49	34
17	41
49	7
0	13
0	6
45	10
45	4
3	2
4	147
3	184
6	128
0	5
25	179
1	5
4	0
2	2
4	0
1	0
0	13
9	2305
13	1457
11	1050
15	46
3	1730
8	130
0	956
0	10
0	13
0	13
7	0
0	40
276	58
1	56
0	2
5	0
1	0
0	35
0	40
0	11
0	6
0	8
0	39
0	44
0	10
2	7
0	8
0	2
10	1
0	1
2	0
2	0
3	0
162	0
3	1
65	334
8	334
8	75
0	252
0	75
23	0
22	0
6	0
151	96
3	96
2	0
0	0
0	2
0	815
243	812
0	719
20	5
19	5
0	178
0	166
0	153
0	165
7	0
2	0
0	327
0	355
0	348
0	334
0	326
0	172
0	368
0	207
0	173
0	175
0	210
0	320
0	320
0	176
0	361
0	354
0	328
0	319
0	333
0	362
0	361
0	326
0	327
0	321
0	327
0	355
8	0
1	0
2	6
0	183
47	6
642	189
364	0
2	199
0	575
0	730
2	94
0	10
3	6
9	1
0	167
0	187
15	36
0	201
1	1
31	39
0	153
60	0
9	60
19	59
1	0
0	0
25	0
66	1
0	119
3	223
0	173
0	277
242	0
0	322
0	309
9	59
0	398
0	385
3	0
0	0
10	13
1	13
0	37
21	37
2	303
62	306
0	3
126	1
1	56
17	119
3	119
0	62
0	370
0	450
0	578
0	446
0	441
0	579
0	416
0	371
0	361
0	584
0	574
0	446
0	450
0	584
0	365
0	361
0	371
0	574
0	583
0	366
7	74
6	0
5	1
374	1703
0	1790
1	87
328	0
0	1357
13	1332
1071	25
90	0
32	539
91	539
6	0
8	0
47	784
21	784
0	186
2	10
1	10
2	3
114	3
18	225
28	225
0	90
331	90
2	0
2	251
6	419
67	670
2	121
0	0
10	28
8	28
75	0
0	1
0	881
2	250
0	213
35	780
11	0
4	0
32	2
6	0
3	2
5	2
2	3
0	0
32	289
72	289
1	0
7	1
29	10
0	1340
19	1018
40	1336
16	23
11	1
1	229
2	490
20	254
3	230
15	486
8	224
0	4
31	0
0	70
25	75
14	0
1	0
3	0
7	0
5	0
1	0
0	0
7	0
4	0
2	1207
0	1207
6	73
1	0
4	0
0	0
7	0
1	39
28	39
19	99
0	99
6	0
10	151
16	151
0	0
391	68
2	68
62	1
0	1
98	0
3	0
12	0
5	0
5	18
3	18
0	0
3	202
10	202
0	19
9	19
12	223
7	223
0	7
93	206
5	199
477	71
1	71
1	56
1	0
10	56
4	193
69	193
0	140
11	140
81	0
16	2
2	0
55	2
3	101
3	123
22	36
7	228
17	150
0	166
0	138
1	77
0	200
1	45
0	1
17	0
0	10
0	10
340	0
9	0
11	0
24	0
7	0
21	0
41	33
25	33
1	174
30	418
1198	781
21	100
2	728
28	714
29	100
3	192
0	369
0	394
0	386
0	194
0	153
0	179
0	435
0	427
0	407
3	175
0	408
0	150
0	367
58	0
553	0
0	32
11	34
10	197
2	197
0	42
15	3
0	275
0	277
0	293
0	238
0	222
0	330
21	550
0	150
5	278
0	446
0	38
1	1
1	1
5	102
6	84
2	97
8	95
0	77
0	90
0	87
0	67
0	73
0	87
0	67
0	77
0	90
0	73
174	95
30	96
5	7
3	2833
0	3046
0	752
0	1492
0	2305
401	12
0	13
2	0
0	0
1	0
1	0
5	0
21	188
2	70
18	188
1	1
0	1
5	3
41	67
22	127
7	0
4	151
2	172
0	194
1	4
13	3
0	146
2	149
48	0
6	1
17	2
0	1
4	0
10	114
4	114
148	94
0	2
0	91
4	94
0	10
0	24
0	53
0	170
0	46
0	75
1	39
0	68
1	178
7	4
22	199
103	45
2	82
36	70
25	17
0	163
3	3
8	24
1	7
1	7
3	7
0	138
0	138
0	138
0	99
0	100
11	0
6	0
6	0
9	0
41	2
1	2
3	11
2	1
8	1
9	2
5	2
6	10
6	11
0	10
1	27
0	5
0	5
1	14
0	23
22	12
2	15
1	4
1	7
1	17
33	1
26	3
20	0
21	0
17	17
0	17
2	13
0	296
0	285
0	338
0	339
0	341
0	330
0	342
0	331
0	293
0	15
50	140
430	155
1	8
10	1278
5	343
99	1278
7	0
4	0
8	409
236	541
5	323
17	133
0	1
5	0
1	4
5	4
1044	0
0	8
505	8
0	229
0	254
0	239
2	65
0	476
0	244
0	466
21	0
5	0
2	0
1	0
2	0
5	0
2	0
1	0
0	0
4	0
23	241
0	70
487	243
80	70
834	1
31	6
3	17
23	328
30	289
29	561
0	297
48	328
1	5
3	1
0	6
8	8
11	0
3	0
36	0
2	0
5	1
0	0
1	0
12	318
0	496
5	327
0	517
1	187
0	527
0	486
35	2
2	2
10	1
6	74
27	86
5	1
2	53
186	0
11	0
214	0
4	0
557	0
1	67
55	67
272	0
0	20
20	962
153	962
2	0
0	0
157	0
323	3
0	3
293	0
6	279
0	163
0	304
0	177
0	290
0	51
0	3
7	5
2	0
0	3
5	9
0	9
22	91
4	91
57	235
37	235
29	2
12	0
0	171
3	124
0	138
0	108
0	141
51	0
214	705
3	464
148	442
33	482
1	0
5	2
1	0
1	0
10	0
3	0
20	23
2	23
147	24
6	24
30	0
5	216
29	81
23	216
7	213
17	89
1	89
1	231
0	375
2	244
0	95
1	241
0	256
0	214
0	308
2	283
3	217
4	102
4	72
1	19
0	1632
3	1420
0	2964
1	2070
2	2294
5	3493
1	16
0	0
1	0
2	0
0	0
39	53
0	53
254	0
8	0
0	22
8	168
6	109
455	277
1	42
52	0
32	0
27	134
0	92
0	9
1	38
10	38
54	0
8	408
4	308
169	442
642	0
13	442
1020	0
491	0
103	0
20	0
37	0
7	0
8	0
7	0
0	0
1	0
4	0
46	0
56	39
16	39
9	3
0	3
31	0
185	1
8	2
296	0
21	5
12	0
0	5
0	4
98	4
8	16
0	30
8	30
15	32
0	2
0	90
17	75
0	4
27	542
49	542
1	279
816	279
1074	0
36	563
485	220
12	566
0	300
33	528
17	157
22	0
160	0
4	0
0	0
2	0
186	3
0	3
2	374
14	374
15	315
10	0
4	0
7	6
0	6
48	136
11	159
8	159
4	0
1	0
2	0
0	0
372	0
179	4813
69	4813
0	0
4	0
13	0
88	10
0	10
53	0
2	266
26	266
0	18
273	18
47	4
19	33
0	171
0	93
7	86
0	154
0	166
1	170
0	160
0	3
0	4
0	1503
2	1338
0	1339
3	1396
38	959
18	1290
391	1429
0	587
4	577
8	23
4	547
0	1
17	0
10	0
0	0
6	0
1	0
3	0
5	179
218	179
8	6
0	181
0	53
0	77
0	157
2	91
2	0
4	166
2	546
73	712
2	491
0	0
3	0
1	47
107	46
7	0
4	0
70	20
3	20
17	504
0	751
6	501
0	753
16	429
5	0
72	2
20	0
1	0
0	3
3	3
0	1
29	597
15	382
19	597
7	293
7	9
6	9
1	0
7	172
2	172
224	41
69	62
309	1
2	1
20	21
0	189
198	189
2	0
3	0
7	0
2	3
0	5
0	6
1	2
1	1
1	16
4	8
7	4
3	20
6	2
0	1
437	56
0	4
0	6
3	7
3	4
24	56
4	10
0	0
5	3
2	0
6	65
0	15
339	65
0	121
0	87
0	90
0	21
55	60
0	154
0	157
0	87
0	54
3	9
0	20
0	0
4	2
148	0
97	0
21	90
4	47
0	43
0	42
0	24
0	172
0	166
0	166
0	160
0	184
0	178
0	207
0	257
0	210
0	201
0	248
0	160
0	249
0	202
1	3
1	0
244	6
0	6
325	0
0	314
70	26
8	326
0	267
2	280
0	321
0	363
0	305
27	0
82	0
152	0
25	0
2	73
2	84
12	84
0	0
2	0
3	0
4	7
3	7
12	197
2	52
48	178
4	19
4	6
0	2
4	11
3	4
1	6
0	2
0	2
94	0
0	108
22	144
242	131
179	0
0	396
0	394
0	413
0	383
0	442
0	453
0	385
0	337
0	0
6	0
3	0
4	0
1	0
321	0
0	83
0	85
0	85
0	91
0	88
0	25
0	88
0	80
0	98
0	92
0	78
0	95
0	90
0	95
2	0
0	18
0	111
2	38
0	136
12	37
0	141
0	11
0	15
0	1
4	1
0	5
2	5
11	0
25	0
0	0
103	0
0	81
0	70
0	85
0	66
0	0
0	50
0	50
0	0
0	55
0	45
99	0
1	36
6	53
2	53
11	0
63	47
2	47
36	343
7	343
1	0
0	2
3	2
16	0
1	0
0	0
2	5
7	5
0	3
0	3
0	4
0	4
19	0
15	0
1	0
1	6
1	6
4	0
7	0
6	0
0	0
33	0
3	2
1	2
1	1
10	5
0	5
39	0
1	0
239	2
6	1
4	0
0	1
109	0
8	19
0	19
39	0
13	0
29	0
0	0
7	19
0	19
24	0
0	0
4	0
55	0
0	0
3	1
3	10
5	10
3	0
2	0
15	0
0	11
30	11
4	0
6	0
129	0
1	0
7	0
9	0
1	0
132	44
14	10
0	34
21	0
6	0
6	0
6	0
1	0
1	0
2	0
1	0
2	0
8	0
13	0
7	0
281	5
0	23
50	23
0	348
35	410
4	410
5	0
0	0
0	0
4	0
1	0
2	138
367	138
2	112
2	3
1	2
14	3
0	17
5	17
0	0
7	0
125	241
13	241
89	0
0	0
0	0
4	0
2	0
3	0
10	0
2	1
2	1
1	1
3	0
8	1
14	0
3	0
43	60
0	60
8	90
2	61
1	76
2	2
12	0
30	0
14	0
38	0
531	4
30	0
55	0
0	0
3	0
8	0
0	0
126	0
3	0
2	0
3	2
95	100
5	100
0	0
0	0
13	1
1	1
92	4
14	17
0	4
0	17
3354	0
2	0
3	14
0	14
42	13
0	13
34	3
2	3
18	0
0	4
3	4
10	0
6	233
52	233
1	0
106	30
0	30
29	0
18	0
1	311
11	311
0	105
113	0
72	0
1	0
6	111
16	111
90	0
2	0
146	0
6	0
3	0
410	0
423	19
1	19
0	0
1	0
0	1
85	1
8	7
75	217
231	269
4	58
13	0
2	0
342	0
8	39
0	39
11	0
59	0
7	0
1	0
9	0
5	0
21	144
3	146
2	16
4	16
0	2
0	5
8	28
3	23
56	0
0	12
12	12
141	69
4	69
4	0
2	0
0	84
0	88
0	87
0	85
14	0
4	0
9	0
4	0
19	75
19	75
154	15
1	15
70	0
23	0
1	0
0	45
0	42
0	46
0	43
3	42
4	42
2	1
18	31
3	1
1	0
1	0
3	5
4	5
0	86
0	54
28	140
2	0
237	77
0	77
0	250
0	250
4	0
5	0
2	0
3	0
4	0
2	0
22	0
2	0
2	0
3	1
0	0
12	0
8	0
4	0
1	0
2	0
1	0
9	0
3	2
4	0
2	0
6	0
3	0
3	0
1	0
5	0
2	0
0	0
1	0
1	0
1	0
3	0
4	0
3	0
4	0
0	1
1	0
0	0
1	0
3	0
2	0
1	0
5	0
1	0
6	0
0	0
1	0
1	0
0	0
1	0
2	0
2	0
4	0
2	0
5	0
4	0
0	0
2	0
2	0
4	0
3	0
3	0
2	0
2	0
6	0
5	0
3	0
2	0
4	0
2	0
3	0
3	0
1	0
1	0
6	0
7	0
11	0
3	0
9	0
1	0
3	0
1	0
13	0
8	4
2	0
5	0
8	0
4	0
4	0
2	0
2	0
3	0
3	0
1	0
2	0
2	0
5	0
2	0
5	0
2	0
3	0
2	0
0	0
1	0
2	0
4	0
4	0
0	0
1	0
3	0
3	0
3	0
1	0
3	0
0	0
2	0
2	0
0	0
2	0
3	0
5	0
2	0
0	0
3	0
2	0
4	0
3	0
2	0
4	0
3	0
2	0
1	0
2	0
2	0
0	0
3	0
1	0
3	0
1	0
1	0
1	0
2	0
3	0
1	0
1	0
3	0
2	0
0	0
4	0
3	0
2	0
1	0
1	0
7	0
1	2
2	0
3	0
4	1
3	0
3	0
4	0
2	0
5	1
1	0
3	0
1	0
3	0
3	0
3	0
4	0
3	0
2	0
3	0
0	0
2	0
4	0
2	0
1	0
14	0
3	0
0	0
1	0
1	0
1	0
1	0
1	0
0	1
0	1
1	0
1	0
1	0
1	0
0	6
13	6
21	0
0	494
2	8
75	502
0	0
63	0
2	3
20	3
10	227
15	227
73	0
1	0
5	5
3	5
2	0
204	0
0	0
26	0
0	2
1	2
38	55
2	51
96	51
7	0
4	0
2	63
3	63
0	22
5	2
2	7
1	7
32	0
2	0
0	0
2	2
1	59
9	120
5	101
0	16
43	11
2	11
0	2
7	2
2	0
4	0
0	0
10	0
9	0
0	1
0	1
1	1
2	0
7	0
0	0
13	0
1	0
13	0
4	0
3	1
1	0
0	3
4	3
47	0
2	0
5	28
1	1
5	28
3	1
2	1
4	0
2	0
2	0
0	1
17	1
1	0
176	829
21	829
5	0
20	0
12	0
4	0
2	1
9	1
7	0
1	12
11	12
4	0
3	4
2	4
161	0
47	242
9	242
1	0
18	5
2	5
60	0
65	0
1	2
3	40
29	40
4	0
0	31
1	67
0	36
4	27
355	0
23	33
11	33
1076	26
0	26
25	143
7	79
3	144
0	1
10	0
1	0
1	14
1	27
11	41
0	0
0	9
1	9
0	1
5	1
12	20
1	20
0	21
6	21
0	1
5	1
1	0
0	307
0	201
0	236
0	130
2	31
0	23
22	54
1	0
2	0
4	0
85	0
16	0
9	0
3	2
0	2
3	27
4	27
1	0
5	354
52	354
2	267
2	0
5	1
3	1
0	60
2	0
1	124
51	124
0	4
33	4
1	0
2	128
29	128
3	112
4	23
41	20
0	3
11	3
1	3
26	1
0	1
19	9
0	9
82	0
124	37
14	37
31	75
0	0
0	75
33	0
9	0
14	0
1	0
32	250
1	21
1	229
1	0
50	0
31	0
3	0
10	6
3	6
3	1
132	1
22	0
16	0
6	0
6	0
103	0
5	0
1	5
25	9
88	4
4	0
1	42
3	355
5	355
9	63
7	0
68	18
0	18
310	0
0	2
0	2
1	0
16	2
0	46
13	46
0	3
21	3
2	0
7	4
0	4
2	0
16	3
0	3
22	0
0	0
15	0
6	0
0	8
10	8
41	0
0	16
5	16
0	8
2	0
0	0
0	9
5	9
0	0
13	0
0	0
3	0
49	0
1	35
4	35
5	79
0	79
2	2
40	0
1	2
0	0
3305	0
99	0
144	0
88	0
2	3
3	3
0	0
23	0
10	0
20	0
13	0
4	0
37	0
6	0
22	0
19	0
7	24
0	24
22	7
1	0
8	0
24	231
0	231
10	0
78	0
11	110
2	110
0	2
2	2
1	11
5	9
0	2
6	0
37	0
0	95
1	88
2	81
1	72
6	0
5	0
8	74
199	286
3	283
3	3
15	7
0	7
2	0
14	2
8	2
108	154
0	55
18	99
0	0
2	0
12	58
0	58
0	5
0	18
19	23
90	2
2	2
163	2
1	0
9	0
6	0
0	2
3	2
0	0
4	3
0	28
138	28
248	0
16	0
3	1
0	3
2	3
3	0
0	24
7	24
3	0
5	0
1	0
5	1
0	1
1	274
0	274
5	0
1	0
0	0
4	0
3	0
38	0
2	0
2	0
7	0
0	2
0	2
1	0
14	1
1	3
1	0
22	0
4	0
11	0
1	0
1	0
21	0
9	0
23	0
24	0
16	0
7	0
3	0
3	9
4	0
2	0
6	0
0	0
3	14
2	14
1	0
2	0
1	0
34	0
9	0
13	0
6	0
7	0
3	3
4	3
0	3
9	0
3	1
89	0
6	0
2	0
0	0
61	0
0	0
1	0
2	0
44	4
0	4
5	2
6	2
8	45
2	45
27	0
0	3
16	6
10	0
1	0
11	0
13	0
9	11
0	11
32	0
8	0
5	43
0	43
0	5
9	5
3	5
6	5
1	2
0	2
0	3
30	3
124	0
1	0
0	0
4	0
3	0
5	0
1	0
1	0
0	0
2	0
2	0
105	0
0	2
0	2
218	41
2	41
3	14
8	14
1	1
3	1
3	0
23	0
53	0
2	0
75	0
4	0
7	5
2	0
233	0
7	0
2	112
3	112
5	0
12	0
1	0
11	0
2	0
23	160
0	160
94	0
6	0
10	0
1	0
3	4
1	4
8	0
4	0
3	0
2	0
0	0
0	0
3	0
12	0
0	0
5	0
5	0
11	0
21	0
26	0
1	30
4	30
2	0
33	0
2	0
175	0
15	76
30	76
7	76
4	74
10	74
0	0
4	0
5	3
4	0
9	0
3	0
59	39
0	39
28	0
4	0
1	0
1	0
9	0
1	0
5	0
2	1
2	0
0	0
0	0
5	0
5	0
4	0
3	0
3	0
8	0
25	0
4	0
4	0
11	0
12	0
5	2
6	0
3	0
9	0
2	0
10	0
4	0
1	0
0	0
0	0
6	0
0	2
3	2
3	0
0	0
3	0
2	0
6	0
1	0
2	0
6	0
5	73
3	73
5	0
57	0
6	0
4	0
0	0
4	0
2	0
1	0
1	0
10	0
7	0
4	0
7	0
3	0
5	0
4	0
0	0
0	0
1	0
3	0
1	0
0	0
4	0
13	0
0	3
5	3
9	0
2	0
0	0
0	0
3	0
1	0
9	0
56	0
3	0
0	0
0	13
23	13
0	0
9	0
0	13
6	13
0	9
0	1
0	1
2	0
10	0
55	0
7	0
10	0
5	0
1	33
0	33
24	0
0	1
3	1
8	0
5	0
5	0
5	0
69	1
0	1
38	1
9	0
9	0
6	0
3	32
8	32
164	0
1	1290
0	1256
1	1245
730	1290
2	0
0	0
2	0
5	0
24	0
9	0
12	0
26	0
9	0
4	0
2	1
0	1
0	10
2	10
1	0
0	41
0	55
1	33
3	122
1	130
1	144
24	1
0	57
4	44
7	40
3	62
0	32
20	31
0	30
8	0
591	0
5	0
1	0
3	0
2	0
0	0
5	2
0	2
5	1
4	1
1	30
0	30
46	0
33	0
38	12
1	12
2	0
13	0
48	0
79	89
6	79
1	10
65	265
0	265
97	0
3	0
3	0
3	3
0	0
0	0
22	0
1	0
4	0
4	1
9	0
2	0
1	0
10	14
33	186
37	172
1	45
10	111
51	111
0	9
72	9
1	5
6	5
1	0
7	14
3	14
17	12
0	9
2	3
3	3
166	0
77	240
2	240
10	0
4	0
2	0
0	6
5	6
9	7
1	7
29	0
1	0
7	0
242	0
227	12
2	12
1	74
66	74
11	9
0	9
16	0
51	0
3	0
14	0
4	4
2	1
0	1
0	4
0	24
78	24
0	0
0	0
1	94
0	94
5	0
11	0
1	0
0	0
10	0
11	0
3	0
1	0
114	0
0	5
3	5
1	0
5	0
3	0
2	21
5	21
26	0
0	0
25	0
12	0
2	6
1	6
0	0
2	2
0	2
3	0
6	19
0	19
68	0
11	0
6	0
22	0
4	19
0	19
1	1
45	0
0	1
2	0
2	0
574	0
8	0
8	1
0	6
8	6
9	0
7	94
2	94
4	12
1	12
73	0
1	0
2	0
0	1
0	1
2	0
11	0
3	0
3	23
2	23
9	0
4	0
0	12
1	13
8	0
3	2
1	2
10	0
7	0
127	21
0	21
2	0
13	0
1	0
1	4
2	4
7	93
2	140
32	140
1	0
17	1
9	0
2	0
0	14
23	14
152	0
2	0
3	0
16	0
2	0
2	0
4	0
2	0
3	0
6	0
2	0
5	2
2	0
1	0
0	0
1	0
2	0
4	0
0	0
4	0
1	0
1	0
6	0
5	0
3	0
1	0
4	0
0	1
2	1
21	0
1	0
4	0
3	0
2	0
1	3
1	3
2	0
2	0
2	0
0	0
1	0
9	0
2	7
3	7
3	0
1	0
7	0
12	0
0	0
4	0
0	0
4	0
4	0
2	2
0	0
0	0
7	0
17	0
3	0
2	0
2	0
5	0
4	0
2	0
4	1
1	0
4	0
2	2
1	2
9	3
1	0
1	0
3	0
6	0
3	0
2	0
0	0
4	0
8	0
2	0
2	0
24	0
2	0
4	1
3	0
5	0
1	0
0	0
5	0
1	0
1	0
1	0
4	0
3	0
27	0
10	0
5	0
0	0
1	0
1	0
2	0
1	0
7	0
2	0
5	0
6	0
3	0
4	0
4	0
3	0
3	0
0	0
2	0
1	0
1	0
1	0
1	0
1	0
7	0
5	0
0	0
7	0
5	0
1	2
3	2
1	0
3	0
3	0
3	0
3	0
10	0
2	0
6	0
1	0
3	0
6	0
9	0
10	0
1	0
2	0
2	0
6	0
2	0
0	0
4	0
5	0
5	0
2	0
0	0
13	0
2	0
1	0
3	0
0	0
1	0
3	0
4	0
2	0
4	0
0	0
0	0
0	0
1	0
3	0
5	0
4	0
4	0
6	0
0	0
3	0
4	0
7	0
5	0
5	0
0	0
0	0
5	0
11	1
1	0
4	0
2	0
2	0
1	0
1	0
5	0
5	0
1	0
3	0
2	0
0	0
1	0
2	0
2	0
1	7
0	7
4	0
4	0
0	0
6	0
3	0
3	0
6	0
2	0
3	0
2	0
10	0
1	0
5	0
20	0
1	0
1	0
1	0
2	7
0	7
0	5
2	5
13	0
6	0
1	11
1	11
0	0
0	0
17	0
1	0
10	0
1	0
4	0
8	0
2	0
2	2
9	0
3	0
1	0
6	0
5	0
1	0
0	0
9	0
4	0
1	0
27	0
2	0
5	0
1	0
19	0
23	0
1	0
6	0
1	0
4	0
30	0
2	0
1	0
6	0
1	0
1	0
1	0
6	0
4	0
1	0
8	0
1	0
1	0
4	0
2	0
3	0
1	0
1	0
6	0
32	0
22	0
11	0
3	19
3	27
9	27
2	10
0	6
0	6
7	0
2	0
17	1
5	0
7	0
4	0
11	0
0	0
2	0
6	0
3	0
1	0
1	0
2	0
9	0
3	1
1	0
3	0
3	0
6	0
2	0
1	0
3	0
2	1
4	0
3	0
3	0
3	0
7	0
1	0
2	0
2	0
3	0
1	0
1	0
1	0
8	0
2	0
2	0
6	0
0	0
5	0
3	0
7	0
3	0
3	0
0	0
8	0
2	0
1	0
3	0
2	0
3	0
1	0
1	0
2	0
4	0
3	0
3	0
1	0
2	0
2	0
3	0
2	0
2	0
3	0
4	0
1	0
7	0
1	0
5	0
2	0
4	0
0	0
2	0
1	0
1	0
5	0
0	0
0	0
2	0
4	0
1	0
7	0
4	0
4	0
3	0
2	0
3	0
2	0
0	0
1	0
4	0
3	5
3	0
3	0
1	0
2	0
3	0
2	0
1	0
2	0
5	0
4	0
4	5
1	0
1	0
7	6
0	6
0	0
5	0
8	0
3	0
11	0
3	0
1	0
2	1
4	0
5	0
3	0
0	0
3	0
2	0
6	0
2	0
6	0
1	0
1	0
4	0
3	0
2	0
12	1
2	0
1	1
5	0
4	24
15	24
3	0
2	1
8	0
3	0
4	0
1	0
0	0
2	0
1	0
2	0
1	0
5	0
4	0
3	0
5	3
0	3
9	0
1	0
2	0
146	0
9	0
1	0
5	0
2	0
6	0
2	0
1	0
0	0
1	0
1	0
0	0
0	0
1	0
1	0
1	0
4	0
1	0
2	0
10	0
2	0
1	0
8	0
12	0
1	0
3	0
2	0
0	0
1	0
4	0
2	0
2	0
2	0
3	0
5	0
3	0
5	0
2	0
6	0
6	0
4	0
1	0
5	0
3	0
2	0
4	0
0	0
1	0
1	0
1	0
4	0
6	0
6	0
5	0
6	0
4	0
2	0
1	0
1	0
1	0
2	0
3	0
3	0
2	0
5	0
5	0
4	0
1	0
0	0
5	0
2	0
2	0
6	0
4	0
1	0
2	0
15	0
3	0
1	0
1	0
0	0
0	0
6	0
2	0
2	0
4	0
2	0
2	0
3	0
2	0
1	0
3	0
5	0
3	0
1	0
0	0
3	0
1	0
0	0
3	0
2	0
2	0
1	0
3	0
2	0
5	0
0	0
3	0
7	0
0	0
1	0
0	0
4	0
4	0
1	0
2	0
2	0
8	0
2	0
2	0
4	0
3	0
3	0
0	0
2	0
1	0
4	0
1	0
1	0
4	0
0	0
1	0
3	0
0	0
1	0
2	0
1	0
0	0
0	0
4	0
2	0
2	0
4	0
2	0
1	0
2	0
3	0
2	0
2	0
2	0
1	0
1	0
3	0
4	0
5	0
4	0
4	0
3	0
4	0
0	0
1	0
3	0
2	0
3	0
2	0
0	0
0	0
4	0
1	0
4	0
0	0
3	0
0	0
2	0
3	0
3	0
2	0
2	0
1	0
3	0
1	0
2	0
1	0
3	0
1	0
0	0
1	0
2	0
2	0
1	0
0	0
2	0
2	0
3	0
1	0
2	0
4	0
2	0
1	1
3	0
3	0
3	0
5	0
2	0
2	0
5	0
0	0
0	0
1	0
0	0
3	0
2	0
3	0
3	0
65	41
5	41
0	1
1	1
0	0
3	0
12	0
2	0
1	0
5	0
2	0
7	0
1	0
43	0
1	0
3	0
1	0
10	0
4	0
0	0
4	1
0	1
0	0
0	6
2	0
14	0
2	0
6	0
8	0
5	0
1	3
4	16
0	13
0	12
82	12
0	0
7	0
70	0
6	0
1	0
4	0
105	0
3	91
0	91
0	2
6	2
7	0
0	26
5	26
0	0
0	0
1	0
5	0
19	0
1	0
3	0
11	0
0	0
11	1
13	2
0	2
9	0
21	267
33	267
18	0
12	0
2	0
2	0
13	0
102	0
4	0
1	0
0	0
2	0
4	0
3	0
15	0
6	0
4	2
5	0
3	0
5	0
8	0
10	0
4	0
0	0
5	0
2	0
4	0
4	0
2	0
0	0
2	0
1	3
0	3
2	0
3	0
2	1
3	3
1	0
1	0
0	0
6	0
0	0
5	0
2	0
0	23
0	49
0	26
0	52
2	0
0	0
1	0
3	2
5	0
5	0
2	1
2	1
4	0
24	0
5	0
0	4
5	3
2	0
5	0
1	0
2	0
2	1
0	1
6	0
4	0
2	0
1	0
4	0
9	0
18	1
0	1
34	0
5	0
0	2
0	2
27	0
10	0
3	0
10	0
4	0
5	0
35	0
4	0
1	0
5	0
3	0
13	5
0	0
4	5
3	0
2	0
0	0
1	0
3	1
5	10
3	10
11	0
12	0
140	0
6	0
5	0
1	0
4	0
2	0
1	0
2	0
3	0
8	0
1	0
4	0
1	0
6	0
2	0
2	0
1	0
2	0
2	0
2	0
5	0
1	0
1	0
1	0
1	0
3	1
1	0
3	0
2	0
3	0
2	0
0	0
2	0
4	0
4	0
2	0
1	0
1	0
3	0
0	0
1	0
3	0
1	0
8	0
4	0
2	0
0	0
0	0
3	0
1	0
1	0
0	0
1	0
6	0
1	0
1	0
3	0
2	0
0	0
3	0
1	0
2	0
3	0
3	0
3	0
8	0
0	0
4	0
1	0
2	0
1	0
3	0
4	0
5	0
3	0
3	0
3	0
3	0
1	0
2	1
3	1
1	0
2	0
0	0
7	0
1	0
2	0
2	0
1	0
1	0
1	0
1	0
2	1
1	1
6	0
5	0
4	0
2	0
7	0
26	0
9	0
4	0
2	0
5	0
2	0
1	0
1	0
5	0
3	0
1	0
0	0
0	0
0	1
2	1
0	0
2	0
0	0
1	0
2	0
6	0
4	0
5	0
3	0
2	6
1	6
6	0
2	0
2	0
2	0
6	0
2	0
17	0
24	373
24	373
5	0
32	0
4	0
11	0
4	0
2	0
1	0
47	0
171	0
5	0
4	0
90	56
10	56
7	0
0	0
6	0
8	0
1	0
12	0
3	0
1	0
0	0
4	0
5	0
18	0
8	0
4	0
4	0
0	0
94	0
4	0
5	0
0	2
7	2
3	4
1	0
3	91
181	91
18	0
15	4
0	4
2	9
12	9
167	442
7	442
20	100
3	171
8	163
24	0
89	0
0	141
3	263
4	427
8	477
0	0
6	0
16	1
0	1
0	1
6	0
22	226
7	226
0	1
0	1
1	26
58	1
11	26
8	14
88	18
20	1660
16	1199
1137	1660
3	1199
3	0
2	98
2	122
2	105
6	0
16	0
863	3218
36	3218
0	133
0	18
200	293
4	275
5	0
5	0
34	10
5	0
49	0
14	0
8	0
27	387
3	306
0	0
0	32
4	81
0	0
4	89
0	159
1	233
2	0
95	43
2	43
345	1
19	1
1	2
0	80
3	74
1	80
42	1
21	0
2	0
24	47
2	12
3	35
0	109
0	108
1	101
5	0
1	0
54	0
0	0
0	0
2	23
5	23
0	1
154	1
333	455
8	0
0	455
650	0
71	0
35	63
1	63
3	0
0	36
32	108
0	35
1	82
65	0
0	11
52	11
146	1107
15	1107
1	613
1	0
2	0
26	16
0	1
0	15
19	0
0	1
12	1
275	105
2	104
0	1
121	55
0	55
1	0
0	70
152	70
7	0
0	0
162	0
433	0
3	0
4	0
0	0
0	0
6	0
2	4
2	6
0	6
3	119
12	119
0	0
12	0
2	0
2	0
32	156
0	53
0	103
14	1
4	0
3	19
0	5
43	24
0	0
4	32
7	116
0	89
8	59
1	0
846	0
5	2
2	0
218	0
2	65
3	75
18	74
0	1
2	1
3	0
0	0
3	3
0	3
3	1
0	0
2	0
2	0
14	0
35	0
8	26
0	29
2	29
4	845
336	844
3	1
138	0
9	2
4	0
273	0
0	37
227	37
7	9
12	43
4	43
0	25
0	85
992	85
9	0
0	0
11	0
95	10
0	10
33	0
3	98
21	98
1	86
0	64
130	0
75	0
0	0
0	0
3	0
6	6
2	7
5	3
2	7
7	7
123	0
269	0
21	63
0	36
1	17
0	110
0	89
0	76
5	109
0	0
0	0
0	0
0	57
29	112
0	55
7	35
7	35
613	0
104	0
1	19
0	2
4	43
6	53
0	10
6	0
0	6
176	6
49	0
0	6
440	6
15	38
2	38
0	0
0	1
0	1
14	8
1	8
2	79
5	79
0	0
0	3
3	9
1	3
3	149
2	149
28	0
12	0
2	1
0	1
10	0
5	0
6	0
4	118
22	118
0	0
172	7
2	7
100	59
19	59
2	0
0	78
82	78
210	0
273	0
47	0
135	0
663	0
3	0
89	0
60	0
344	0
0	0
0	0
14	1
0	1
0	0
5	2
27	141
3	141
94	236
6	236
31	66
3	66
0	0
4	0
6	0
1	0
13	0
3	0
1	0
2	0
1	0
0	0
4	0
0	0
6	0
6	0
2	0
8	0
4	0
4	0
1	0
3	0
2	0
6	0
5	0
7	0
6	0
0	0
4	0
2	0
0	0
1	0
4	0
7	0
2	0
2	1
222	0
6	0
8	0
20	0
7	0
4	0
11	0
10	0
2	2
0	2
34	2
5	0
18	0
9	1
11	0
2	0
102	0
4	49
44	49
3	0
0	0
4	0
31	0
70	0
4	0
1	3
2	3
11	0
7	0
5	0
2	0
3	0
0	900
230	900
4	6
0	6
2	49
195	49
62	0
10	0
1	0
4	0
6	0
13	0
4	0
2	0
1	0
25	27
0	27
14	0
11	0
4	0
3	41
2	41
147	0
12	0
7	0
3	0
4	0
12	0
3	0
9	0
0	4
0	4
4	0
3	0
3	0
1	0
5	10
1	10
2	0
10	2
6	0
2	0
7	0
9	0
0	0
1	0
12	0
0	0
9	0
0	0
0	1
0	1
2	0
1	0
0	0
5	0
1	3
197	3
3	70
1	70
10	0
3	58
0	58
9	0
2	5
2	0
5	0
1	0
8	11
0	11
2	0
131	0
241	0
2	0
2	2
0	2
7	0
4	0
2	0
7	0
62	189
0	189
2	0
2	0
0	2
4	1
0	1
0	0
6	0
140	0
359	0
3	0
8	8
0	8
10	0
7	0
3	0
5	1
0	1
3	0
7	0
9	0
2	1
9	1
11	0
5	0
2	0
1	14
8	14
0	5
69	5
7	0
1	4
4	0
29	0
0	1
116	1
0	4
32	4
2	0
4	0
493	0
0	11
46	55
0	44
121	0
4	0
2	1
6	1
2	0
5	0
158	1
12	0
5	0
3	0
0	0
8	0
2	24
7	24
6	35
10	35
10	0
1	129
8	200
33	200
7	0
7	0
26	0
1	0
17	0
4	0
2	0
39	0
1	2
2	2
18	0
227	0
3	2
19	1
4	157
80	157
91	0
8	0
5	0
11	0
4	0
0	0
0	0
32	0
0	0
1	0
86	0
6	0
509	0
66	0
4	0
6	0
2	0
5	0
3	0
4	0
6	0
1	0
0	0
2	0
100	0
392	3
4	0
1	0
8	0
3	0
4	1
2	1
2	0
4	0
9	0
3	0
2	0
9	0
1	0
3	5
1	5
1	2
2	2
2	0
4	0
31	235
25	235
0	1
0	1
5	0
6	0
0	1
8	1
3	0
4	0
1	0
1	0
0	11
2	11
0	0
2	3
5	3
0	0
1	0
1	0
7	0
1	0
2	0
2	0
0	0
2	0
2	0
3	0
8	0
4	0
3	0
30	0
6	0
4	0
7	9
2	9
4	0
0	2
2	2
5	1
4	0
56	0
1	9
2	9
5	0
17	0
2	0
0	0
9	0
1	0
7	0
10	0
2	0
2	0
0	8
4	8
20	0
2	0
1	0
24	0
3	0
1	0
6	0
2	0
37	0
30	0
1	0
1	0
3	0
10	0
3	4
10	5
1	3
2	0
23	0
16	0
0	0
1	0
2	0
0	0
0	0
1	0
0	1
32	0
2	0
5	0
3	0
3	0
6	0
1	0
1	0
4	0
7	0
0	2
1	1
1	3
6	0
0	0
0	0
1	0
5	0
6	0
2	0
6	0
5	0
5	0
1	0
2	0
2	0
8	0
4	0
4	0
7	0
6	0
2	0
0	0
59	0
1	0
3	0
5	1
1	0
10	0
1	0
32	0
2	12
1	12
1	0
0	0
3	0
4	0
5	0
30	4
5	0
0	1
13	0
2	0
8	0
56	0
19	0
0	0
7	0
10	0
0	0
5	0
21	0
1	7
0	7
2	0
0	0
10	0
4	0
1	0
1	0
2	0
2	0
1	0
14	0
9	0
1	0
179	0
3	0
1	0
3	0
1	0
9	0
7	0
5	0
2	0
0	0
5	0
7	0
3	0
3	0
7	0
6	0
0	0
6	0
1	0
4	0
0	0
1	0
3	0
5	0
16	0
0	0
5	0
1	0
1	0
4	0
4	0
14	0
3	0
1	0
1	0
9	0
2	0
2	0
4	0
1	0
1	0
2	0
0	4
2	4
1	0
4	0
7	0
2	3
2	3
12	0
2	0
3	0
1	0
1	0
1	0
12	0
3	0
17	0
4	0
4	0
0	0
3	0
3	0
1	0
3	0
3	0
2	0
0	0
2	0
2	0
2	0
3	0
1	0
1	0
1	0
3	0
2	0
2	0
1	0
3	0
0	1
1	0
3	0
4	0
3	0
1	0
1	0
3	0
4	0
1	0
3	0
2	0
2	0
2	0
0	0
2	1
5	0
0	5
1	0
1	0
1	0
4	0
0	0
2	0
1	0
5	0
3	0
2	0
10	0
0	0
4	0
2	0
0	0
1	0
0	0
3	0
1	0
4	0
1	0
1	0
2	0
1	0
4	0
4	0
1	0
1	0
2	0
5	0
0	0
2	0
3	0
2	0
0	0
3	0
5	0
0	0
1	0
1	0
0	0
1	0
2	0
2	0
3	0
1	0
4	0
2	0
5	0
1	0
0	0
1	0
3	0
1	0
4	0
3	0
5	0
2	0
5	1
1	0
3	0
7	0
4	0
3	0
0	0
18	0
3	0
1	0
2	0
1	0
5	1
0	0
4	0
3	0
1	0
0	0
6	0
1	0
0	0
0	0
0	0
2	0
4	0
2	0
4	0
6	0
4	0
1	0
3	0
3	0
2	0
6	0
1	0
1	0
5	0
3	0
2	0
9	0
5	0
4	0
3	0
1	0
1	0
5	0
2	0
3	0
2	0
0	0
1	0
2	0
2	0
6	0
3	0
1	0
2	0
2	0
0	0
2	0
5	0
1	0
2	0
1	0
0	0
1	0
1	0
2	0
4	0
2	0
4	0
1	0
23	0
1	0
2	0
5	0
3	0
1	0
1	0
2	0
0	0
0	0
0	0
2	0
2	0
1	0
3	0
4	0
1	0
1	0
3	0
4	0
4	0
3	0
2	0
3	0
3	0
1	0
1	0
3	0
1	0
2	0
1	0
2	0
3	0
3	0
0	0
4	0
3	1
3	0
3	0
2	0
1	0
4	0
0	0
2	0
4	0
1	0
1	0
1	0
2	0
1	0
0	1
2	1
1	0
0	2
0	2
0	0
1	0
4	0
3	0
6	0
3	0
4	0
2	0
1	0
1	0
3	0
3	0
5	0
1	0
6	0
11	0
3	0
2	0
1	8
1	8
3	0
5	0
1	0
8	0
0	0
2	0
2	5
4	5
2	0
4	0
1	0
0	28
8	28
4	0
2	0
1	0
2	0
2	0
5	0
47	0
4	0
0	0
1	0
2	0
2	0
0	0
1	0
1	0
1	0
1	0
2	0
4	0
2	0
7	0
14	0
1	0
7	0
1	0
3	0
2	0
2	0
3	0
12	0
2	0
2	0
6	0
3	0
0	0
1	0
5	0
4	0
6	0
2	0
2	0
3	0
0	0
1	0
2	0
4	0
0	0
3	0
4	0
2	0
2	0
2	0
3	0
3	0
2	0
4	0
1	0
1	0
1	0
1	0
2	0
1	0
0	0
2	0
1	0
2	0
1	0
5	0
2	0
4	0
1	0
0	0
2	0
2	0
2	0
3	0
3	0
3	0
1	0
3	0
0	0
3	0
3	0
4	0
3	0
3	1
0	0
4	0
1	0
1	0
3	0
1	0
2	0
2	0
1	0
3	0
1	0
0	0
0	0
6	0
2	0
4	0
2	0
1	0
2	0
6	0
5	0
4	0
0	0
2	0
2	0
1	0
4	0
1	0
2	0
2	0
4	0
3	0
0	0
3	0
2	0
1	0
2	0
0	0
1	0
0	0
4	0
4	0
1	0
2	0
0	0
0	0
0	0
1	0
4	3
3	3
0	0
1	0
3	0
5	0
11	100
3	100
1	0
4	0
1	4
0	4
2	0
0	0
8	0
6	1
3	0
3	0
2	0
3	0
1	0
2	0
3	0
3	0
7	1
0	0
0	12
10	12
10	0
0	0
5	0
4	0
4	0
6	0
0	0
2	0
95	0
0	0
1	0
1	0
2	0
4	0
2	0
4	0
6	0
9	0
1	0
3	0
3	0
0	0
2	0
6	0
21	0
3	0
4	0
3	0
2	0
2	0
2	0
2	0
3	0
3	0
3	0
2	0
2	0
14	0
1	0
2	0
4	0
3	0
5	0
2	0
5	0
4	0
2	0
4	0
1	0
2	0
2	0
2	0
1	0
2	0
0	0
0	0
3	0
4	0
8	1
2	0
1	0
0	2
0	2
2	0
3	0
2	0
1	0
6	0
0	0
2	0
6	0
0	0
6	0
1	0
0	0
2	0
1	0
5	0
1	0
1	0
1	0
0	0
3	0
9	0
3	0
5	0
3	0
1	0
4	0
2	0
1	0
0	0
4	0
3	1
3	0
2	0
11	0
4	0
2	0
4	0
4	0
4	0
0	0
2	0
1	0
0	0
1	0
2	0
5	0
5	0
2	0
2	0
2	0
1	0
2	0
2	0
0	0
1	0
1	0
6	0
4	0
0	0
3	0
3	0
2	0
3	0
2	0
3	0
5	0
2	0
4	0
0	0
2	0
3	0
1	0
3	0
3	0
3	0
2	0
1	0
3	0
4	0
2	0
2	0
6	0
2	0
0	0
7	0
3	0
2	0
4	0
2	0
5	0
3	0
3	0
2	0
0	0
2	0
5	0
4	0
2	0
0	0
0	0
6	0
2	0
1	0
4	0
3	0
2	0
2	0
2	0
2	0
0	0
2	0
1	0
4	0
3	0
2	0
3	0
2	0
2	0
3	0
2	0
3	0
1	0
5	0
2	0
1	0
3	0
3	0
1	0
3	0
1	0
3	0
4	0
5	0
2	0
4	0
3	0
2	0
6	0
4	0
1	0
6	0
2	0
2	0
0	0
6	0
4	0
10	0
8	0
8	0
1	0
3	0
1	0
4	0
3	0
2	0
4	0
9	0
6	0
2	0
17	0
3	0
3	0
3	0
4	0
3	6
1	0
0	0
7	0
2	0
5	0
6	0
10	0
0	0
6	0
1	0
12	0
5	0
51	0
3	0
2	0
2	0
2	0
3	0
2	0
4	0
8	0
3	1
2	0
3	0
9	0
4	0
7	0
0	0
6	0
7	0
10	0
0	0
3	0
8	0
5	0
2	2
2	2
7	0
7	1
0	0
5	0
0	0
2	0
4	0
3	0
4	0
7	0
13	1
2	0
9	0
1	0
3	0
11	0
1	0
0	0
3	0
8	0
4	0
4	0
8	1
6	5
0	5
3	0
1	0
7	0
14	0
3	0
3	0
3	3
5	0
1	0
7	0
1	0
6	0
1	0
9	0
6	0
10	0
1	0
3	1
4	0
2	0
1	0
1	0
5	0
1	0
4	0
1	0
2	0
2	0
2	0
5	0
3	0
3	0
1	0
2	0
0	80
196	80
5	0
6	0
4	0
3	0
0	0
2	0
4	0
6	0
5	0
77	0
4	0
8	0
6	0
4	0
17	0
24	0
48	0
3	0
4	57
0	57
5	0
10	0
3	0
0	0
8	0
43	0
17	0
4	0
12	0
1	0
2	79
65	79
10	0
141	0
4	0
6	0
5	0
4	0
15	0
0	0
0	0
2	163
28	163
2	0
5	1
8	0
7	22
3	22
4	0
0	0
2	0
0	3
1	3
4	1
0	1
23	0
4	0
12	0
2	2
0	2
7	0
10	0
202	0
4	0
1	0
0	0
2	0
2	0
0	0
5	0
2	0
0	0
8	0
6	0
1	0
7	0
4	0
1	0
0	0
2	0
264	3
4	0
3	0
1	0
2	0
4	0
1	0
4	0
7	0
4	1
7	3
0	0
5	0
0	0
8	12
0	12
7	0
11	0
6	0
6	0
28	0
227	0
0	0
2	0
2	0
2	20
2	20
41	0
61	0
0	8
1	0
3	8
0	0
3	0
1	0
5	43
1	42
1	43
1	0
0	28
19	0
4	28
6	0
1	0
0	0
0	0
0	0
2	0
3	0
2	8
0	8
6	0
5	3
11	127
14	127
2	0
0	1
17	3
5	0
58	0
1	0
0	0
5	0
2	0
6	0
28	0
1	0
0	0
1	3
0	3
9	0
5	0
1	0
1	0
1	0
16	5
0	5
22	0
20	0
27	0
0	0
2	0
2	0
0	0
2	0
4	0
2	0
1	0
4	0
2	0
1	0
3	0
0	0
9	0
4	0
5	0
17	0
2	0
1	0
68	0
3	0
2	0
9	0
13	0
2	0
3	0
5	0
5	0
2	0
4	0
1	0
3	0
5	0
2	0
5	0
2	0
5	3
1	3
3	0
2	0
3	0
0	0
8	0
12	0
32	0
9	0
7	2
2	2
8	0
0	1
2	1
1	0
5	4
0	4
4	0
1	0
4	0
2	0
4	0
5	0
6	0
2	0
3	0
4	0
1	0
3	0
14	0
8	0
1	0
0	0
3	0
11	0
6	0
0	18
8	18
6	0
4	0
6	0
0	5
2	0
1	0
0	90
0	90
128	0
6	0
1	0
6	0
12	0
1	0
0	0
4	0
0	15
46	15
3	0
3	0
2	0
0	0
3	0
0	0
4	0
2	0
0	0
0	0
1	0
4	0
0	0
1	0
4	0
3	0
1	0
7	0
1	0
1	0
0	0
6	0
1	0
2	0
2	2
3	2
4	0
5	0
2	0
2	0
2	0
3	0
3	0
7	0
11	0
3	0
3	0
4	0
4	0
3	0
1	3
0	3
1	4
0	0
1	0
4	0
5	0
0	0
1	0
4	0
4	0
2	1
0	1
5	0
2	0
3	0
1	0
6	0
4	1
2	1
0	6
33	41
0	35
5	0
9	0
4	0
1	1
0	0
2	0
5	0
2	0
2	0
4	0
1	1
0	1
0	0
2	0
4	0
3	0
4	0
3	0
2	0
1	0
3	7
0	0
0	0
2	0
0	222
30	222
408	0
3	4
1149	1
1	1025
1	1025
2	5
1	442
34	443
1	2
18	1
2	0
6	0
5	0
3	83
3	83
46	0
41	113
0	25
0	7
0	123
0	132
0	141
0	4
4	0
3	4
0	2
1	10
1	2
1	1
3	1
4	0
4	2
4	0
1	2
0	485
2	54
0	487
0	492
2	0
0	494
3	0
0	1767
0	1580
0	1812
0	1777
0	1656
0	1701
0	1709
0	1684
0	1726
0	1691
0	1802
0	1719
0	1736
0	1563
0	1674
0	3
0	642
0	771
0	788
0	625
0	621
2	359
0	767
0	792
0	646
73	0
91	44
7	21
2	40
0	26
5	26
0	35
1	42
30	1309
0	137
20	240
21	1309
4	181
48	0
2	62
4	62
1	0
12	32
35	32
4	54
4	54
412	0
0	341
0	123
0	362
0	145
1	340
0	9
6	86
0	319
143	0
18	0
117	0
1	0
4	0
0	182
3	58
0	112
0	107
0	187
15	68
73	0
366	68
4	171
6	171
82	0
3	0
5	162
0	5
0	59
0	26
3	158
2	135
1	26
3	0
1	0
19	0
148	0
443	27
657	335
0	152
0	208
7	1082
238	1082
66	207
7	207
0	5
8	4
79	5
1	4
2	0
14	1
0	3
6	3
2	0
4	315
0	1
0	315
0	232
0	285
3	73
3	42
0	304
0	251
0	953
0	185
0	275
0	346
0	470
0	385
0	309
0	389
0	1077
0	382
0	75
0	992
0	292
2	17
0	224
0	1060
0	755
0	314
0	399
280	117
0	1
0	23
0	2
0	1
0	4
0	3
2	116
0	1
0	4
1	0
2	0
42	11
3	11
0	3
1	4
0	1
9	0
5	2
6	0
0	0
2	0
7	0
9	609
0	120
0	287
4	579
0	712
1	92
1	8
2	141
0	517
0	8
0	392
0	747
8	141
260	733
0	522
0	474
0	412
4	0
4	0
0	95
0	92
0	157
0	154
5	18
0	18
2	17
4	17
2	18
17	811
26	811
2	0
16	18
0	178
0	323
0	324
0	218
0	177
0	217
0	24
6	0
5	0
6	0
0	101
2	3
54	214
39	1543
35	1543
2	89
5	153
17	458
12	364
1	0
0	13
0	131
2	363
22	363
10	363
1229	263
3	250
3	0
1	0
3	0
17	303
11	303
93	303
16	19
1	13
10	5
0	10
6	8
0	5
0	13
0	28
17	15
0	6
0	28
0	7
7	8
8	0
0	2
1	0
0	0
2	0
85	0
0	123
0	109
0	117
0	112
0	105
0	116
0	126
7	0
22	0
840	0
6	120
9	120
0	0
26	0
5	143
135	143
3	98
5	0
0	272
0	271
4	271
0	276
0	297
3	69
35	0
5	93
0	89
2	94
5	90
174	3
0	515
0	462
111	526
0	446
0	531
0	0
4	0
6	0
4	0
1	0
0	0
2	19
87	391
0	372
10	0
1	0
1	0
2	0
0	0
854	0
0	100
250	100
8	0
0	485
0	562
0	549
0	498
601	0
1	38
0	408
0	213
0	223
0	327
0	315
1	1
0	420
2	2
0	0
7	0
4	0
43	58
0	58
72	8
5	8
0	2
1	2
112	0
0	5
147	5
2	2
8	0
2	2
0	109
0	97
0	116
0	96
0	78
0	98
0	79
0	91
0	512
1	255
1	126
5	444
2	17
11	0
60	0
0	1
0	2976
0	2977
22	6
9	2
0	6
0	2977
7	19
0	19
0	1
2	0
3	0
4	0
42	0
2	0
17	0
58	0
10	0
3	0
4	0
4	0
0	2
1	0
1	0
2	0
0	0
0	0
3	0
5	34
1	35
10	407
0	205
0	370
0	775
0	373
0	778
0	759
0	354
0	607
0	756
0	202
0	351
7	0
34	60
4	60
52	0
0	162
15	52
0	112
2	4
0	65
33	4
0	98
0	67
0	66
0	164
0	117
0	97
0	1
4	1
4	0
20	0
47	0
2	0
10	0
121	0
645	0
35	0
17	26
50	26
29	12
31	12
230	128
6	184
6	184
1	45
189	339
2	294
4	70
8	70
67	709
13	709
0	791
3	776
4	769
0	783
0	778
0	776
25	786
1	5
0	786
0	816
0	783
0	786
0	783
0	786
0	753
0	801
2	0
3	0
2	1
79	1
1	0
11	3
16	3
24	0
1	0
33	0
6	0
10	0
8	0
4	0
2	0
1	0
2	0
4	5
6	10
1	4
3	2
3	5
0	7
1	5
3	12
1	2
2	3
0	6
3	8
3	8
16	0
16	0
1	367
4	133
15	581
9	534
8	0
0	297
3	0
26	0
1	0
16	5
2	0
0	329
0	653
0	638
0	552
0	537
0	314
6	360
0	513
0	498
2	237
0	0
0	1442
5	911
0	854
1	1621
6	167
0	1033
2	2
3	2
46	0
1692	0
729	1
5	0
7	0
4	219
17	219
50	216
0	1
106	8
0	65
1	126
0	92
0	34
0	27
0	88
0	4
0	54
0	0
0	56
0	26
0	30
0	36
0	31
0	61
0	5
214	0
1	5
58	0
57	0
3	0
5	0
20	0
2	0
0	574
156	574
241	0
21	27
2	57
229	0
77	0
133	0
664	0
111	0
23	769
11	769
0	300
18	0
2689	0
2	5
0	6
2	0
8	0
3	7
8	72
3	68
52	0
167	0
0	0
0	54
1	45
14	54
70	0
49	46
11	44
18	3
47	1565
6	1136
423	1567
1474	130
3	0
313	0
4	0
3	0
2	4
9	4
0	2
6	4
0	6
56	0
2	0
0	353
0	106
0	226
0	366
47	117
0	360
0	220
0	239
0	233
0	347
7	1
0	119
2	164
0	246
0	233
0	25
5	21
1	13
14	17
0	3
10	6
7	1
325	12
18073	5
217	1
0	1
2	12
19	0
3	0
5	4
0	0
13	0
0	0
0	6
3	7
1	7
0	2
9	200
24	343
6	200
30	154
9	0
1	0
5	0
18	0
1	0
18	3
2	3
7	32
0	32
3	38
0	326
0	704
0	13
0	998
0	595
0	889
4	237
4	0
2	0
3	0
0	0
62	1
0	2
7	56
2	77
2	105
57	2
10	0
3	2
0	2
14	6
3	15
0	170
11	235
0	263
0	262
24	57
70	279
110	269
991	270
0	11
0	0
33	0
52	0
5	9
0	11
35	11
2	8
14	22
7	18
0	6
12	0
0	0
2	0
10	0
1	0
2	0
2	0
5	44
33	44
1	0
64	0
45	0
0	6
1	7
0	2
1	7
1	5
0	1
0	1
0	6
6	0
1	59
4	26
9	26
2	128
7	32
4	127
3	120
9	119
18	162
24	162
0	84
0	231
0	89
0	236
17	59
365	0
368	1
3	0
19	233
0	240
2	1790
0	1765
1	5
1	29
0	312
11	1790
46	1508
0	1837
0	6
4	0
6	0
3	0
3	0
3	17
1	17
109	1
11	0
27	10
1	9
0	4
11	322
3	163
2	130
85	261
46	981
1	818
8	0
7	46
1	110
85	203
176	93
1	0
6	0
5	0
1	0
2	0
1	0
3	0
821	89
18	89
12	97
3	97
0	2
5	2248
228	2070
67	2116
0	2
2	148
2	140
32	542
0	542
0	4
46	2
48	3
41	0
8	139
189	139
54	0
15	0
19	0
1	0
2	0
29	0
20	0
1	74
0	0
4	6
0	6
1	74
10	0
0	586
0	585
23	197
0	582
0	589
0	0
0	2
3	2
3	69
7	69
0	87
62	87
74	0
81	96
20	96
0	451
0	811
0	746
0	645
0	941
0	618
4	64
101	64
3	0
2	0
21	0
6	0
15	0
2	0
10	0
2	2
5	2
12	200
2	158
1	200
1	137
23	130
128	774
0	637
206	1
2	0
3	0
0	6
6	6
0	0
1	0
12	0
27	0
1	0
11	0
630	0
0	586
841	141
31	178
645	560
12	0
1	75
0	196
0	298
0	305
0	238
0	895
0	868
0	901
0	928
3	0
2	0
4	0
206	0
0	10
4	10
79	0
15	2
0	2
81	0
20	239
0	239
2	131
5	0
677	131
0	681
0	535
15	635
92	96
8	102
4	13
149	277
8	264
0	3
292	149
0	1236
0	1312
0	1246
0	1302
0	1203
0	1269
0	844
0	910
0	60
0	473
1	452
1	252
6	379
2	477
1	663
2	381
0	456
2	793
26	1050
27	734
8	60
3	0
1	0
3	0
1	0
1	0
0	8
4	8
140	171
465	171
121	2
2	212
0	229
4	202
19	10
6	6
12	9
0	249
221	557
0	264
1	80
0	278
0	114
0	285
0	263
9	536
0	300
16	0
2	0
0	0
11	44
5	44
517	0
993	2
0	2
0	0
81	1
13	387
7	378
27	364
14	0
0	32
17	30
0	874
0	1004
0	1215
0	1345
1	34
5	0
3	0
3	7
8	7
17	21
2	18
16	6
2	270
8	16
0	15
66	223
1	266
3	254
3	415
22	184
115	17
5	398
21	150
0	230
21	6
66	152
11	3
42	254
11	141
15	15
6	420
0	281
202	124
13	0
216	445
182	445
87	0
23	17
0	596
0	604
7	295
0	580
2	458
0	588
1	511
1	507
0	39
19	12
3	39
1	5
1	10
130	0
70	0
20	0
13	0
127	336
1	336
0	9
3	0
2	0
1	10
11	10
2	0
1	0
1	0
19	25
2	25
53	0
0	0
2	0
3	0
0	0
1	0
6	0
8	0
2	0
117	9
5	0
296	6
11	0
8	0
5	0
4	0
456	0
1	675
0	675
0	320
0	317
0	342
0	339
0	351
0	354
1	0
2	0
1	0
6	0
3	0
4	0
2	6
0	6
29	0
223	0
0	96
86	96
215	0
208	0
324	0
0	277
3	177
5	266
2	259
330	49
90	49
21	1111
164	1111
0	46
2	72
30	72
17	47
0	1530
0	1531
0	1422
0	1360
0	1469
0	1421
0	180
9	17
2	0
0	3
6	3
11	0
6	777
0	355
0	1885
12	983
9	1773
2	24
2	24
4	9
11	9
9	0
1628	1680
6	1680
3	223
0	695
0	249
1	672
291	0
0	326
0	323
0	116
0	321
0	115
0	112
1	108
3	93
0	52
0	111
0	318
0	111
0	57
963	368
51	368
261	1827
411	1827
305	732
25	315
0	417
7	0
4	0
1	0
19	0
13	0
5	0
1	0
0	0
5	3
0	3
3	3
55	9
0	3
4	6
0	9
0	11
0	15
0	10
0	16
3	1
3	2
3	20
4	0
34	1
64	841
4	10
44	841
8	795
2	2
2	8
3	12
9	0
8	4
0	1
3	1
0	16
1	16
7	1
0	1
4	2
4	10
89	0
97	1
45	25
1	8
52	27
7	2
32	1
16	6
3	0
5	32
15	66
12	66
1	0
36	0
15	0
0	0
6	0
12	0
0	130
10	178
0	383
1	20
0	279
1	226
0	162
0	351
0	104
0	136
0	311
0	266
4	791
37	781
8	246
3	527
168	0
0	592
0	481
0	510
0	621
8	1
3	0
14	0
5	0
66	0
2	0
4	0
3	0
2	0
1	0
455	1
3	2
0	2
21	0
0	214
12	214
22	169
61	0
0	6
233	6
45	402
0	319
0	236
3	79
2	660
0	324
0	318
0	325
0	679
3	568
0	235
0	680
7	2
13	298
9	269
0	0
21	296
0	11
0	11
1	0
0	0
27	98
0	98
15	0
3	203
19	505
119	505
6	504
1	0
90	0
0	260
0	297
0	300
0	263
4	27
0	17
7	17
2	1
1	1
11	0
6	0
13	0
14	0
2	0
3	1
2	1
6	1
3	2
13	1
2	1
11	11
9	11
5	5
1	7
1	2
2	2
22	2
6	2
0	0
0	4
2	3
0	9
14	29
4	0
11	12
0	18
0	20
0	6
0	29
2	30
6	1
0	26
4	1
20	0
2	0
4	0
10	0
0	0
5	6
0	6
3	36
0	38
1	3
7	6
7	10
2	13
0	7
0	9
0	27
2	26
0	29
0	16
0	41
0	39
6	1
2	1
1	2
22	13
1	6
1	5
5	6
5	2
19	0
1	0
8	0
1	0
6	0
124	0
63	0
86	0
11	110
9	188
7	219
7	105
0	1915
1	1915
2	1924
2	1910
0	1979
16	0
14	0
2	0
4	0
0	39
0	39
4	9
1	2
0	2
0	2
10	8
0	1628
0	130
0	1108
0	178
0	650
0	698
0	3
1	0
27	0
166	0
153	0
0	0
19	0
1	0
73	0
4518	0
0	0
0	0
0	0
0	2
3	2
2	18
7	17
0	0
2	0
4	32
22	32
15	9
8	9
22	7
0	5
39	7
0	23
0	45
1	12
0	47
0	47
1	6
0	23
0	41
0	41
0	45
1	18
0	18
58	0
0	127
1019	127
70	1145
18	563
1	582
3	0
8	0
1	0
10	0
3	0
1	0
1	0
0	0
7	0
1	0
89	0
116	46
0	46
563	0
35	532
33	852
6	354
3	521
0	157
97	157
6	5037
1	23160
42852	23178
4	0
6	0
4	0
2	0
10	0
137	0
43	317
27	317
5	0
7	2
44	483
51	222
19	483
3	3
2	3
4	0
9	0
5	119
15	84
8	119
2	0
3	0
53	0
1	16
6	2
2	14
1	14
1	0
2081	4
0	4
2	0
4	0
5	0
22	0
1	3
6	73
15	73
25	3
36	749
11	761
0	108
56	761
3	400
0	205
1	121
14	0
3	4
20	101
1	97
0	107
0	130
0	217
0	240
2	50
21	189
0	56
1	19
0	32
9	189
59	0
7	0
8	0
8	0
0	8
2	118
5	118
0	27
1	27
5	207
62	201
0	152
0	235
3	280
519	280
0	1
1	0
0	2
39	2
114	0
55	0
2	0
4	0
616	0
171	0
154	1326
7	1
3	1086
19	1323
175	0
5	1
0	37
6	37
10	0
9	0
120	0
412	206
3	206
1	12
0	12
49	6
1	6
152	0
144	0
0	502
0	888
0	334
0	905
5	981
0	1072
0	430
6	1005
0	315
0	614
1	0
2	0
9	0
588	1
9	197
1	197
8	1
2	25
1	25
0	25
16	0
78	3
15	0
2	0
2	8
4	2
85	0
31	0
30	3
13	0
0	0
7	115
23	115
29	11
522	12
0	26
0	361
0	32
0	8
0	369
10	3
0	373
0	62
1	13
0	356
1	45
0	15
0	360
0	67
0	348
0	378
0	352
40	6
0	374
0	357
0	73
0	73
12	0
5	0
17	0
2	0
3	0
14	0
2	0
4	3
3	0
6	1
0	910
0	923
0	887
0	874
1	0
2	0
241	0
2	175
70	175
126	0
666	1
647	0
4	0
17	0
1	0
7	0
5	0
2	0
2	0
5	0
2	0
1	0
2	0
16	0
1	0
0	0
2	0
2	0
2	0
8	0
0	0
1	0
0	2
0	2
1	0
6	0
4	0
4	0
3	0
3	0
26	0
15	0
2	0
2	0
3	0
0	0
0	0
6	0
12	1
7	0
2	0
2	0
0	0
3	0
0	0
3	0
14	0
8	0
4	0
3	0
3	2
0	2
5	0
3	0
1	0
4	0
4	0
2	0
5	0
5	0
1	0
4	0
5	0
3	0
4	0
3	0
8	0
4	0
2	0
2	0
2	0
1	0
2	0
5	0
0	0
0	0
3	0
1	0
3	0
0	0
3	0
0	0
2	0
7	0
3	0
3	0
2	0
0	0
31	1
13	0
5	0
2	0
3	0
0	0
1	0
3	0
2	0
3	0
5	0
1	0
6	0
6	0
7	0
4	0
6	0
1	0
0	0
3	0
1	0
1	0
3	0
1	0
1	0
1	0
4	0
3	0
4	0
0	0
3	0
1	0
2	0
3	0
6	0
4	0
6	0
2	0
4	1
6	0
14	0
3	0
0	0
3	0
13	0
3	0
5	0
4	0
2	0
3	0
4	0
3	0
4	0
2	0
2	0
3	0
2	0
0	0
3	0
1	0
6	0
1	0
9	0
10	0
2	0
4	0
4	0
2	0
3	0
12	0
3	0
0	0
0	18
10	18
3	0
0	0
0	0
0	0
3	0
3	0
1	0
0	0
2	0
60	0
3	0
8	0
0	0
7	0
2	2
2	2
3	0
2	0
0	0
3	0
0	44
14	44
5	0
5	5
2	0
3	0
3	0
5	0
3	0
1	0
4	0
1	0
0	0
0	0
3	0
3	0
5	0
8	0
5	0
3	0
2	0
2	0
5	0
3	0
17	0
2	0
1	0
1	0
6	0
5	0
3	0
2	0
1	0
3	0
2	0
3	0
13	0
4	0
1	0
4	0
3	0
4	0
5	0
6	0
7	0
3	0
0	0
3	0
4	0
23	0
3	0
2	0
7	0
4	0
3	0
6	0
3	0
2	0
3	0
2	0
4	0
6	0
7	0
1	3
0	3
8	0
3	0
11	0
3	0
1	0
1	0
4	0
4	0
4	0
7	0
2	0
2	0
1	0
4	0
2	0
17	0
2	0
2	0
1	0
7	0
2	0
4	0
4	0
0	0
2	0
2	0
2	0
5	0
0	0
3	5
2	0
2	0
1	0
1	0
6	0
0	1
1	1
6	0
0	0
14	0
19	1
2	1
4	1
60	0
8	1
19	1
164	0
2	10
21	10
8	0
8	0
1	0
195	66
2	66
0	371
348	371
49	0
19	0
1	0
46	0
14	0
1	0
0	5
4	5
0	0
4	0
6	0
0	0
56	0
12	0
1	0
1	25
3	25
5	0
0	6119
0	6119
9	0
3	0
11	4
22	3
6	2
1	2
2	0
2	0
4	0
1	0
67	0
2	0
11	0
2	0
30	0
114	463
1	463
0	399
1	7
4	7
21	0
3	0
1	0
3	0
39	93
3	93
2	0
2	0
1	0
0	26
0	26
25	0
156	0
94	0
0	0
5	18
2	18
0	0
6	0
147	0
9	0
16	0
12	0
4	0
0	0
2	0
62	0
74	0
3	1
2	1
0	1
6	0
2	0
8	83
0	83
6	0
7	0
1	0
163	27
0	27
13	0
57	0
78	0
2	20
0	21
21	1
66	0
8	0
1	1
4	4
7	1
0	0
43	0
26	0
9	0
23	3
4	3
4	0
5	0
8	0
0	33
13	33
7	0
2	4
135	0
50	0
5	0
46	0
20	0
101	0
12	0
47	11
4	11
9	0
3	0
6	38
23	38
5	0
0	19
11	19
1	11
4	11
0	9
172	9
108	0
1	0
1	0
1	0
3	0
2	0
14	0
13	0
6	0
3	0
5	0
2	0
307	0
28	0
18	0
23	3
0	0
120	0
79	32
3	32
214	228
2	228
0	2
428	2
5	10
6	7
3	1
63	0
18	0
39	0
2	0
36	200
2	200
7	0
2	61
5	61
1	0
3	0
4	0
6	0
12	0
6	0
14	2
0	2
5	0
1	0
7	0
1	0
27	0
11	0
35	0
38	0
37	1
97	0
30	0
7	0
9	0
4	0
5	0
2	0
2	0
4	0
2	0
2	0
17	0
5	0
4	0
21	0
15	0
2	0
26	0
9	0
59	0
0	1
14	1
159	0
21	0
5	0
1	0
21	0
0	0
0	0
0	2
60	2
5	0
196	0
3	0
4	0
4	0
3	0
6	0
62	20
9	20
4	0
26	0
0	2
2	2
1	0
2	0
13	0
1	0
2	0
15	0
2	0
7	44
2	41
3	61
18	58
0	0
1	0
2	0
1	6
5	6
4	0
5	0
83	0
202	0
1	0
1	0
0	8
29	8
2	0
4	4
0	4
0	0
0	0
2	0
3	0
3	0
5	0
13	0
8	0
12	3
0	3
29	0
26	0
5	0
5	0
12	0
142	0
7	0
1	0
12	0
9	1
4	0
7	50
5	52
0	40
28	0
0	1
1	1
2	0
0	2
0	2
2	1
0	1
5	0
7	0
3	0
14	0
1	0
3	0
54	16
0	16
7	0
21	0
3	0
9	0
0	0
9	0
136	0
2	0
1	0
16	0
5	0
144	0
44	0
3	0
0	0
3	0
0	0
3	0
2	0
1	0
4	0
0	3
2	3
3	0
6	0
5	0
5	0
147	0
8	660
462	660
3	0
6	0
15	0
5	0
6	2
0	2
6	0
3	0
19	24
1	24
0	2
3	2
6	0
2	0
78	0
4	0
1	0
16	0
120	0
25	0
2	0
2	0
2	0
7	0
2	0
5	0
13	0
8	0
14	0
8	0
3	0
0	0
1	0
5	0
0	0
2	0
1	0
2	0
1	0
4	0
1	0
1	0
2	0
5	0
4	0
2	1
6	0
2	0
11	0
5	0
2	0
4	0
2	0
1	0
5	0
4	0
2	0
3	0
5	0
3	0
2	0
3	0
8	0
2	0
3	0
1	0
2	0
1	0
2	0
6	0
5	0
1	0
3	0
2	2
2	0
3	0
2	0
2	0
4	0
4	0
0	0
4	0
4	0
5	0
1	0
2	0
3	0
12	0
2	0
2	0
1	0
3	0
3	0
5	0
1	0
0	0
4	0
1	0
3	0
4	0
3	0
5	0
1	0
7	0
6	0
1	0
6	0
1	0
25	0
1	0
4	0
2	0
8	0
4	0
1	0
2	0
0	0
3	0
5	0
1	0
3	0
5	1
4	0
4	8
0	8
16	0
2	1
0	1
2	0
32	0
6	0
3	0
10	0
5	0
2	0
0	39
2	39
42	0
3	0
2	0
2	0
30	5
1	0
2	0
5	0
2	0
2	0
3	0
1	0
2	0
3	0
2	0
7	0
8	0
5	0
3	0
3	0
3	0
5	0
2	0
7	0
8	0
0	0
2	0
1	0
1	0
4	0
7	0
6	0
6	0
1	0
2	0
2	0
2	0
2	0
7	0
47	0
3	0
12	0
2	0
6	0
3	0
4	0
3	0
4	0
1	0
32	0
9	0
5	0
0	0
6	3
0	3
2	0
1	0
2	0
2	0
3	0
3	0
7	0
3	0
2	0
2	0
9	0
1	0
8	0
1	0
2	0
4	0
0	0
4	0
2	0
2	0
1	0
10	0
6	0
3	0
0	0
1	0
5	0
1	0
19	0
7	0
3	0
0	0
49	0
46	0
721	0
154	0
2	0
218	1
0	1
1	20
524	20
94	0
7	0
0	19
69	19
236	810
61	678
2	60
3	112
0	798
14	60
2	0
3	0
2	0
2	0
1	2
11	9
1	10
1	3
0	164
0	170
0	27
0	177
0	33
0	197
0	210
0	203
0	40
0	0
2	0
35	1249
48	1249
0	159
13	176
2	17
0	2
310	2
245	9
0	9
25	47
1	143
0	3
12	213
6	70
3	0
0	0
8	28
5	12
4	14
0	11
4	4
8	26
3	18
0	25
2	0
24	245
8	245
1	51
0	65
921	0
1	0
40	45
35	189
3	180
0	237
13	29
9	0
2	7
719	7
6	28
0	519
0	549
0	545
38	472
0	515
23	0
0	0
26	0
101	328
5	93
0	166
2	235
1	217
170	298
1	296
0	2
5	118
0	122
0	111
10	0
51	0
9	0
3	0
1	100
0	92
4	126
3	19
0	24
3	19
0	4
1	102
0	121
0	20
0	0
106	0
2	47
28	47
6	0
6	126
581	126
2	6
25	141
15	151
56	151
2	0
1	0
479	0
44	0
19	0
49	0
9	0
0	170
0	213
0	215
0	172
0	101
0	66
1	0
0	273
0	221
0	258
0	236
14	0
2	0
4	0
6	0
44	0
288	0
5	0
9	106
30	244
0	255
90	0
4	0
1	0
7	0
146	208
0	188
0	20
18	0
0	31
0	279
0	258
0	10
0	254
10	44
6	6
0	31
1	34
2	255
0	279
0	282
0	10
2	11
0	254
0	34
0	31
0	10
0	260
0	254
0	10
0	254
0	280
0	254
0	33
0	38
0	11
27	906
50	907
0	254
0	10
0	254
0	255
0	10
0	34
26	6
0	278
0	284
23	5
24	6
1	3
40	1
2	0
0	473
0	503
0	512
0	487
0	478
0	495
0	486
0	490
0	481
2	0
1	0
732	0
3	0
2	0
382	0
2	137
6	538
0	358
33	582
0	62
9	62
112	0
0	10
10	10
0	1
17	0
0	0
5	205
13	42
1	156
0	60
3	11
69	0
2	0
1	0
98	340
0	340
482	2
2	2
30	9
0	435
0	395
0	471
0	481
0	431
0	441
0	81
2	1
6	1
403	0
144	0
105	0
3	1
4	3
2	3
2	1
1	0
0	27
241	27
0	0
9	0
4	0
4	2
20	2
0	42
0	1358
0	1358
8	1061
0	1230
0	1358
0	1230
0	1230
11	0
8	0
4	0
2	8
0	501
12	30
1	183
3	434
0	1
3	8
3	0
464	51
1	51
0	345
0	281
0	416
0	352
0	152
0	218
0	289
0	121
0	184
0	248
0	88
0	25
0	75
16	75
1	55
96	55
8	9
0	18
0	27
0	0
41	201
0	62
49	263
54	47
15	248
0	0
2	0
190	85
0	28
16	0
204	0
0	57
3	103
2	112
40	112
58	0
5	15
2	15
5	3
0	0
3	3
0	140
1	130
12	138
1	127
1	0
100	0
24	19
148	12
17	7
87	0
778	0
7	1
3	0
2	0
69	1005
4	1005
6	0
1	0
9	1
36	0
0	6
0	4
0	5
28	0
2	3
8	0
3	2
1	9
3	9
5	1
0	6
0	3
0	8
0	10
0	4
0	7
0	0
3	476
260	476
0	16
310	0
0	147
0	139
0	105
0	57
0	97
56	0
0	0
0	0
75	0
0	0
141	0
3	0
369	0
0	29
122	29
1	345
395	345
0	15
0	15
2	4
0	190
0	199
0	156
0	149
0	206
6	24
0	147
0	140
0	197
93	0
1049	0
30	25
0	25
1	0
2	0
1	0
3	228
12	8
11	115
11	6
0	6
1	148
2	90
4	140
47	320
7	320
62	0
2	0
27	487
9	487
0	0
0	3
25	83
9	69
2	69
2	80
0	94
0	0
227	94
1	0
6	25
8	25
75	0
9	6
111	232
5	226
11	45
0	27
2	47
14	29
197	0
37	185
8	185
4	311
0	311
26	0
13	266
9	266
0	123
0	413
1	413
5	41
67	41
108	0
2	0
0	0
30	634
483	634
19	400
0	164
667	164
20	0
3	0
16	55
17	55
13	13
2	0
15	0
4	18
4	18
17	0
1	4
16	0
0	0
41	4
319	0
0	2
4	14
246	587
23	505
25	105
43	131
69	162
85	293
2	0
697	0
0	2
0	2
1	7
6	7
2	66
0	260
0	227
0	311
0	195
0	292
0	247
0	242
0	69
18	69
18	188
1	188
23	114
0	114
17	569
122	569
18	369
1	369
1	0
13	0
1	0
1	0
0	0
2	53
6	53
10	0
8	211
274	0
5	405
5	405
0	2
1	2
5	0
0	6
4	5
0	6
0	5
0	3
0	5
0	1
0	6
4	15
6	16
0	502
0	480
0	489
0	467
72	0
2	222
1	28
0	22
0	92
2	255
3	234
1	7
4	93
0	88
6	3
0	241
9	0
8	0
0	1
2	1
8	1
1	63
11	64
0	3
0	3
610	0
0	518
0	518
8	0
63	3
0	3
48	0
1	27
0	27
48	0
19	595
164	595
3	315
1	1
8	98
7	98
67	0
0	0
0	10
7	10
0	31
130	31
9	0
1	58
0	0
3	9
14	9
9	162
33	172
31	13
4	0
0	0
8	11
0	11
177	2
431	270
0	1
16	269
11	0
10	0
0	6
0	4
2	49
4	202
11	202
109	0
3	0
1	0
1	0
181	20
1	20
0	0
23	218
15	218
2	81
0	38
0	91
1	37
0	164
109	164
12	1
83	1
0	2
18	1
1	34
33	34
0	2
0	0
0	474
4	157
2	474
2	94
5	189
6	194
0	92
1	224
2	0
2	2
22	211
22	210
1	84
1	0
2	0
0	0
1	0
2	0
5	0
2	0
1	0
3	5
0	5
2	0
1	0
5	0
3	0
2	0
3	0
0	0
1	0
4	0
2	0
3	0
4	0
2	0
4	0
2	0
3	10
0	0
0	2
0	0
0	0
4	0
1	0
1	0
0	0
2	0
10	0
5	0
3	0
2	0
2	0
1	1
2	0
5	0
1	0
12	0
7	0
3	0
1	0
5	0
4	0
2	0
2	0
30	0
3	0
0	0
2	0
7	0
5	0
4	0
1	0
0	0
18	0
3	0
3	0
4	0
7	0
0	154
0	88
5	139
7	338
5	315
11	338
39	0
11	0
3	0
10	1507
401	1507
87	0
46	0
24	0
106	58
37	98
5	98
2	15
0	4
312	15
1	0
279	0
378	487
7	487
25	409
1667	366
0	366
7	0
2	0
3	0
27	0
4	19
3	19
4	0
5	0
619	0
16	175
1	52
3	189
0	66
5	0
14	0
3	0
0	7
8	20
85	20
0	234
4	217
5	79
9	72
8	223
0	170
2	0
6	0
0	0
3	0
31	465
0	481
0	175
0	446
13	232
0	204
13	0
0	0
1	1
101	325
17	324
325	0
0	160
3	199
117	359
10	0
0	7
0	1
0	8
1	6
0	6
0	2
9	0
608	0
68	0
6	0
0	278
159	278
382	43
0	43
2	207
111	207
2	207
4	0
2	87
0	87
26	0
3	0
19	166
0	166
1	79
682	79
2	0
0	0
0	0
3	0
2	358
40	358
10	1059
118	1192
0	1420
67	0
146	0
13	0
8	0
49	0
64	1
0	1
508	0
86	82
12	171
6	167
2	118
75	0
24	0
27	0
0	0
5	0
0	116
28	116
8	0
84	0
175	12
213	12
2	12
284	1
1	1
0	658
0	681
0	619
0	633
0	682
0	634
0	594
0	620
0	619
0	594
0	707
0	659
0	595
0	706
0	658
0	706
0	570
0	647
9	30
0	636
0	619
0	608
0	598
2	46
3	0
2	0
2	0
10	839
25	837
40	224
21	889
14	0
20	0
625	199
0	199
5	301
0	629
28	564
2	0
66	0
4	42
0	42
0	14
6	14
19	80
11	93
3	13
0	13
49	0
14	213
2	213
0	0
11	0
98	735
147	735
4	0
2	0
14	19
0	19
133	1
0	1
514	0
0	257
76	116
0	706
0	703
0	739
12	450
0	342
0	735
1	559
0	703
0	595
243	673
0	707
12	0
14	3
3	32
2	343
13	343
2	0
41	0
3	422
0	464
14	453
330	38
0	37
98	0
63	0
0	618
0	694
0	655
0	579
0	566
0	605
2	591
0	681
0	642
0	89
0	660
0	51
27	0
7	0
29	0
16	0
10	0
3	0
14	0
0	162
0	223
0	201
14	118
0	234
0	212
0	169
2	0
1	0
4	0
2	0
3	0
97	25
100	25
726	0
0	571
0	1724
0	1373
0	744
0	393
0	922
0	78
12	0
1	0
2	0
5	0
18	253
19	750
0	1118
3	139
4	1099
0	421
0	1118
16	0
20	0
354	0
24	0
2	0
0	2
0	361
3	286
0	272
0	339
0	270
1	7
0	250
0	248
0	0
0	0
9	0
0	29
4	401
1	196
8	42
54	361
75	585
4	21
99	585
1	168
0	0
2	0
4	0
4	0
1	95
9	95
6	27
0	27
10	306
11	502
1	714
559	563
4	563
0	1
311	1
44	0
0	7
4	7
242	6
0	6
16	244
20	244
4	0
2	66
148	0
0	22
0	18
0	336
0	332
0	207
49	327
1	327
1	0
1	0
0	4
5	4
69	1128
83	1128
0	367
0	492
0	623
0	51
0	498
4	0
971	0
2	2
286	2
0	4
4	4
0	663
0	685
0	685
0	663
0	675
0	653
0	675
1	97
11	0
18	254
168	392
1	138
2	0
17	334
27	328
6	335
4	66
3	66
4	210
62	210
1	0
505	0
69	64
1	64
23	134
442	134
8	0
3	0
4	0
2	0
2	11
0	11
140	0
16	0
7	0
13	0
2	1
4	1
4	0
25	3
0	3
9	280
2	114
8	166
17	0
3	7
13	7
113	0
28	395
0	241
8	395
0	198
0	253
0	6
54	31
0	285
0	124
2	124
0	166
3	0
1	0
3	0
13	152
121	150
8	0
3	11
50	259
25	259
0	4
7	6
88	672
46	672
1	0
112	0
8	3
71	610
19	345
33	265
1	0
3	186
2	0
0	7
0	7
0	653
0	9
1	317
0	587
0	694
0	562
0	669
5	137
0	678
0	9
0	0
3	0
4	0
2	0
12	0
5	0
0	430
0	266
0	208
0	191
0	249
0	488
29	236
807	236
5	0
1	0
3	0
2105	612
0	611
0	45
0	857
0	913
0	797
0	741
0	572
0	626
38	0
0	0
2	12
0	36
15	48
0	145
8	21
0	150
0	145
0	150
11	132
26	0
8	0
3	0
5	0
6	0
2	0
96	0
0	296
0	282
0	277
0	291
286	115
2	113
0	2
168	0
4	0
0	221
0	114
0	129
0	17
0	193
0	157
0	142
0	2
8	0
1	482
896	482
3	417
0	342
1	338
1	409
2	374
0	11
0	3
0	3
14	0
201	2
0	2
0	107
0	408
0	442
0	87
0	467
0	447
0	388
0	462
0	0
14	149
4	149
78	0
152	0
2	35
11	542
2	62
1	535
14	106
770	106
19	0
4	65
4	0
173	65
4	0
2	0
0	855
0	226
0	817
0	188
0	15
29	36
2	36
27	9
2	9
9	118
136	118
2	0
1	0
5	0
2	0
7	5
4	12
0	14
5	4
1	388
31	54
5	388
17	415
1	3
5	0
7	7
0	565
0	82
0	735
1	318
0	533
0	764
5	338
0	281
0	536
0	50
0	50
97	0
0	50
0	50
0	0
25	0
10	121
26	144
2	18
41	167
1	9
66	275
9	275
68	0
0	1
4	1
6	0
221	0
421	0
0	15
5	112
0	334
227	0
0	216
0	133
0	0
530	0
13	665
24	529
0	715
2	720
15	0
17	0
0	0
34	0
12	0
133	0
754	0
6	0
1	0
0	83
0	101
0	62
0	100
0	63
0	82
0	1
0	0
127	0
175	0
85	2
84	317
1	317
2	2
11	25
1	25
178	1
7	1
2	474
33	465
0	359
0	0
4	0
2	0
2	0
5	0
21	285
60	285
0	11
11	16
3	8
1	12
5	1
1	6
1	11
3	11
0	0
0	23
4	64
10	121
1	31
0	81
3	85
2	0
1	0
0	102
0	106
0	78
0	74
1	1
115	0
0	138
29	155
0	262
0	227
0	241
0	276
1	0
31	0
1	0
4	0
32	10
46	2
20	10
0	161
0	120
0	130
0	171
95	1
0	141
0	151
7	0
46	0
0	0
0	3
0	2
13	1
5	36
0	36
18	0
5	0
15	64
6	47
14	17
0	18
4	3
11	2
1	3
0	0
0	0
3	2
0	17
5	0
3	0
305	35
0	35
6	40
5	40
24	0
2	3
0	3
600	118
13	108
2	106
117	5
43	207
42	207
2	14
414	414
0	356
58	58
0	8
173	8
538	0
1227	30
116	30
0	221
0	198
20	90
0	310
8	333
15	0
3	0
5	0
0	403
0	472
2	439
3	0
0	47
2	106
39	153
118	0
50	0
48	208
60	384
4	191
8	191
0	15
71	15
5	2
1	0
36	0
0	114
0	100
0	76
0	2
264	101
3	101
0	82
58	500
0	343
0	314
0	629
1	861
5	0
3	0
13	0
3	0
3	0
21	0
16	0
5	0
3	0
4	0
2	0
6	0
2	10
0	10
2	2
1	2
5	0
4	0
2	0
5	1
1	0
3	0
22	0
107	0
1	0
1	0
2	0
1	2
0	2
1	0
8	0
6	0
5	0
7	0
3	0
0	0
10	0
16	0
4	0
8	0
7	0
3	0
12	0
1	2
3	2
5	0
1	0
30	0
8	0
1	0
0	0
4	0
2	0
3	0
122	0
4	0
4	0
40	0
4	0
1	0
7	0
3	0
5	0
1	0
8	5
2	0
64	0
2	0
4	0
16	0
2	0
1	2
1	2
4	0
0	0
5	0
5	0
4	7
5	0
2	0
8	0
2	0
6	0
7	0
0	0
8	0
4	0
2	0
8	0
5	0
5	0
4	0
15	0
1	0
2	0
4	0
1	0
5	0
9	0
0	0
3	0
4	0
1	0
1	0
1	0
0	0
16	0
1	0
1	0
5	0
6	0
1	0
2	0
3	21
0	21
3	0
17	0
3	0
8	0
2	0
2	0
1	0
2	0
2	0
3	0
3	0
1	0
3	0
3	0
2	0
22	0
5	0
0	0
0	4
1	4
2	0
3	0
9	1
2	0
0	0
3	0
4	0
2	0
9	0
22	0
9	0
5	0
1	7
1	7
4	0
4	0
12	0
2	0
4	0
2	0
4	0
3	0
16	0
5	0
3	0
2	0
1	0
1	0
2	0
35	0
1	0
3	0
28	17
4	17
3	0
0	0
1	0
4	0
4	0
10	0
9	0
2	0
0	0
4	0
8	0
1	0
1	0
4	0
3	0
5	0
2	0
0	13
0	12
6	0
5	0
3	3
0	3
1	0
2	0
5	0
7	0
22	0
5	0
2	0
3	0
3	0
9	0
78	0
16	1
7	0
4	0
3	0
1	0
5	0
1	0
4	0
3	0
4	0
2	0
4	0
0	0
3	0
1	0
40	0
12	0
6	0
6	0
2	0
1	0
3	0
1	0
2	0
3	0
9	0
2	0
5	0
1	0
4	0
4	0
6	0
1	0
2	0
27	1
1	0
3	0
3	0
5	0
1	0
8	0
2	0
4	0
8	0
4	0
5	0
5	0
4	0
1	0
6	0
2	0
3	0
2	0
5	0
2	0
2	0
0	0
1	0
1	0
2	0
4	0
7	0
1	0
4	0
2	1
2	0
3	1
3	0
4	0
4	0
1	0
2	0
4	0
23	1
0	0
2	0
1	1
3	0
5	0
3	0
5	0
2	0
2	0
5	7
3	0
3	0
5	0
5	0
6	0
17	1
0	0
3	0
3	0
3	0
2	0
1	0
3	0
3	0
10	0
5	0
0	0
2	0
3	0
2	0
3	0
1	0
1	0
2	9
2	9
2	0
2	0
4	0
2	0
5	0
3	0
3	0
1	0
2	0
1	1
7	0
2	0
2	0
3	0
4	0
2	0
6	0
3	0
2	0
2	0
3	0
3	0
1	0
2	0
1	0
5	0
3	0
0	0
1	0
2	0
2	0
1	0
2	0
2	0
2	0
2	0
1	0
3	0
0	0
3	0
3	0
1	0
2	0
3	0
2	0
1	0
6	0
4	0
2	0
2	0
5	0
2	0
0	1
1	1
2	0
2	0
7	0
2	0
4	0
1	0
3	0
1	0
2	0
2	0
1	0
4	0
14	0
1	0
4	0
5	0
3	0
1	0
3	0
5	0
1	4
0	4
0	4
0	4
4	0
1	0
1	1
2	0
2	0
0	0
1	0
2	0
1	0
3	0
1	0
4	9
3	0
3	0
1	0
7	0
2	0
2	0
2	0
7	0
2	0
7	0
2	0
0	0
3	0
0	0
1	0
5	0
6	0
7	0
28	29
3	29
0	0
9	0
6	0
3	0
5	0
2	0
0	0
4	0
6	0
6	0
12	0
2	0
6	0
2	0
2	0
10	0
0	9
0	7
12	0
3	0
3	2
2	0
7	1
2	0
6	0
4	0
7	0
13	0
3	0
14	0
4	0
0	0
1	0
1	0
0	0
6	38
13	38
1	0
0	0
3	0
0	0
4	0
36	0
3	0
35	0
1	0
7	0
2	0
34	0
4	0
9	0
2	0
7	0
2	0
0	1
6	0
0	0
7	0
2	0
18	0
11	0
78	0
2	0
4	0
146	0
1	0
1	0
4	0
2	0
8	0
3	0
20	0
0	0
2	0
5951	0
12	1
13	0
13	0
6	0
4	0
6	0
2	0
1	0
5	0
96	0
3	0
32	0
4	0
0	0
6	0
4	0
2	0
0	0
5	0
3	0
19	0
2	0
11	1
15	0
11	5
2	0
3	0
13	0
1	0
16	0
4	0
2	0
5	0
11	0
5	0
20	6
5	0
1	0
52	0
3	0
2	0
5	0
2	0
2	0
4	0
4	0
3	0
3	0
10	0
4	0
1	0
3	0
5	0
4	0
2	0
4	0
8	1
6	0
1	0
4	0
3	0
2	0
2	6
2	6
4	0
2	0
3	0
2	0
4	0
6	0
4	0
3	0
1	0
4	0
15	7
0	7
1	0
0	0
1	0
9	3
3	3
2	0
4	0
1	3
3	0
2	0
7	0
9	1
15	0
3	0
0	0
3	0
106	0
0	0
2	0
4	0
6	0
8	0
6	0
0	0
5	0
1	0
2	0
4	0
6	0
3	0
0	0
3	0
3	0
1	0
0	0
2	0
3	0
0	0
6	6
2	0
2	0
0	0
4	0
2	0
2	0
3	0
6	2
5	0
1	0
1	0
3	0
6	0
0	0
0	0
2	0
3	0
1	0
3	0
5	0
4	0
3	0
3	0
0	0
2	0
3	0
1	0
2	1
2	0
2	0
2	0
4	0
1	0
5	0
0	0
5	0
1	0
4	0
1	0
1	0
3	0
3	0
4	0
1	0
0	0
2	5
0	5
2	0
2	0
3	0
0	0
4	0
3	0
4	0
2	0
3	0
4	0
0	0
0	0
3	0
2	0
3	0
1	0
5	0
4	0
1	0
6	0
0	0
5	4
1	0
2	0
5	0
0	0
0	0
3	0
6	0
2	0
2	0
4	0
4	0
1	0
0	0
1	0
3	0
2	0
5	0
5	0
4	0
1	0
0	1
0	1
0	0
10	0
5	0
7	0
0	0
4	0
2	0
1	0
6	0
2	0
3	0
4	0
2	0
3	0
5	0
0	0
5	0
4	0
2	0
15	0
0	0
5	0
7	0
56	7
5	0
1	0
1	0
8	0
1	0
2	0
4	0
2	0
5	0
1	0
1	0
5	0
2	0
5	0
3	0
8	0
6	0
0	0
4	0
10	1
2	0
4	0
0	5
4	5
2	0
5	0
5	0
8	0
3	0
4	0
1	0
3	1
3	0
2	0
4	0
1	0
1	0
2	0
2	0
1	0
5	0
2	0
1	0
16	53
0	53
15	0
2	0
9	0
3	0
5	0
7	0
3	0
2	0
1	0
19	1
20	1
0	1
4	0
0	2
1	1
0	2
0	0
2	0
4	0
2	0
1	0
3	0
4	0
4	0
1	0
17	0
2	0
4	0
1	19
2	19
1	0
3	0
4	0
4	0
1	0
0	0
1	0
1	0
1	0
1	0
6	0
3	0
9	0
3	0
19	4
2	4
3	4
15	0
7	0
3	0
4	0
5	0
4	0
3	0
2	0
1	0
2	0
1	0
2	0
7	0
4	0
1	0
2	0
6	0
3	0
2	0
1	0
2	0
5	0
4	0
7	0
1	0
2	0
3	0
4	0
3	0
7	0
3	0
2	0
0	0
0	0
4	0
1	0
4	0
4	0
1	0
13	0
2	0
2	0
7	0
3	0
0	0
29	0
2	0
1	0
4	0
5	0
3	0
0	0
4	0
8	0
3	0
3	0
6	0
1	0
2	0
3	0
7	0
2	0
4	0
1	0
9	0
2	0
3	0
4	0
4	0
4	0
3	0
2	0
2	0
5	0
5	0
4	0
0	0
7	0
3	0
8	0
0	0
2	0
2	0
3	0
4	0
1	0
2	6
2	6
5	0
2	0
4	0
4	0
7	0
0	0
1	0
1	0
5	0
4	0
3	0
2	0
2	0
2	0
3	0
3	0
8	1
0	0
2	0
4	0
6	0
6	0
3	0
3	2
8	0
4	0
3	1
0	0
5	0
2	0
1	0
4	0
1	0
2	0
7	0
5	0
3	0
3	0
5	0
4	0
3	0
5	0
2	0
2	0
1	0
1	0
1	0
0	0
3	0
7	0
6	0
9	0
3	0
4	0
7	0
18	0
0	2
5	2
1	0
3	0
5	0
9	0
6	0
14	0
9	0
3	0
15	0
3	0
1	0
0	9
3	9
28	0
10	0
5	0
8	0
4	0
0	0
2	0
0	0
8	0
5	0
9	0
6	0
15	0
0	0
1	0
5	0
4	0
6	0
150	6
15	9
0	2
2	2
0	0
4	0
1	0
2	0
3	0
1	0
3	0
5	0
3	0
1	0
7	0
1	0
36	0
2	0
4	0
8	0
7	0
15	41
5	41
6	0
1	2
3	2
12	2
5	0
7	0
5	0
4	0
4	0
12	0
0	0
4	0
2	0
1	0
9	0
2	0
7	0
5	0
6	2
7	2
5	0
0	11
9	11
159	0
13	0
0	3
2	3
1	27
5	27
38	0
0	0
7	0
37	0
42	0
11	0
15	0
12	0
6	0
1	0
0	2
153	2
23	0
8	0
3	0
4	0
1	0
3	0
14	0
13	0
7	0
4	0
469	0
2	0
2	73
9	73
1	0
0	0
0	0
2	0
1	0
8	0
65	0
8	0
3	0
2	0
1	0
39	0
3	0
12	0
2	0
2	0
3	61
2	61
7	0
1	0
98	7
6	70
37	70
0	1
0	1
1	0
0	0
1	0
2	0
0	12
1	0
20	12
19	0
2	0
3	0
15	0
6	0
2	0
29	6
2	0
4	0
5	8
0	0
17	138
2	138
121	0
5	1
2	1
5	2
8	0
11	0
2	0
30	0
0	0
6	0
9	0
3	0
10	0
0	0
2	0
64	130
0	130
6	0
4	0
6	2
4	9
3	9
6	0
6	0
0	0
0	0
1	0
1	0
0	0
34	0
3	1
16	5
1	0
1	0
1	0
34	0
0	1
3	1
3	0
7	0
15	0
4	0
0	74
169	74
4	0
4	0
5	0
163	0
9	0
0	0
5	0
3	0
1	0
1	1
0	1
26	0
9	0
0	0
0	13
4	13
12	0
4	0
4	0
3	0
2	0
4	0
1	0
2	0
2	0
4	5
0	5
7	0
10	0
4	0
6	0
6	0
3	0
5	0
0	5
4	5
3	0
0	4
137	4
0	63
95	72
13	72
22	64
3	18
1	18
0	254
42	318
0	27
19	27
6	48
0	48
3	10
4	0
13	0
41	237
4	125
1	112
280	0
100	0
10	680
385	872
0	192
0	112
0	168
0	170
0	108
0	158
0	106
0	110
0	156
0	9
2	3
5	66
17	66
0	0
0	0
44	0
160	0
285	2
195	2
2	2
3	0
45	0
8	110
11	110
1	54
1	137
2	136
6	160
132	160
1	0
0	0
0	16
0	19
6	21
88	250
19	250
2	0
0	0
28	141
0	3
2	117
2	21
0	0
4	0
153	1
20	550
3	550
0	30
11	257
5	257
12	161
400	0
1	398
81	398
4	11
0	11
1150	6
16	6
13	0
2	0
10	55
22	59
6	4
118	0
3	0
0	3
30	2
0	151
0	143
10	63
0	168
0	160
0	41
6	0
0	11
22	495
1	248
14	495
13	34
67	34
0	15
0	1468
0	1542
0	1466
0	1540
1	0
12	0
2	4
0	4
105	0
11	52
0	52
9	99
2	91
9	51
2	8
8	0
1	0
19	0
0	0
41	21
0	21
350	3
2	2
37	0
38	0
42	0
5	0
30	0
4	0
477	5
8	758
8	6
150	776
7	667
0	0
48	18
0	0
1	8
24	10
255	4
373	1
13	0
5	126
269	144
0	144
52	17
7	2
0	1
8	0
0	0
46	0
14	143
209	143
3	1
5	0
3	0
0	139
0	126
1	126
75	0
2	76
2	76
0	153
0	240
0	164
0	229
136	0
28	1
0	1
155	0
0	213
552	213
2	0
7	1
8	0
1	0
5	167
0	27
2	163
0	22
2	118
2	10
47	135
22	85
4	0
0	0
0	0
249	0
362	0
1	0
55	107
485	115
10	0
0	22
0	181
0	178
0	129
0	126
14	0
22	0
38	0
2	0
8	0
14	0
26	60
4	306
1	306
50	97
7	40
0	3
21	0
36	366
7	366
3	0
11	1
0	78
78	78
6	47
1	0
2	0
1	0
15	6
12	5
0	1
2	0
42	0
1	0
525	0
321	0
1	0
0	18
19	18
18	47
5	112
19	112
8	122
386	122
0	1
1	1
114	85
8	21
0	64
4	0
1	0
40	0
9	46
6	46
5	0
7	0
51	244
2	244
2	158
5	128
86	128
7	485
35	485
6	271
1	0
274	0
103	796
2	782
1	778
22	0
179	0
1	0
0	41
5	41
1	0
55	0
23	213
3	213
26	2
0	2
45	31
21	31
62	0
0	0
0	182
10	140
0	315
0	159
0	338
73	0
31	228
7	228
211	0
6	396
2	386
9	433
4	0
3	4
1	4
2	134
0	134
50	4
1	0
116	0
285	108
0	108
71	0
0	0
1	127
100	127
156	59
4	59
33	66
3	66
0	12
9	12
22	22
8	16
637	0
16	0
1	7
49	203
2	203
2	345
1206	345
1	0
2	0
60	0
9	0
7	0
10	243
1	243
0	186
9	51
0	178
115	51
0	181
0	189
0	173
0	360
0	360
0	173
0	169
1	3
2	0
35	140
18	140
91	0
211	0
3	0
0	12
62	12
545	2
17	2
374	0
95	0
9	0
869	0
8	1
0	1
0	0
35	21
11	21
1	0
2	919
181	919
1	0
5	1
3	1
10	1
663	0
30	4
5	66
7	66
1	3
0	3
0	0
3	0
0	4
3	0
4	0
2	0
3	0
1	0
2	0
75	0
0	0
10	0
219	0
6	0
289	0
7	0
13	0
5	0
4	0
0	0
5	0
4	0
0	0
3	0
5	0
1	0
8	0
1	0
7	0
0	81
1	81
5	0
34	13
1	13
2	1
61	0
3	0
4	0
1	0
8	0
3	0
1	0
54	4
0	4
3	0
11	0
132	0
9	0
1	0
3	0
27	0
9	0
0	0
1	0
0	0
4	0
1	0
1	0
6	0
4	0
85	1
7	0
12	0
5	0
3	0
0	0
1	0
3	0
1	0
1	0
3	0
2	0
4	0
5	0
7	0
2	0
6	0
0	0
3	0
4	0
2	0
4	3
0	3
4	0
1	0
1	0
2	0
1	0
4	0
2	0
3	0
3	0
7	70
0	70
1	11
14	11
18	1
0	0
0	0
19	0
48	0
4	0
1	0
1	0
7	0
3	0
3	0
1	0
13	0
67	0
4	0
4	0
0	0
0	0
2	0
1	2
0	2
4	0
1	0
3	0
2	0
0	0
2	0
26	0
53	36
0	36
2	0
2	0
3	0
1	0
2	0
5	0
7	0
6	0
4	0
29	3
12	7
2	5
4	5
63	0
1	2
2	2
0	7
2	7
0	65
2	0
0	1
27	3
2	1
5	3
3	63
4	5
10	0
20	63
4	9
26	7
0	72
14	72
6	12
2	3
3	3
6	25
55	36
6	1
14	31
5	13
0	22
2	3
2	31
5	86
9	90
4	6
37	11
8	82
2	57
6	0
14	0
15	0
10	0
2	0
9	0
8	0
3	0
48	0
2	0
112	0
17	0
1	4
0	4
4	0
28	0
2	0
0	7
2	7
14	36
2	40
85	0
66	3
59	111
55	143
24	254
5	3
100	59
2	58
0	2
8	2
14	0
7	7
90	0
38	0
4	0
58	10
2	10
10	4
2	6
75	1
6	0
7	0
4	0
1	0
5	0
0	0
3	0
0	38
13	40
0	2
0	8
0	1
54	9
86	1
1	0
56	16
4	0
0	4
2	20
9	2
2	14
4	2
5	22
0	26
0	9
0	16
2	12
0	23
1	17
0	30
0	2
0	10
0	12
0	26
21	12
5	13
2	0
0	17
361	17
519	0
102	4
0	4
275	0
406	0
120	0
10	0
11	361
8	361
1086	2
0	3
204	3
0	2
1	60
0	449
0	448
0	432
0	431
106	15
0	5
5	28
0	1
0	28
11	0
9	20
0	1
18	19
0	0
7	0
5	11
20	0
32	0
29	0
1	0
2	17
0	17
5	133
10	110
13	133
6	19
1	377
0	15
0	16
12	294
0	397
1	69
0	0
0	17
29	122
122	120
3	8
13	29
2	5
28	24
21	23
0	0
0	1
2	1
6	2
0	2
0	2
0	3
2	1
6	0
0	0
3	13
0	13
58	519
1	437
0	386
12	234
11	406
23	268
0	444
4	320
2	385
8	544
0	0
19	1
0	1
56	1
3	0
3	0
52	0
322	1
45	387
10	387
249	2160
1	4
0	66
0	393
87	2141
22	393
0	2169
608	2455
0	2394
0	2124
0	2439
0	150
1	957
15	0
0	0
4	2
0	0
1	11
2	0
8	0
6	4
4	71
5	69
2	5
0	18
31	0
0	13
0	15
1	14
1	10
83	11
4	8
32	37
1	35
7	0
4	2
4	4
1	0
28	6
0	4
13	167
0	895
0	1200
0	904
89	4
3	0
0	887
0	29
0	1191
2	0
0	912
0	1208
25	167
0	1183
0	37
100	0
1	0
24	0
15	0
11	0
0	0
13	0
0	9
5	9
8	0
55	32
0	32
94	0
332	0
0	15
0	82
7	516
2	62
128	309
34	0
34	68
11	217
9	62
75	532
2	116
7	202
3	75
11	199
0	33
0	18
2	0
102	3
4	0
4	0
8	0
1	0
3	1
3	1
3	7
24	0
10	4
3	1
17	33
19	278
25	245
71	0
2	0
155	121
7	121
8	1
9	11
0	38
12	5
2	3
13	18
4	2
0	28
7	1
0	254
0	180
0	258
0	219
3	245
0	277
0	244
0	265
0	209
0	178
0	215
0	188
0	261
0	186
0	208
4	1
0	250
0	267
11	2
0	0
10	0
4	0
6	8
0	41
35	10
43	29
0	0
0	0
13	1
4	0
1	0
2	0
1	0
2	0
3	0
3	98
12	98
0	0
4	2
10	2
0	8
0	5
0	6
9	379
8	379
30	641
0	1853
25	1870
0	1895
0	1851
2	14
0	1924
48	481
46	0
0	1840
0	459
6	23
8	1906
2	261
1	597
0	1819
1	0
16	136
6	136
5	136
5	136
0	0
25	208
40	120
22	208
5	25
0	3
0	14
14	7
2	17
1	2
1	5
3	4
0	2
1	4
2	6
5	8
6	0
0	0
18	7
9	255
8	255
2	5
0	0
31	14
0	0
0	5
0	14
3	5
0	0
36	2
0	0
4	7
8	8
15	11
2	2
6	12
2	6
0	33
2	13
0	35
1	2
4	1
1	3
20	0
61	0
36	1
0	5
0	599
0	600
0	536
0	1491
0	1428
0	2081
0	2018
29	486
0	1190
0	253
2	30
26	283
0	4
458	4
0	0
13	0
2	10
6	5
11	5
10	0
5	1
1	6
4	0
3	1
2	4
0	15
12	1
1	7
1	4
0	3
1	3
3	9
0	14
16	43
0	40
2	12
0	7
6	31
0	7
1	0
0	4
0	2
0	2
1	31
0	4
22	0
6	15
1	15
5	0
7	0
0	0
0	0
4	5
5	0
1	0
1	0
36	0
4	0
28	0
95	0
2	184
4	106
31	290
0	63
176	63
40	197
2	239
262	529
0	2
6	148
23	263
127	602
60	518
1	0
1	0
61	0
3	2
0	2
24	0
14	0
739	2
137	2057
10	2055
383	5
2	5
2	41
0	2354
134	1694
22	1499
18	2033
0	2457
42	565
100	316
14	1484
0	780
0	761
0	512
0	777
0	775
0	554
0	822
1	502
8	351
2	41
0	229
0	730
0	785
3	88
0	714
0	737
0	676
0	735
0	788
0	830
0	692
0	267
2	15
0	749
2	15
3	729
5	732
18	257
3	354
1	290
5	564
14	150
379	0
2	1
0	1
2	0
37	0
1	1
2	50
6	9
1	539
0	0
6	114
3	0
0	529
0	544
0	0
1	89
0	533
0	548
16	68
3	0
2	0
30	139
19	155
20	97
1	3
32	9
8	26
1	27
10	75
4	0
2	204
33	204
389	386
187	386
1	0
6	0
0	8
152	8
1141	181
0	180
0	48
0	275
0	191
0	258
0	275
0	258
47	0
18	31
78	32
6	3
3	3
2	7
1	15
0	14
1	287
0	217
0	208
0	272
3	69
3	263
2	241
8	127
14	3
5	3
6	0
9	0
2	0
23	2
135	0
1	0
16	0
7	4
4	0
349	2
6	1
1	0
6	3
7	4
2	1
16	0
28	4
0	4
2	0
0	0
2	0
3	5
77	10
4	0
3	5
0	11
5	8
9	2
0	0
4	0
1	2
0	1
8	2
0	0
2	5
8	2
4	0
23	0
0	0
6	0
16	0
0	0
59	0
6	8
11	19
2	20
36	145
179	131
0	2
0	83
0	10
2	22
10	40
0	7
30	466
0	48
0	462
5	167
0	46
21	364
3	45
0	462
3	28
1	3
2	12
0	9
0	144
1	7
0	369
0	7
18	183
3	0
0	367
32	6
1	6
12	0
0	15
1	15
82	0
0	1
5	2
26	2
0	1
33	0
2	2
1	7
0	1
10	2
10	7
12	0
18	24
29	5
0	2
4	0
0	0
11	3
41	4
2	1
34	25
15	3
1	0
10	2
2	3
0	691
0	672
0	735
0	754
4	1
18	16
0	1
0	2
1084	19
0	8
0	6
7	6
2	3
0	2
10	17
0	1
14	2
28	1
0	2
47	22
8	9
11	24
9	2
3	0
0	0
0	0
7	3
1	0
2	0
70	0
2	0
5	0
8	33
0	33
0	1
19	251
14	595
5	344
248	1
0	538
0	537
0	537
0	537
0	304
0	303
0	537
0	537
2	5
3	22
3	3
12	139
5	2
74	136
0	0
2	3
4	8
68	97
22	97
0	28
48	33
1	25
2	1
0	0
1	1
2	1
0	9
15	5
2	12
5	28
0	6
5	14
0	13
3	29
1	11
1	17
2	8
1	6
1	17
3	1
6	1
4	0
0	10
0	9
18	1
0	10
1	9
6	8
2	17
3	23
9	9
0	3
5	36
80	10
6	5
15	37
0	9
5	25
0	10
7	48
7	10
51	7
12	42
4	31
1	37
1	30
9	47
19	32
4	0
19	0
3	0
3	0
5	0
39	0
49	4
0	4
15	116
5	116
0	364
0	316
6	19
5	1905
0	333
0	522
0	1808
0	1863
9	118
0	2973
5	960
15	1890
2	1804
0	4
0	539
0	2310
5	9
0	1868
17	2857
0	2953
0	2947
0	2923
0	158
9	0
80	99
5	99
4	0
0	0
2	9
37	9
4	5
10	0
8	1357
116	1368
30	11
137	4607
108	4379
111	4176
684	3469
27	0
63	0
35	0
105	9
0	9
0	314
15	314
455	66
183	257
50	323
0	30
0	1
549	905
44	905
13	638
0	609
24	3
2	0
0	93
17	93
39	0
43	0
0	4
5	4
62	221
808	221
50	1
16	4036
56	7
18	0
2	153
6	3850
1	943
1	3305
0	64
0	1
3	0
16	0
41	13
29	8
1	12
78	269
606	10
196	270
1615	19
4	2
5	2
0	25
0	26
1	17
4	221
27	58
5	55
5	5418
0	13
20	1625
152	4942
99	3207
2	3
11	4
1	7
3	1
0	43
0	42
0	51
0	50
96	91
2	91
0	0
2	17
1	17
0	1
48	0
149	0
223	2
42	2870
11	77
17	77
30	1149
757	3842
59	3414
0	22
25	18
0	0
40	5
154	0
16	0
54	14
0	14
0	19
4	7
0	162
0	185
1	4
0	170
16	2
6	23
0	159
0	194
0	187
1	0
0	222
0	337
66	307
0	10
12	21
4	21
0	32
0	8
1	25
1	1
491	33
20	5
2	1
30	162
0	404
4	361
0	1
1	1
1	28
5	17
13	24
16	0
1	24
0	11
0	20
1	7
0	8
0	3
0	10
2	3
1	8
0	4
0	3
1	1
1	8
2	0
3	3
3	0
17	0
0	158
40	158
0	147
22	147
3	0
17	0
7	0
89	12
6	12
0	2
5	0
5	209
0	209
315	1
6	48
25	77
13	77
0	54
0	539
0	129
0	115
0	531
0	123
27	270
0	525
0	217
14	452
0	210
0	120
0	532
0	113
0	5
0	181
0	181
0	462
0	73
0	181
0	181
0	462
0	462
0	181
0	181
0	73
0	462
0	462
0	180
0	462
0	73
0	180
1	0
20	0
102	7
45	9
1	2
2	1
1	1
1	9
0	13
1	4
0	5
0	10
5	0
7	0
9	0
1	0
8	0
2	0
1	4
1	4
4	0
2	1
2	1
2	1
28	0
0	11
0	195
0	3
180	299
9	281
2	16
0	12
0	16
0	15
2	12
0	16
0	12
0	12
13	20
38	985
0	999
3	10
0	17
0	1082
0	575
0	628
1	28
0	711
0	492
2	0
10	0
2	0
0	61
0	49
6	110
12	0
12	0
3	0
1	1
0	0
11	1
0	13
0	5
5	0
0	6
0	23
3	4
0	6
7	12
0	3
0	13
0	12
0	4
0	8
1	1
2	13
4	1
1	1
24	0
21	0
6	0
0	0
5	0
2	0
0	0
0	497
0	501
0	5
0	509
0	513
0	84
2	528
2	11
0	72
50	444
133	3279
1	161
25	122
7	498
1	127
2	140
27	3279
2	0
2	0
0	0
56	0
55	1
25	9
0	9
616	0
0	99
889	99
9	4
9277	2179
0	418
80	1761
22	0
18	0
1	0
35	0
1	332
6	658
21	346
2	32
23	193
24	29
8	9
27	193
6	6
12	0
4	0
1	0
0	66
42	66
144	0
151	0
32	10
2	2
0	13
0	8
9	3
0	8
0	0
11	0
3	15
0	5
1	4
115	5
0	2
0	3
12	3
2	3
1	7
2	6
9	0
0	11
3	2
343	188
1	9
0	5
3	188
0	7
5	7
2	8
19	8
7	5
19	0
2	0
0	0
10	2
11	0
4	1
100	384
1	324
5	7
0	75
0	2030
2	42
6	0
1	3
3	1212
0	1239
1	138
5	20
1	4
1	136
0	2030
6	58
0	0
15	39
6	1265
6	0
2	3
3	6
78	1959
0	1085
3	0
5	0
112	0
9	142
6	142
3	0
35	314
7	317
0	10
0	9
10	2
0	10
0	11
0	8
1	1
0	5
17	1
174	17
2	0
0	7
0	6
0	0
3	1
11	16
10	17
31	19
3	19
0	0
39	0
17	0
1	14
2	16
5	2
0	0
0	0
0	0
0	0
0	0
0	706
0	1174
0	1174
0	706
8	386
1	241
9	0
0	17
1	17
3	237
16	5
1	1
12	237
1	0
5	0
2	5
1	6
1	1
0	1
1	265
4	267
14	861
2	82
38	1552
306	2372
13	2113
1	2566
0	17
40	2126
2	2566
48	2135
0	2375
2	0
5	0
8	0
3	0
3	0
36	0
10	0
2	1
24	13
15	2
12	9
0	0
10	371
0	371
24	13
502	0
1	990
363	990
87	0
253	2
14	10
9	10
21	1
0	0
2	0
0	4
0	4
2	111
146	111
16	0
1055	20
0	20
6	3
1	2
1	0
6	2
0	3
3	0
5	1
8	1
7	3
0	24
1	130
32	172
321	72
0	74
23	153
14	75
2	211
38	211
75	0
2	0
1	0
2	3
2	11
0	0
4	0
0	0
6	0
2	5
2	5
1	2
29	0
405	0
95	4
0	0
8	0
8	0
5	5
1	2
3	11
3	8
4	44
0	12
18	13
2	1
0	9
0	7
0	15
0	12
8	38
1	2
0	0
5	28
3	6
0	8
12	4
10	1
2	0
10	0
5	0
8	0
8	2
0	1
12	1
3	3
0	3
324	17
2	1
2	12
0	4
15	10
0	7
6	11
4	4
2	69
5	2
0	4
1	1
0	84
43	1
1	71
0	8
2	6
9	4
0	8
0	31
0	31
3	4
5	0
3	0
1	0
4	0
0	3
799	3
3	116
67	116
6	1229
2	1229
17	272
0	262
16	285
0	125
0	98
0	124
0	99
2	0
131	0
21	93
34	93
6	916
0	2561
12	3970
0	3574
0	295
0	3017
0	3924
18	4047
0	173
0	1729
1	722
33	29
13	0
3	0
139	1
58	1
7	0
1	0
1	0
0	0
1	0
0	115
33	219
1	132
35	197
128	0
25	18
0	18
8	73
0	73
0	195
8	346
1	192
1	31
5	349
0	7
1	2
2	1
0	6
5	3
5	3
1	5
0	2
7	3
4	2
0	5
1	2
0	7
0	11
0	5
1	13
0	8
17	10
2	1
1	14
12	9
1	2
2	13
0	2
3	6
3	5
4	5
12	2
0	1
1	1
2	1
15	0
1	0
2	0
2	0
7	0
2	1
2	0
1	0
7	0
2	0
0	6
0	6
3	1
2	2
1	1
0	1
2	4
0	1
0	3
15	2
15	4
4	0
1	0
75	2
3	1
5	11
5	1
4	10
3	1
2	0
0	0
11	0
1	0
1	3
2	3
0	132
240	132
93	0
0	0
5	1
0	1
4	1
0	50
38	51
2	0
5	23
142	49
9	26
221	1
0	93
2	17
9	13
6	9
22	10
9	1032
6	1023
7	0
21	4
119	192
10	175
1	17
378	0
1	0
229	0
15	0
16	0
18	0
14	0
8	0
11	0
1	0
3	0
0	0
0	1
0	1
13	0
43	1
39	43
7	15
24	92
29	15
56	22
9	134
0	162
2	11
20	41
1	16
12	8
11	12
3	12
1	2
3	7
4	8
6	1
1	0
2	4
8	0
46	4
27	0
0	0
8	0
43	0
2	0
0	3
6	2
0	5
2	4
0	1
0	1
0	1
2	48
1	52
7	52
1	2
0	47
0	46
0	84
62	0
11	21
0	88
3	8
0	72
0	71
7	31
0	1
52	25
0	25
0	20
1	0
0	12
106	12
11	0
5	4
1	4
83	0
93	0
0	0
0	0
3	438
76	306
4	97
67	134
0	11
110	0
64	3
2	3
8	0
25	5634
1	3575
5	5633
4	3576
2	0
54	0
5	0
4	0
0	0
1	0
1	0
10	0
9	0
9	0
1	2
5	2
4	0
2	2
0	93
0	66
3	76
0	85
8	13
0	68
0	3
1	1
2	0
1	2
2	2
1	1
0	52
2	2
0	56
0	55
0	11
15	17
2	9
89	8
7	2
0	51
5	7
1	6
0	4
2	4
10	0
10	0
123	0
1	0
2	2
14	0
1	8
0	2
5	8
0	29
0	19
0	29
0	19
0	6
0	7
6	15
0	7
0	31
14	12
0	33
0	5
4	4
2	30
5	24
0	7
4	13
9	23
0	3
0	1
3	9
0	2
0	11
1	21
0	8
0	8
0	3
1	0
6	4
3	4
10	4
2	10
0	4
11	9
1	1
2	1
1	0
266	0
0	0
0	249
0	201
0	249
60	201
0	11
0	250
1	19
0	43
0	36
0	30
0	250
0	6
7	4
1	3
2	42
13	70
57	46
22	9
0	12
37	159
0	232
0	401
10	5
0	12
3	0
11	385
2	94
0	14
14	216
2	4
5	6
65	66
1	59
0	1
2	1
1	0
64	4
3	0
23	0
15	0
7	0
5	0
0	0
7	0
1	0
1	0
0	0
23	0
2	6
5	31
2	30
85	26
5	0
4	0
1	0
3	1
0	9
0	13
7	5
1	10
1	8
0	8
4	9
0	8
3	14
3	1
10	5
0	3
0	16
5	7
2	7
1	2
0	2
2	7
3	0
2	0
3	0
0	0
4	0
1	1
0	1
5	424
21	497
39	497
412	0
0	335
0	327
0	20
0	351
0	343
129	7
3	15
15	9
3	262
3	262
68	5
7	15
8	45
0	238
40	238
0	5
28	1
0	1
1	90
0	91
0	37
0	38
2	2
0	0
8	0
1	0
93	1
0	1
6	1
64	5
23	0
5	1717
17	1720
0	6
4	697
13	1613
2	908
0	915
31	784
2	178
0	197
6	193
0	80
0	83
4	89
5	14
1	0
15	0
4	0
65	0
6	0
0	0
171	0
1	0
2	0
0	122
4	1
2	12
0	2
6	120
8	8
7	120
12	4
1	13
55	2
5	11
11	5
17	120
3	1
13	3
3	2
43	0
6	0
2	0
1	0
22	0
65	52
0	52
192	0
0	233
2	905
0	266
0	1153
0	1109
0	5
4	1
0	1143
0	1119
0	44
13	819
0	901
61	7
238	7
0	552
14	15
0	552
0	18
0	546
0	546
15	0
92	0
16	0
3	0
4	0
7	0
4	0
1	52
2	52
12	63
0	135
4	8
5	235
2	8
3	8
7	9
5	0
1	160
0	169
1	18
5	3
0	199
7	2
2	65
88	133
18	8
1	96
1	166
4	3
0	239
0	291
6	1
1	1
44	0
0	2
2	2
275	0
53	1069
7	1069
0	7
3	24
22	24
35	138
9	138
102	0
243	125
0	125
6	184
1	184
3	0
2	0
0	0
0	0
1	0
4	0
3	0
5	640
0	0
7	642
0	0
4	1
97	185
0	0
3	28
0	37
7	0
13	0
4	0
11	0
3	0
32	0
2	0
1	0
7	0
3	0
2	0
2	0
172	0
1	8
62	1
24	100
0	100
1	1
308	737
5	708
15	987
1	1124
57	815
1	4
0	6
4	3
2	2
8	1
0	3
3	4
0	3
0	3
2	5
1	13
3	4
3	13
12	0
0	0
18	1
0	1
1	0
97	0
73	0
694	0
2	24
2	61
137	490
7	143
0	237
0	253
0	29
0	29
5	31
8	35
60	2329
26	18451
13	23
354	18451
18	0
14	80
0	80
2	2
2	2
212	0
1200	0
13	256
359	256
499	402
6	75
22	402
0	0
4	4
52	4
6	8
3	14
5	14
5	1
4	33
1	2
2	1
15	3
2	2
1	3
6	3
1	1
1	19
45	5
2	12
7	9
12	8
0	5
2	5
6	25
1	4
10	3
0	4
14	0
3	0
0	9
4	12
2	3
68	0
59	0
1	7
1	14
1	9
64	66
1	60
509	11056
35	8994
9	2
287	12003
335	10997
2	57
53	6242
37	58
0	984
654	1070
105	28
0	113
0	22
12	22
11	67
37	67
26	1
0	24
185	24
0	1
50	1
74	0
0	13
2	13
37	0
17	0
74	0
33	0
7	447
7	447
60	482
9	482
39	2
1	570
1	570
44	0
181	1244
11	644
1	285
4	959
0	25
10	346
59	351
0	1
2	29
1	29
0	3
1	5
3	26
5	30
1	3
0	27
1	25
0	27
3	23
9	24
6	0
3	0
0	0
12	0
1	0
20	0
29	0
12	0
1	0
4	0
671	367
2	367
0	788
10	616
0	723
29	548
0	146
4683	647
0	647
358	182
3	182
360	81
6	81
8	0
0	0
0	0
4	0
0	0
0	0
6	0
64	3
240	158
0	43
89	537
9	0
46	125
221	537
0	3
5	1
0	0
5	16
0	2
4	3
8	2
0	37
0	5
1	21
1	1
3	7
6	4
9	10
2	11
5	0
0	5
0	9
3	1
0	5
251	52
0	15
4	25
73	0
15	1
2	18
1	37
11	10
3	0
83	4
6	5
0	3
2	5
34	0
3	0
175	10
0	1
0	7
0	0
0	112
8	12
5	130
5	119
0	1
1	2
0	2
76	0
0	537
0	519
2	422
268	1
0	249
0	256
0	229
0	222
0	695
5	889
1	622
0	866
0	24
278	186
0	186
0	156
6	156
54	0
38	0
2	0
1	0
2	0
18	0
3	0
13	45
0	45
0	931
0	852
0	914
0	975
60	141
0	791
3	992
20	55
9	0
10	27
6	22
56	14
2	0
0	22
0	14
2	45
9	92
77	19
0	97
5	0
6	2
16	17
4	56
14	1
2	44
1	22
476	28
9	2
7	30
0	0
2	29
0	2
0	31
7	23
42	533
1	3
24	525
0	25
12	1
560	28
0	2
15	0
0	0
0	0
0	0
3	52
4	52
11	0
4	0
1	12
1	12
7	0
5	1
4	1
0	0
1	0
3	0
2	0
3	4
11	4
12	0
45	0
5	1
25	8
1	7
3	7
9	7
3	1
0	1
2	7
15	0
5	0
2	13
0	12
3	0
7	16
25	16
20	22
0	0
0	0
19	0
3	0
0	0
23	0
0	181
212	181
11	5
18	97
5	11
0	64
3	97
6	149
1	352
69	501
0	0
7	460
2	0
14	455
1	1
0	5
100	0
9	0
0	0
15	0
2	1
0	91
2	91
4	3
0	3
0	3
6	0
14	31
4	31
0	82
189	82
37	188
36	532
25	345
0	29
0	1
0	9
152	1
31	9
52	132
21	219
2	136
20	277
3	220
32	487
172	85
0	85
0	129
0	129
0	0
0	0
0	18
506	0
185	0
12	0
62	0
1	0
36	19
11	10
11	10
7	30
2	10
1	4
0	14
7	15
8	6
2	14
2	26
7	5
11	15
0	8
36	46
10	14
5	3
15	7
20	10
21	23
23	58
0	5
5	8
17	0
1	0
5	0
8	0
8	1
4	1
0	0
27	108
93	126
0	21
9	129
271	0
0	0
9	0
0	0
19	0
37	6
2	6
7	48
10	48
3	53
2	53
21	0
175	3
0	3
94	0
243	0
236	1
311	142
0	142
40	382
0	89
18	694
41	321
0	59
0	58
0	59
0	59
0	59
7	0
8	0
1	0
25	0
0	3
0	3
2	2
6	2
3	0
62	53
11	50
69	694
53	5953
405	559
894	5038
3	15
102	4928
13	11
122	2504
2	16
4	4507
3	6041
4	0
28	0
2	0
2	0
1	1
8	0
0	4
4	4
0	29
4	29
20	0
8	3
14	3
1	0
4	0
3	125
3	127
0	118
0	116
3	4
2	114
10	118
11	116
2	14
1	139
4	159
1	5
8	5
6	5
12	139
1	1
21	137
1	25
14	14
15	1
219	112
6	117
1	117
0	2
1	116
4	119
6	117
0	2
8	112
16	113
4	135
3	0
17	0
0	6
0	9
1	7
0	8
1	4
0	8
0	5
0	5
4	0
3	18
2	8
6	0
0	10
5	7
0	5
1	5
1	7
51	7
2	3
1	16
2	14
15	6
0	16
0	16
1	8
2	2
0	8
3	3
2	1
5	1
3	0
0	30
12	7
0	75
1	96
16	115
12	31
14	40
0	3
0	38
3	1
6	0
14	0
0	1
1	1
8	0
14	3
0	0
13	153
0	51
0	173
0	111
0	2
0	192
0	198
0	198
7	13
0	168
0	193
0	190
0	201
0	197
0	186
0	0
0	5
1	2
0	7
11	2
0	7
3	16
14	5
0	14
0	5
1	0
26	0
10	0
8	7
9	72
2	72
1	29
15	29
0	18
19	116
13	248
13	132
0	113
0	101
0	222
12	101
0	61
0	73
0	210
3	93
13	18
44	18
0	407
0	409
6	365
0	19
0	383
1	17
0	433
2	2
1	6
6	5
1	34
0	51
1	18
6	0
2	36
5	5
14	43
2	12
4	10
3	32
5	56
1	3
2	2
0	5
19	3
0	7
11	2
4	0
3	0
0	6
9	6
14	1
5	1
54	0
0	10
1	91
0	62
3	93
59	0
8	1
1	0
291	3
2	1
2	0
16	202
2	202
31	1089
461	1089
7	1
13469	26
4	24
2	0
3	0
6	0
10	1
3	3
2	2
8	0
3	2
0	1
4	4
0	0
0	1
0	1
4	0
137	4
0	12
0	12
11	2
6	15
1	10
1	4
16	10
4	10
1	11
3	8
8	0
0	90
0	103
0	147
0	134
2	0
2	0
4	0
13	0
6	0
0	267
0	187
0	60
19	76
0	27
0	140
1	3
78	3
9	0
2	2
1	2
220	2
5	52
0	52
730	448
1	393
0	2
0	397
0	405
0	124
0	425
18	393
15	5
0	11
0	124
7	0
1	1
0	0
0	0
2	0
11	8
6	7
0	3
1	3
9	1
2	5
2	9
2	22
58	50
0	46
11	3
6	5
6	5
5	3
11	10
13	1
3	68
1	13
8	52
1	0
10	0
2	0
12	0
0	0
4	0
11	0
0	0
3	0
5	0
0	1
0	1
14	0
2	0
3	0
4	0
1	0
4	0
4	0
0	0
2	0
4	0
5	0
2	0
4	0
1	0
5	0
5	0
6	0
3	0
10	0
15	0
4	0
3	0
5	0
2	0
3	0
4	0
1	0
4	0
3	0
5	0
134	0
3	0
3	0
3	0
1	2
2	2
3	0
1	0
3	0
3	0
3	0
11	0
2	0
0	0
1	0
4	0
1	0
10	0
6	0
0	0
4	0
0	0
1	0
0	0
9	0
3	0
1	4
5	4
8	0
3	0
3	0
4	0
3	0
12	0
2	0
1	0
1	0
1	0
3	0
9	0
1	0
3	0
1	0
1	0
3	0
7	0
7	0
6	0
7	0
3	0
4	0
5	0
4	0
2	0
1	0
5	0
2	0
1	0
2	0
0	0
3	0
0	0
0	0
6	0
5	0
1	0
0	0
2	3
6	0
7	0
1	0
3	0
4	0
4	0
1	0
1	0
1	1
0	1
1	0
1	0
6	0
7	0
3	0
1	0
3	0
3	0
1	0
0	0
1	0
6	0
0	0
2	0
3	0
5	0
6	0
5	0
4	0
22	1
3	22
4	22
2	13
5	0
3	4
2	4
17	0
2	6
0	6
0	30
256	30
20	0
17	0
3	0
2	1
1	1
8	0
22	0
9	0
8	0
0	0
0	0
1	0
2	0
4	51
181	51
1	0
0	1
15	1
1	31
6	31
0	0
12	0
4	0
0	15
1	15
1	0
1	0
3	0
0	0
0	0
0	0
1	0
2	1
0	1
5	0
25	7
2	1
0	6
84	0
3	0
87	0
1	0
2	0
10	1
79	156
33	156
3	0
1	0
7	0
1	5
18	5
2	2
1	0
0	0
0	0
3	2
0	2
10	0
3	0
20	1
102	24
3	23
22	0
0	6
1	6
19	0
2	0
14	0
0	0
0	2
3	2
1	0
28	1
0	1
7	0
178	0
1	1
5	146
19	146
35	0
10	0
22	0
2	0
15	0
17	0
17	0
5	0
10	0
321	0
4	0
17	0
3	0
0	0
1	0
17	3
1	28
0	26
0	44
4	1
4	72
3	71
1	0
19	0
2	0
4	0
20	0
77	0
9	1
0	0
4	0
2	0
2	0
0	4
0	4
12	0
2	1
50	1
8	0
5	0
3	0
2	0
0	45
1	45
66	0
11	0
2	0
5	2
3	2
3	0
39	0
5	0
0	1
2	1
1	5
0	5
3	11
0	11
2	0
0	0
2	0
5	5
124	0
73	154
4	154
241	2
0	2
12	0
1	0
10	0
3	0
2	0
4	0
14	1
37	556
35	556
0	0
0	2
26	2
36	0
55	7
0	83
3	83
0	4
0	4
1	0
0	1
6	0
7	0
0	75
55	85
0	10
3	3
0	3
13	0
2	0
5	0
16	0
2	0
0	0
18	0
1	0
7	0
167	1
1	3
0	3
3	0
0	0
0	0
3	0
3	0
3	0
1	0
27	578
32	578
7	0
2	0
0	0
4	0
3	0
11	0
2	6
13	6
2	3
2	4
0	3
0	3
4	3
0	0
13	17
2	17
1	0
0	0
2	0
3	0
1	0
157	0
6	43
56	43
0	38
7	0
11	10
0	10
11	0
3	0
150	0
5	0
1	0
3	1
2	1
4	0
4	16
0	16
0	103
7	103
37	0
5	0
8	3
0	10
4	10
3	0
244	0
7	0
2	0
28	0
0	0
2	0
6	0
7	0
0	0
4	0
1	0
9	0
6	0
7	0
4	0
1	0
3	0
3	0
3	0
1	0
3	0
1	0
7	0
1	0
4	0
3	0
6	0
0	0
1	0
9	0
9	0
2	0
34	0
4	0
4	0
1	0
12	0
2	0
2	0
2	0
2	0
1	0
4	0
3	0
2	0
3	0
4	0
4	0
4	0
5	0
2	0
4	1
8	0
3	0
6	0
2	0
4	0
1	0
9	0
5	0
2	0
6	0
3	0
10	0
0	0
5	0
5	0
1	0
5	0
3	0
4	0
3	0
5	0
2	0
4	0
2	0
7	0
2	0
1	0
10	0
2	0
5	0
2	0
3	0
3	0
14	0
3	0
10	0
14	0
9	0
8	0
2	0
4	0
14	0
5	0
24	0
3	0
4	0
0	0
3	0
7	0
4	0
3	0
3	0
15	0
4	0
5	0
1	4
1	4
3	0
3	0
1	0
6	0
15	0
11	0
8	0
2	0
2	0
0	0
0	24
9	24
6	0
2	0
0	0
1	0
9	0
15	0
9	0
1	0
6	82
5	82
4	0
6	0
5	0
6	0
1	0
2	0
8	0
1	0
5	7
0	7
4	0
8	0
3	0
1	18
14	18
52	0
8	0
8	0
2	0
1	0
5	0
4	0
2	13
0	13
8	0
3	0
3	0
1	0
6	10
21	0
1	10
29	0
5	0
8	0
0	0
7	0
1	0
3	0
1	0
6	0
4	0
5	0
5	0
6	0
7	0
8	0
2	0
2	0
1	0
5	0
5	0
2	0
1	0
2	0
0	0
15	0
0	0
0	0
7	0
5	0
2	0
1	0
0	3
1	3
0	0
0	0
6	10
9	10
31	0
1	0
18	0
2	2
4	2
7	106
16	98
0	94
19	0
6	0
63	0
190	0
4	0
7	0
1	0
0	0
3	0
7	0
1	0
1	0
5	0
5	0
3	0
2	0
12	0
1	0
5	0
13	0
10	0
1	0
9	0
4	0
0	0
9	0
0	0
0	2
8	2
20	0
0	0
2	0
3	2
0	2
0	2
2	0
3	0
2	0
1	1
3	0
0	0
3	0
0	10
45	12
7	0
1	0
4	0
3	0
25	0
1	0
6	0
0	0
0	9
5	9
0	36
108	36
1	0
1	2
2	2
2	0
2	0
0	5
443	5
2	0
6	0
0	0
2	0
0	0
3	0
1	0
2	0
4	0
5	0
3	0
20	0
2	0
2	0
3	0
28	0
1	0
0	0
0	1
6	0
2	0
1	0
1	0
1	0
14	148
3	148
4	4
0	4
6	0
1	0
4	0
5	0
6	0
1	0
4	0
3	0
10	0
1	0
1	11
20	11
5	0
2	0
13	0
0	0
5	0
5	0
6	1
1	1
31	0
8	0
8	0
2	0
2	0
3	0
13	0
1	0
4	0
35	0
0	0
1	488
463	488
2	0
5	0
1	4
0	4
3	0
4	0
2	0
7	0
0	2
11	2
2	0
7	0
13	0
1	0
71	0
23	0
2	0
39	0
0	7
11	7
24	0
6	0
0	0
4	0
2	2
5	2
8	0
4	0
12	0
1	0
1	1
0	1
12	0
1	4
3	0
3	0
4	7
2	6
1	0
1	0
0	0
12	0
7	1
1	0
5	0
5	1
1	1
5	0
0	0
0	27
1	27
5	0
2	0
2	0
2	6
3	0
10	0
2	5
2	5
0	0
0	3
3	3
20	0
1	0
0	0
1	0
2	0
2	0
6	0
0	0
6	0
0	0
5	0
3	0
0	12
3	12
9	0
2	0
1	2
1	2
7	1
2	1
4	0
16	0
1	0
0	0
1	1
0	1
0	0
5	0
2	0
3	0
5	0
0	0
1	0
3	0
3	0
1	0
4	0
1	0
3	0
2	0
0	0
2	2
2	0
5	0
0	0
3	0
3	0
2	0
2	0
1	0
1	0
7	0
1	0
3	0
2	1
5	0
3	0
0	0
3	0
2	0
4	0
1	0
1	0
1	0
5	0
4	0
0	0
3	0
0	0
4	0
0	0
6	0
0	22
0	23
2	0
0	0
4	0
9	0
1	0
2	0
2	0
0	0
0	0
1	3
0	3
0	0
4	0
151	0
9	0
93	0
150	0
12	0
33	10
0	10
0	39
0	39
0	39
0	39
14	4
3	4
7	0
5	0
1	0
38	0
21	0
29	0
13	0
14	0
2	1
6	0
10	0
14	0
0	0
0	6
0	1
4	7
26	0
14	0
2	0
113	0
4	21
0	21
5	0
10	0
157	0
92	0
2	0
2	0
1	0
49	0
0	2
0	2
0	2
0	2
47	1
0	3
55	3
21	0
0	0
2	0
1	0
4	0
7	0
1	0
24	0
11	0
0	10
16	10
2	22
0	12
0	5
0	18
57	0
1	87
5	87
13	0
6	0
18	0
2	22
3	22
62	0
1	0
16	0
4	0
8	0
36	0
2	0
7	0
3	0
7	55
2	55
9	0
2	5
3	5
1	0
3	0
54	1
5	1
2	3
0	3
0	0
1	0
2	0
1	0
2	28
26	28
5	0
4	0
0	2
9	2
16	0
15	4
0	4
6	13
0	13
13	0
6	0
84	31
4	31
9	0
1	0
46	0
2	0
3	0
4	0
10	0
0	11
0	17
0	17
7	1
11	0
0	13
20	13
2	0
0	0
13	0
18	0
7	0
5	0
36	3
97	0
3	0
5	1
60	1
3	4
0	4
2	3
2	2
3	162
81	162
3	0
27	132
12	132
27	0
9	0
247	0
5	1
3	0
25	105
2	105
49	0
8	82
0	82
0	8
8	8
7	34
2	34
18	0
0	3
1	3
4	0
2	0
6	0
5	0
1371	3
2	3
35	0
0	3
1	3
0	2
1	0
48	15
3	15
14	0
1	0
3	0
2	0
0	0
0	0
14	0
2	11
6	11
2	0
3	19
5	19
13	0
1	0
2	0
0	564
104	564
4	0
12	0
0	22
0	22
0	4
3	74
0	75
0	75
0	75
0	40
0	75
2	1
107	0
0	0
0	1
0	1
13	0
5	0
13	0
8	0
0	0
84	2
1	0
1	0
8	49
10	49
7	0
5	0
20	0
2	0
0	31
0	24
0	30
0	25
0	18
0	24
0	31
1	31
8	0
199	0
0	1
0	1
4	0
4	0
7	0
6	0
1	0
0	0
5	0
2	0
2	0
5	2
0	2
4	0
10	0
2	0
9	0
10	0
2	0
3	1
0	0
2	0
3	0
1	5
0	5
0	0
3	0
11	0
4	0
2	0
192	0
4	0
3	0
1	0
1	0
3	0
3	0
11	12
1	12
5	0
24	0
4	0
1	0
1	0
3	0
9	0
7	0
3	0
3	0
3	0
2	0
0	3
0	0
6	0
0	0
1	0
1	0
2	0
1	0
9	0
2	0
2	0
3	0
7	0
1	0
2	0
3	0
4	0
5	0
2	0
0	0
3	0
8	0
1	0
3	1
14	0
36	0
0	0
3	0
1	0
5	0
6	0
0	0
3	2
3	2
2	0
0	0
2	0
0	0
10	0
1	0
2	0
1	0
1	0
74	0
5	12
7	12
9	162
37	162
5	4
1	4
2	380
259	270
222	650
437	1
214	0
25	1
0	1
61	0
51	112
430	112
0	0
105	0
1	480
0	6
2	843
89	843
114	0
12	0
1	0
129	0
5	0
0	38
5	42
0	4
0	2
0	2
39	0
151	3
275	259
4	2
6	5
0	8
1	491
0	487
0	0
4	2
3	0
1	106
24	0
40	0
22	2
10	3
2	0
1	0
6	5
0	5
3	0
1	0
2	0
13	0
5	0
1	0
43	0
5	0
1	0
4	0
11	0
9	0
3	0
16	0
9	0
2	0
3	0
4	0
5	8
7	0
1	0
3	0
32	0
147	96
22	96
105	82
490	82
37	1
7	0
44	0
20	0
0	5
3	0
9	15
57	15
164	89
0	89
49	0
25	38
142	834
3	286
0	179
45	887
35	318
7	2
0	276
0	178
0	42
4	304
2348	880
0	226
6	0
1	0
1	0
3	0
0	0
0	13
47	13
4	0
0	1
1	1
1	9
2	2
32	75
0	0
2	3
7	47
5	2
14	10
4	1
78	76
40	37
15	10
0	10
1	0
3	0
1	0
3	1
4	15
15	0
0	0
6	0
0	349
2	1
0	8
0	0
0	31
0	0
32	31
28	198
0	317
13	183
15	97
2	145
2	0
6	40
0	0
0	236
1	0
0	68
0	68
2	46
3	46
2	1
29	1
4	1
8	0
1	6
1	6
38	0
57	0
107	0
0	1
4	1
2	72
5	0
1	2
3	169
0	45
0	3
3	3
0	5
0	3
0	0
5	524
9	204
31	486
6	247
12	208
0	7
1	5
2	8
0	4
0	12
0	15
4	0
9	0
48	0
4	0
10	2
8	2
8	0
6	0
11	0
1	0
2	0
0	0
11	0
10	0
3	0
6	0
2	0
2	0
1	14
3	13
5	1
16	0
9	159
1	71
10	294
150	323
1	14
1	24
3	14
2	0
4	0
334	0
2	6
4	5
9	5
97	49
1	10
4	7
4	8
1	4
10	17
0	21
18	2
0	47
0	197
2	48
58	301
36	185
7	89
3	108
3	13
895	25
0	25
16	0
9	0
3	0
4	0
2	0
3	0
0	0
0	9
2	9
3	17
4	17
0	677
0	324
2	922
0	95
13	911
0	1756
0	1715
10	1
0	237
3	705
0	590
2	670
10	1
14	557
0	727
2	58
0	6
1	681
3	0
12	0
43	0
7	0
4	0
4	0
10	0
0	13
0	13
12	0
0	4
3	6
14	0
1	5
1	5
0	5
0	9
5	6
3	4
15	2
8	107
25	176
17	35
414	84
4	16
384	10
6	10
3	0
6	14
19	0
1	0
3	0
0	0
5	0
10	0
2	0
5	0
6	0
1	3
8	12
6	7
0	16
0	0
5	8
107	5
0	23
4	12
18	0
0	34
1	26
0	30
4	44
0	22
34	9
1	0
1	59
0	25
0	22
1	25
1	19
0	40
0	23
4	19
4	14
0	27
0	46
1	37
3	26
2	15
3	8
8	0
11	1
7	9
11	0
44	0
2	0
0	0
10	0
4	0
155	1
3	1
10	1
6	0
1	0
2	4
0	0
0	0
0	0
19	7
0	34
1	3
0	13
0	11
1	0
0	32
2	334
5	93
101	349
16	16
2	80
3	9
1	6
16	78
0	82
0	4
3	4
38	8
3	5
0	9
9	19
11	0
0	0
0	0
4	0
5	1
2	28
0	28
5	0
2	0
1	0
499	0
45	0
6	112
0	112
3	109
16	4
20	9
8	7
0	2
1	79
9	493
5	493
3	79
57	9
8	1
0	77
199	1
12	4
9	7
1	5
6	9
12	0
0	0
0	0
2	0
16	23
6	23
314	0
3	5
48	17
10	18
3	19
0	13
2	9
3	34
7	8
29	21
0	5
0	2
88	69
17	18
110	70
0	1
4	9
20	40
4	1
10	9
2	0
1	6
1	3
12	1
7	3
4	3
17	5
9	6
3	7
2	0
5	2
7	1
10	49
42	34
10	55
1	3
0	0
15	51
0	9
4	22
0	5
12	2
2	0
23	0
34	144
3	56
3	61
15	87
32	25
0	30
6	233
2	33
15	112
22	229
0	28
0	23
5	40
2	3
0	3
19	0
1	0
0	0
7	0
3	1
2	2
4	58
0	9
0	8
1	48
4	41
0	0
2	4
1	4
0	8
1	2
1	62
3	3
2	0
26	37
5	12
1	47
2	0
0	3
0	69
4	1
0	79
0	0
0	7
4	2
1	7
2	2
2	0
0	1
0	1
5	1
42	0
83	0
89	0
3	66
1	66
7	146
0	146
49	90
10	220
3	19
6	206
8	171
2	62
124	6
3	62
23	2
59	6
1	566
9	563
7	21
8	21
1	61
156	0
3	5
46	0
3	0
4	0
195	0
26	0
389	10
0	10
1	24
6	58
68	5
2	24
6	4
14	69
467	1
11	10
0	13
1	16
0	2
0	4
8	32
0	30
0	26
55	5
1	67
15	53
14	0
6	3
126	79
2	74
1	69
45	54
3	3
2	53
0	0
8	0
47	0
2	0
31	18
3	16
1	3
5	8
114	5
1	8
6	4
1	4
27	2
198	19
18	7
27	1
0	4
14	6
0	4
0	1
5	2
0	5
22	14
16	9
10	7
3	7
0	2
2	0
0	0
2	0
45	0
1	2
3	0
0	6
0	7
4	1
0	6
0	7
0	3
1	3
7	9
0	13
9	0
3	0
11	3
3	2
1	4
24	6
8	109
0	0
4	2
9	1
7	6
2	330
83	332
3	21
0	15
1	1
1	0
99	8
3	6
0	6
1	10
4	14
21	8
1	10
5	7
2	2
2	2
1	1
1	13
5	2
5	3
5	9
1	5
1	0
95	1
11	8
3	0
1	0
2	27
0	27
6	0
5	0
13	1
2	1
0	24
0	12
3	23
0	25
0	0
0	12
0	24
0	25
12	33
4	6
1	0
0	23
4	24
279	587
4	459
16	618
4	67
12	574
7	23
5	21
8	128
10	9
6	196
0	63
27	141
5	30
0	62
8	17
5	196
0	30
0	1
0	29
5	1
0	19
6	0
0	0
10	0
2	0
1	1
0	1
4	0
10	10
8	10
0	7
0	34
1	4
0	16
0	2
0	24
1	40
0	32
5	0
2	6
0	18
2	4
4	0
0	0
3	0
2	0
2	1
2	3
4	2
2	5
1	6
2	1
3	1
0	10
3	10
0	3
12	2
6	5
1	6
10	0
3	0
8	1
5	1
10	109
7	202
234	0
109	835
2	616
1	1028
54	937
24	770
0	5292
142	4327
19	4336
0	389
4	4174
1	0
602	0
1	0
10	0
62	3
3	3
0	12
2	1
0	4
77	10
1	4
4	3
7	5
2	10
1	5
0	1
0	2
0	4
0	5
0	5
0	10
3	14
35	6
1	8
1	7
0	4
0	3
1	10
1	3
0	1
0	7
1	1
0	5
0	1
3	5
0	6
1	1
3	1
10	0
6	0
5	1
7	3
21	20
5	29
0	30
20	11
3	7
1	43
2	8
0	22
3	22
112	41
7	18
103	20
4	1
1	3
23	16
0	8
24	9
6	6
21	5
2	3
1	0
2	13
4	5
1094	0
319	313
4	313
0	65
6	1134
1	75
3	1547
13	1296
0	1703
0	1270
7	227
2	1426
0	2
0	3533
8	3044
3	2794
0	3739
0	3791
80	3420
0	3552
32	1389
0	3294
0	3481
2260	2
52	321
6	321
7	0
9	0
10	9
3	0
1	12
3	2
16	160
5	178
3	7
7	25
0	5
2	99
0	149
0	2
2	8
4	2
0	0
0	1
0	0
6	60
0	38
1	17
4	2
0	4
7	153
61	0
16	0
2	0
11	0
7	0
11	0
0	126
12	250
1	27
93	382
5	17
84	382
16	0
14	30
1	0
51	0
0	4
16	4
2	24
2	24
23	0
51	1
2	1
8	0
0	392
0	1280
19	885
0	392
0	38
0	30
0	1280
0	9
4	9
0	480
0	562
8	100
0	484
0	66
0	696
13	6
0	749
0	421
0	607
0	2
21	541
0	674
0	16
1	17
0	342
0	609
0	244
4	164
0	430
0	509
0	248
3	33
0	623
0	621
0	200
6	33
0	554
1	0
3	0
9	0
10	0
617	4
4	8
0	18
1	13
0	8
0	13
0	7
0	11
0	12
0	7
0	13
3	2
0	8
1	6
3	0
11	23
0	6
17	13
1	19
0	14
3	14
0	11
0	13
16	9
0	20
0	11
1	7
0	18
0	4
0	6
6	10
2	19
2	6
26	0
4	3
0	6
26	2
10	1
3	3
7	0
2	0
1	1
8	70
2	46
76	58
0	85
3	49
11	3
0	81
10	0
0	0
2	0
46	0
0	2
2	0
0	16
3	8
0	11
0	14
3	8
0	7
1	0
2	0
2	15
91	3
23	3
4	9
1	9
0	14
4	3
2	24
0	8
0	26
0	10
4	4
16	14
47	4
4	8
168	3221
73	405
2	5
303	3221
12	7
6	0
4	0
1	0
65	0
7	0
4	0
11	5
9	112
2	2
9	108
1	30
8	111
49	5
7	60
3	1
1	8
8	31
31	120
4	1
11	24
285	2
1	2
0	2
52	2
10	3
10	3
11	22
6	1
8	21
2	0
58	243
5	85
1	2
3	1
1	238
13	133
28	210
3	113
5	2
0	3
0	3
2	4
0	4
4	9
25	0
0	6
3	7
0	5
0	3
5	3
1	2
1	2
1	0
5	7
13	10
11	7
2	3
1	6
4	2
2	3
0	32
0	18
0	845
0	815
0	14
0	843
0	873
1	57
2	17
9	51
8	856
0	28
0	7
0	7
114	0
41	0
5	1
106	34
4	2
6	33
0	20
1	4
72	51
0	14
0	12
63	34
10	5
0	31
0	31
2	15
5	15
0	1
0	1
1	1
0	1
1	1
4	1
2	2
0	2
1	3
14	155
9	5
0	4
2	1
8	7
12	11
9	9
0	6
2	150
3	6
23	0
0	1
16	2
1	2
1	8
0	3
1	3
5	3
0	7
4	3
0	8
34	12
10	6
6	8
0	6
0	2
3	6
0	7
0	18
4	2
52	20
0	0
72	0
0	0
4	0
1	0
704	820
16	818
1	2
39	0
0	0
0	3
33	213
2	166
129	187
96	5
1	1
6	264
12	233
0	355
4	174
6	268
8	69
0	261
1	169
4	195
4	340
0	344
9	24
10	27
0	344
1776	6
172	17
197	17
9	0
2	0
0	2
9	0
0	20
1	20
4	13
0	13
0	9
13	31
8	22
14	0
113	0
359	0
0	31
17	92
6	36
14	92
86	121
6	3
22	121
2	1
1	1
30	41
5	8
1	1
1	2
3	2
2	6
3	0
4	9
20	46
1	0
2	0
0	0
0	35
65	15
163	198
335	198
423	203
0	14
0	3
21	1807
1	1155
10	1155
2	12
63	1077
62	310
7	1683
10	56
43	43
11	1565
60	67
33	1442
2	0
5	1
0	2
2	2
12	0
3	2
16	2
142	13
0	13
1	0
37	0
0	0
33	0
8031	0
5	1031
3	841
0	1067
0	5
9	0
6	0
31	0
90	0
3	0
8	0
1	0
63	0
172	3
8	0
13	0
4	0
7	7
0	3
0	4
0	3
0	2
1	4
2	0
1	0
3	11
2	33
6	3
0	1
2	5
3	6
0	8
2	17
0	28
3	10
3	5
7	1
0	12
1	7
1	1
1	0
14	0
1	1
6	2
5	0
0	1
1	1
82	0
11	0
2	0
5	7
8	5
0	10
8	0
0	130
5	111
23	9
1	2
1	3
2	1
3	0
10	2
2	14
5	104
11	12
0	2
1	2
13	0
2	0
5	0
4	1
2	1
32	17
2	17
1	2
10	245
3	245
2	25
269	45
1	8
15	43
3	6
7	0
13	8
1	0
5	2
0	9
1	3
4	2
2	7
0	6
1	17
3	0
12	5
4	0
6	4
1	0
33	20
3	2
1	2
0	2
0	1
6	0
0	9
1	17
0	1
5	0
0	4
1	0
3	0
33	93
13	93
0	35
134	2
12	1
2	2
3	0
0	235
0	3
0	150
1	140
23	3
0	124
4	103
0	209
0	4
0	4
3	7
5	1
76	904
150	904
2	5
3	1
9	9
67	19
5	22
26	0
2	0
0	0
1	0
20	0
8	3
33	0
5	0
14	0
5	1
3	0
2	2
1	1
5	0
3	1
4	2
1	22
0	1
105	23
1	1
25	37
0	153
4	84
12	311
5	1
0	309
119	317
2	6
6	164
2	1
0	31
0	22
0	52
23	116
12	169
5	73
27	169
0	40
3	6
16	0
48	0
44	0
94	0
2234	0
199	18
3312	17
7	528
59	287
228	998
384	7
2	6
10	470
0	8
10	28
0	27
16	0
2	0
11	0
1	0
6	0
2	0
71	33
5	33
19	0
34	0
4	12
5	30
3	10
3	2
5	22
0	11
6	1
3	7
2	13
12	14
3	1
4	3
0	69
37	0
1	31
3	72
2	2
1	9
1	9
13	7
19	7
3	1
25	42
45	52
392	15
11	12
16	0
4	1
1	0
0	2
1	127
29	23
1	121
2	50
11	60
8	119
8	54
1	52
2	62
0	119
3	135
6	24
13	64
0	71
0	33
10	125
22	155
0	132
10	68
0	65
9	0
2	0
8	0
1	0
2	0
1	0
3	0
1	0
5	0
7	0
3	0
2	2
3	0
208	0
7	210
0	380
0	386
0	358
0	352
452	1
0	679
0	710
0	441
0	681
0	708
0	759
0	761
186	0
0	53
480	222
25	169
6	3
307	8
1	3
16	8
3	5
0	53
1	43
0	11
2	23
2	17
0	31
1	24
181	0
5	4
0	24
3	27
1	20
8	35
0	10
0	25
0	16
11	4
0	5
36	8
3	4
12	4
0	7
0	6
11	0
15	0
40	0
1	2
2	0
3	2
1	0
15	895
5	6
1	8
18	895
11	156
0	2
1	2
34	1
10	77
0	351
0	224
33	0
1	227
2	3
0	1
2	0
0	191
0	179
0	635
0	297
0	614
0	112
0	632
0	182
0	611
1	119
0	194
0	123
342	133
9	133
6	100
133	97
2	100
3	0
4	0
3	0
2	0
82	0
2	4
3	4
0	149
0	32
0	29
0	152
5	7
1	11
0	353
0	362
0	338
0	370
0	330
2	3
2	9
2	4
6	6
4	3
0	43
13	0
1	10
0	6
8	11
1	6
11	111
62	114
3	139
3	139
0	111
0	12
14	22
0	0
6	3
23	10
1	46
19	0
29	0
6	0
7	0
37	3
9	0
3	0
1	0
0	0
0	0
8	0
1	0
11	4
5	0
3	0
0	0
2	0
5	0
171	0
622	0
1	103
4	148
1	148
60	0
1	1239
400	1239
10	619
0	631
1	342
209	6
1	6
814	33
0	33
203	6015
5	1067
17	6148
202	4439
28	1
12	0
23	0
3	0
1	0
0	0
4	0
2	20
5	24
0	26
1	31
150	31
0	375
0	245
0	330
0	227
0	324
0	361
0	355
0	373
2	38
2	33
10	0
6	28
3	7
2	6
3	3
7	37
2	0
0	0
4	2
3	11
3	9
125	42
22	0
1	3
20	31
6	1
5	8
1	0
0	0
0	13
2	2
0	1
8	3
1	5
0	5
21	0
3	0
0	0
0	0
0	0
0	0
39	96
38	114
221	978
6	0
4	0
20	153
4	2
1	0
56	978
40	211
1	1
43	0
36	8
4	1
0	1
2	106
1	138
2	472
2	3
8	1
0	267
5	117
7	2
21	7
0	490
0	565
0	1
8	1
0	1
1	137
2	1
17	1
0	327
1	51
5	6
8	550
1	7
6	4
5	98
69	7
16	107
11	102
1	6
33	96
7	14
48	145
55	25
33	128
5	0
8	0
2	0
0	65
1	2
0	54
0	67
0	58
0	56
0	56
0	4
26	0
16	0
2	28
78	21
76	97
0	75
0	3
5	3
18	0
21	0
21	16
10	16
0	712
0	762
5	40
1	695
0	186
0	39
0	171
4	2
6	2
2	255
2	761
0	56
0	0
49	0
24	0
2	0
2	0
3	0
0	27
51	27
3	2
25	3
4	8
2	8
6	1
5	128
7	128
6	4
7	2
1	0
2	593
1	5
0	1
21	1378
41	1125
405	6
64	898
10	191
2	7
5	1377
15	899
2	39
7	39
1	0
26	0
0	31
0	25
0	26
4	11
0	30
3	17
4	0
0	508
0	10
85	311
0	582
18	564
0	525
25	540
7	14
0	565
0	310
0	116
3	2
0	355
0	429
4	75
0	578
0	206
31	2
37	1
2	0
0	0
0	1
0	1
16	2
5	10
28	13
4	14
6	427
5	40
7	428
6	12
1	3
2	11
4	29
6	0
4	0
19	6
6	0
0	3
15	331
9	20
15	334
4	3
1	7
22	3
10	0
1	0
1	0
13	0
0	0
1	0
0	113
2	2
6	188
6	89
1	67
3	0
1	4
1	192
5	155
0	8
1	1
0	0
11	0
3	70
1	70
2	0
1	0
0	29
6	149
4	120
2	29
94	0
494	0
20	182
305	30
1	6590
35	5207
43	15
52	7993
0	5347
0	7192
0	1606
0	2246
0	6599
0	5477
12	6712
2	6385
3	14
0	2178
5	1844
16	0
17	0
4	0
1	0
2	0
6	0
33	0
1	0
2	0
280	0
1	151
29	38
194	126
534	0
0	1355
4	13
48	2923
8	3113
33	1332
0	5
11	5
12	34
0	34
0	5
2	5
1	6
5	6
599	0
112	2
133	3
127	39
35	39
63	6396
111	3373
58	4156
0	7129
0	4887
288	3
1	0
81	67
0	67
5	1
1	1
196	0
751	0
0	560
127	560
146	0
4	0
7	1635
6	1635
6	0
63	0
4	0
3	2
6	6
5	0
27	14
0	29
5	23
6	4
17	18
0	24
1	12
1	35
2	29
1	24
2	17
0	16
0	2
0	42
0	42
0	39
4	18
6	43
0	17
6	30
0	18
13	9
0	53
0	48
0	2
1	12
2	1
0	1
385	0
96	80
2	72
509	0
0	80
14	93
0	0
0	3
1	0
1	26
0	92
22	435
20	3
8	153
0	24
626	437
2	3
26	0
60	0
130	0
2	0
98	0
10	0
0	223
70	0
19	223
6	0
5	0
201	0
16	0
0	6
17	6
9	48
0	3
4	39
0	12
5	27
69	12
0	10
3	9
47	0
4	1
0	0
8	1
7	8
21	12
19	8
2	17
3	2
7	3
1	2
0	39
4	2
0	2
2	23
3	1
5	3
7	8
1	39
11	0
20	0
4	0
20	0
2	7
0	7
4	6
5	12
0	2
2	8
0	3
4	0
3	5
13	13
3	2
11	0
6	1
0	1
75	60
0	0
81	57
20	4
6	4
4	5
3	2
0	3
0	0
15	23
0	23
0	7
40	8
46	196
10	196
0	11
22	542
2	542
5	5
7	5
6	0
0	6
70	146
92	146
0	1
5	0
35	0
51	43
3	42
13	2
24	4
1	22
14	22
4	0
6	0
0	0
1	1
8	301
64	420
10	0
53	453
4	15
3	0
2	0
5	0
6	0
7	0
0	3
2	2
15	6
0	7
4	6
5	14
0	5
11	8
2	13
2	3
1	0
3	2
2	1
9	20
1	3
2	7
0	0
1	17
0	1
0	4
6	4
0	0
0	6
2	0
45	0
30	7
43	17
0	17
0	0
3	0
2	0
1	173
1	8
53	181
0	318
0	316
0	150
0	150
0	152
0	316
0	152
0	318
20	2021
0	1651
0	1599
1206	2022
0	1001
0	1597
4	356
12	1638
1	2
0	897
0	1688
35	0
128	0
5	0
6	3
25	2
9	0
24	0
11	4
1	4
79	25
7	20
614	89
42	24
1145	89
127	8
27	545
0	411
54	424
92	408
4	6
97	727
24	573
10	476
7	156
90	363
1	0
10	0
5	3
18	0
1	0
1	0
1914	0
0	87
5	0
4	2
0	2
10	2
1	4
0	0
0	1
43	11
17	4
1	0
14	11
140	88
2	1
0	0
0	3
0	3
0	3
0	3
0	3
0	3
1	0
1	0
13	0
1	0
1	0
1	0
18	1
107	0
27	4
2	3
20	20
37	21
22	170
3	41
7	168
19	0
2	0
6	0
2	0
12	0
34	0
1	45
23	45
220	0
17	0
377	42
0	16
2	0
9	0
0	2299
0	1475
67	22
0	497
0	2301
4	97
4	461
0	57
0	1473
17	141
0	59
1	2300
0	38
0	38
5	0
5	0
1	0
0	0
1	0
2	0
24	0
1	0
1	0
0	178
4	178
53	0
43	0
7	7
2	7
0	8
2	4
2	4
1	5
0	4
0	4
0	28
0	28
1	19
0	3
1	19
0	579
0	603
0	777
0	355
0	573
0	390
0	773
0	594
0	788
0	691
0	779
0	588
0	783
0	361
0	711
0	643
0	808
0	396
0	649
0	797
0	475
0	396
0	320
0	390
0	803
0	577
0	559
0	849
0	675
0	583
0	326
0	843
0	608
0	350
0	425
0	553
0	257
0	614
0	344
0	431
0	655
0	355
0	491
0	814
0	629
0	794
0	293
0	361
0	511
0	759
0	829
0	385
0	823
0	379
0	623
0	597
0	753
9	113
1	2134
3	7609
4384	7613
9	6779
355	0
195	0
10	0
5	0
46	0
11	0
3	0
10	0
2	0
1	0
0	5
17	5
2	25
0	25
7	78
4	236
0	240
2	107
0	230
0	78
1	107
0	231
2	0
7	0
6	17
1	21
0	2
24	18
0	19
0	1
3	0
16	856
2	70
15	44
1	878
12	880
35	857
28	76
8	0
4	0
3	0
0	19
32	1
6	29
0	1
0	0
91	0
0	12
0	0
6	19
0	0
26	19
0	0
0	19
0	29
0	0
0	0
0	0
0	2
0	80
0	2
0	1
94	65
39	80
15	10
16	48
0	16
62	16
44	4
10	0
1	1
6	0
0	65
103	65
7	8
4	8
4	0
161	278
259	270
2316	183
128	183
10	0
4	0
13	7
1	7
0	0
2	143
4	336
15	336
4	143
0	457
0	396
0	242
0	451
0	303
0	390
1	7
0	3
2	209
2	316
5	309
11	5
17	8
25	4
6	6
2	2
0	5
4	10
5	4
0	4
16	6
3	0
0	2
3	0
1	6
0	6
12	0
5	0
26	0
0	5
62	0
11	114
90	1088
46	311
93	1100
17	0
2	4
1	4
1	4
3	7
1	3
1	4
15	1
1	1
6	1
1	1
0	5
0	1
3	7
5	5
1	22
1	21
0	6
0	5
1	5
0	5
15	0
10	8
7	6
0	3
4	4
14	3
0	8
0	5
2	3
0	3768
12	2880
0	3612
2	985
39	3382
0	4
11	0
18	0
5	0
3	0
19	20
6	98
3	7
243	52
115	26
36	68
68	11
0	1
7	13
1	9
3	10
11	4
7	28
4	95
23	4
5	0
9	5
3	3
14	28
8	2
104	8
1	0
10	2
6	3
21	6
10	0
395	0
6	9
10	9
28	112
0	112
8	0
4	0
0	0
0	1
0	1
0	139
6	144
0	142
0	33
0	322
0	345
0	106
0	107
44	118
7	33
5	116
0	129
14	50
22	213
0	295
14	118
0	59
7	2
2	8
4	9
0	6
6	5
2	5
0	3
53	0
1	4
3	7
8	12
1	7
1	2
2	4
3	8
22	12
429	1
4	4
5	1
5	0
10	1
0	0
2	4
2	4
22	0
5	0
16	0
2	0
0	0
0	0
1	0
2	0
1	0
2	1
3	0
0	0
9	61
4	2
1	35
0	26
5	2
1	1
3	43
6	59
0	2
0	1
0	1
1	1
4	47
1	45
40	2
15	16
0	1
8	58
6	1
0	2
0	42
2	0
0	1744
0	2842
0	2398
0	2501
0	2234
0	2582
0	1084
0	2493
0	1141
39	2
0	2564
4	329
0	1535
0	1587
0	2753
44	1694
0	2596
0	2685
0	2188
0	2636
0	2291
0	1517
0	2739
0	2650
0	2479
0	2582
72	47
0	3692
2	3693
1	0
0	37
4	37
5	0
4	0
2	8
44	8
65	0
11	0
3	137
40	505
0	65
73	541
0	28
445	84
0	47
0	12
0	8
12	6
22	76
0	72
0	18
1	4
0	93
1	5
0	52
77	149
0	14
4	11
0	39
3	7
3	113
23	17
2	85
0	11
33	0
10	0
3	0
2	0
2	0
4	0
8	3
18	3
0	3
1	3
2	0
5	1
7	0
2	0
0	0
10	0
4	0
4	0
5	0
15	0
0	0
0	0
2	0
0	0
3	0
1	0
4	0
0	0
2	0
2	0
5	0
0	0
1	0
0	0
3	0
0	1
5	1
0	0
2	0
3	0
2	0
6	0
2061	171
379	171
1	0
3	0
4	0
2	1
1	0
7	0
1	0
4	0
2	0
1	0
2	0
9	0
1	0
3	0
496	0
1	0
0	0
0	0
5	161
2	161
4	0
4	0
88	0
0	54
0	51
0	65
0	62
57	3
16	0
0	2
4	2
17	1
0	1
20	0
3	13
2	13
2	23
5	23
34	0
0	0
21	0
2	0
8	0
3	0
41	1
9	7
1	7
9	0
6	0
2	3
17	3
1	16
4	9
24	9
11	4
0	4
18	0
6	0
3	0
49	0
0	10
19	10
28	0
3	0
3	7
2	7
0	0
0	0
1	0
2	0
9	0
17	326
5	97
1	326
0	0
3	0
0	0
3	0
2	0
6	0
19	0
23	0
0	22
0	22
0	33
3	33
208	11
0	11
44	42
185	42
1	0
20	0
2	0
306	12
3	12
2	0
112	95
6	95
0	0
1	0
1	0
14	0
5	0
10	0
7	0
61	0
166	1
0	1
1	0
96	0
109	429
0	429
7	6
5	8
48	14
2	7
119	0
1	11
4	6
8	11
4	0
2	0
0	0
832	0
9	29
1	29
3	23
21	0
7	21
1	21
44	0
2	9
5	0
1	26
865	26
0	0
123	78
0	78
8	87
0	87
545	0
3	0
65	0
29	0
33	0
1	0
34	0
0	1
0	1
5	0
5	0
5	0
169	0
8	0
13	0
2	0
7	0
3	0
0	0
3	0
0	0
0	14
8	14
2	52
4	52
17	0
1	0
3	0
6	0
8	0
142	124
0	124
218	0
6	0
2	0
2	2
3	534
18	473
6	167
183	0
10	0
5	0
21	0
24	0
8	0
41	0
7	0
5	19
1	19
1	0
54	0
5	0
6	0
335	69
8	69
106	0
24	0
21	0
11	0
14	0
3	15
39	16
0	16
90	1
5	6
1	7
4	0
5	0
1	10
4	10
13	10
5	10
7	0
23	0
5	28
0	28
4	0
14	0
2	10
2	10
3	0
0	2
23	0
0	2
11	0
2	0
0	51
8	51
4	0
31	0
60	1
2	1
42	1
326	0
3	0
0	0
1	0
9	0
7	0
18	0
5	0
10	0
3	3
0	3
10	0
2	12
0	12
0	2
28	2
4	0
0	0
2	18
0	17
4	3
0	1
0	28
7	28
39	86
0	86
4	7
6	7
459	0
3	0
154	0
1	12
8	0
4	12
3	0
1	0
0	0
2	0
292	0
11	10
0	68
2	137
1	49
20	137
6	0
318	0
35	0
6	0
2	3
2	3
189	0
0	0
0	0
0	82
4	92
0	117
0	165
3792	0
3	0
4	1
2	1
221	0
108	0
2	245
259	1
67	246
2	1
0	0
4	4
7	141
294	141
1	18
1	18
0	48
0	48
0	43
0	43
91	0
1	0
0	108
0	163
6	151
1	0
5	0
5	0
2	0
0	0
0	5
2	6
3	0
8	2
3	2
14	72
4	72
22	0
7	0
145	0
208	0
0	20
0	17
0	67
1	64
4	26
4	0
1	0
639	71
0	71
199	3
2	3
289	9
2	9
72	33
3	3
1	30
0	83
51	83
0	47
74	0
33	0
14	0
10	1
0	1
0	0
0	0
0	0
950	0
4	0
7	0
134	0
186	0
27	0
230	0
0	3
3	3
0	303
13	303
0	3
72	3
44	3
68	0
14	0
0	0
416	0
338	0
2	0
83	0
2	7
0	16
2	16
32	7
75	0
0	47
2	33
0	44
0	0
0	63
0	54
0	60
0	64
0	58
0	67
30	3
32	3
0	3
2	1
5	33
0	140
3	190
4	99
0	164
1	168
3	1
48	58
3	58
1	0
15	64
0	64
20	0
5	1
16	1
40	4
0	4
72	4
1	0
3	68
1	229
557	229
34	109
13	10
2	10
0	114
3	101
7	96
1	0
5	0
231	0
0	0
0	0
213	0
2	0
4	218
2	65
1	4
1	162
0	339
1	144
16	357
6	0
0	0
34	0
1	2
12	2
26	11
4	4
41	10
83	0
1	3
2	81
33	84
0	2
3	0
112	2
186	21
10	21
10	0
60	0
10	83
24	83
0	20
6	0
0	0
114	0
68	0
1	126
1	141
2	141
11	130
10	1
0	0
7	1
2	79
8	102
271	102
0	0
17	278
0	37
3	37
2	278
47	168
0	168
2	0
152	2
0	2
2	128
6	128
0	69
4	48
3	43
2	51
2	8
115	67
7	67
6	0
8	0
1	28
274	28
0	28
7	16
131	42
18	28
7	1
3	0
121	0
5	0
19	0
0	424
0	226
0	424
0	226
5	0
0	3
0	1062
4	995
0	1000
2	222
0	658
0	427
0	489
13	117
2	128
27	128
546	0
1	48
5	48
38	0
85	0
4	0
6	0
4	13
2	13
54	0
2	54
34	54
78	0
3	0
9	0
0	1
3	23
0	197
0	189
0	216
5	224
2	0
1	333
16	372
0	319
2	280
2	61
19	75
15	69
2	55
21	2
0	503
0	510
0	524
0	517
128	58
6	58
9	37
5	0
6	0
71	0
60	88
10	48
1	8
0	40
25	21
0	15
7	12
0	3
0	3
0	3
5	73
11	73
3	0
2	0
1	0
6	0
4	0
20	4
5	4
0	0
9	6
4	8
2	0
124	0
12	174
0	174
147	178
1	178
1	390
3	313
5	360
0	439
3	9
4	18
2	11
0	11
3	1
0	3
8	0
1	0
1	0
0	10
0	10
143	90
7	109
3	251
58	293
8	264
0	90
5	29
5	0
0	482
0	627
0	639
0	648
0	618
0	461
56	6
1	6
4	0
1	0
1	0
2	0
2	0
2	0
9	0
5	0
2	0
3	0
0	0
0	0
4	0
9	0
4	0
5	0
3	0
1	4
0	4
7	0
3	0
0	0
1	0
3	0
6	0
2	6
1	6
3	0
1	0
4	0
5	0
3	2
0	0
1	0
3	0
0	0
5	0
2	0
1	0
1	0
3	0
2	0
4	0
10	0
1	0
3	0
1	0
1	0
7	0
9	0
3	0
1	0
2	0
1	0
6	0
2	0
3	0
8	0
2	0
1	0
2	0
1	0
5	0
2	0
4	0
0	0
3	0
2	0
5	0
4	1
2	0
3	0
7	0
3	0
4	0
3	0
3	0
3	0
1	1
0	1
1	0
6	0
1	0
3	0
4	0
2	0
2	0
3	0
14	0
1	0
10	0
11	2
1	0
4	0
0	0
2	0
5	0
1	0
3	0
1	0
6	0
2	0
3	0
3	0
0	2
1	0
5	1
6	0
4	0
6	0
5	0
9	1
0	0
1	0
5	0
2	0
1	0
3	0
5	0
4	0
1	0
2	0
6	0
2	0
2	0
1	0
3	0
2	0
3	0
2	0
7	0
2	0
13	0
3	0
4	0
2	0
8	0
2	0
8	0
7	0
0	32
0	9
9	34
137	0
7	0
21	0
77	0
2	0
4	0
22	0
9	0
2	0
4	0
6	0
5	0
4	0
0	0
1	0
0	0
3	0
6	0
13	0
13	0
14	0
0	0
4	0
26	0
16	0
54	0
1	0
4	0
4	94
2	94
15	0
4	0
2	0
3	0
7	0
0	2
3	2
4	0
1	0
5	0
0	3
3	3
6	0
1	0
4	0
3	0
2	0
24	0
5	0
2	0
0	0
0	0
1	0
3	0
15	0
1	0
0	0
6	122
22	122
3	0
0	0
2	0
0	0
0	0
1	0
42	0
11	0
7	0
12	0
1	0
3	0
3	0
1	0
5412	3
0	0
3	0
12	0
4	0
2	0
4	0
1	0
9	0
2	0
11	0
7	1
7	0
2	0
3	0
2	0
3	0
6	0
5	0
5	0
7	0
6	0
7	0
5	0
6	0
9	0
6	0
2	0
0	0
1	0
3	0
1	0
0	0
4	0
1	0
2	0
1	0
0	0
2	0
2	1
9	0
14	3
1	0
4	0
1	0
3	0
3	0
1	0
2	0
4	0
1	0
5	0
3	0
0	0
8	0
3	0
3	0
4	0
3	0
5	0
2	0
3	0
7	0
2	0
3	1
1	1
6	0
2	0
0	0
2	0
25	0
2	0
8	0
5	0
0	0
0	0
17	0
5	0
7	0
0	0
5	0
9	0
2	0
2	0
12	0
1	0
2	0
6	0
63	0
0	0
3	0
5	0
1	2
3	0
7	0
13	0
4	0
0	0
1	0
4	1
3	0
2	0
1	0
2	0
3	0
6	0
1	0
3	0
10	0
6	0
3	0
3	2
3	0
3	0
8	0
2	0
1	0
3	0
3	0
1	0
1	0
3	0
3	0
4	0
2	0
1	0
3	0
8	0
8	0
0	0
2	0
8	0
1	0
0	0
1	0
9	0
2	0
5	0
2	0
0	0
0	0
8	0
0	1
1	11
2	0
7	1
0	4
7	4
5	0
4	0
6	2
3	0
4	0
9	0
4	0
5	0
2	0
2	0
4	0
4	0
1	0
1	0
2	0
2	0
7	0
3	2
3	0
4	0
8	0
0	10
6	10
2	0
0	0
4	0
3	0
1	0
4	0
3	0
9	0
3	0
1	0
5	1
7	0
3	0
3	0
0	0
5	0
2	0
0	0
1	0
2	0
4	0
4	0
1	0
5	0
1	0
2	0
0	0
6	0
4	0
4	0
2	0
2	0
4	0
5	0
3	0
1	0
1	0
7	0
3	0
0	0
0	0
0	0
0	0
2	0
1	0
0	2
0	2
47	0
2	0
8	0
0	0
1	0
3	0
9	0
2	0
1	0
8	0
3	0
3	0
1	0
0	16
1	16
3	11
0	14
0	3
2	39
0	39
1	18
11	18
19	0
6	0
2	0
1	0
2	0
3	0
1	0
6	7
3	13
3	3
0	10
4	0
19	0
8	0
0	2
5	2
12	0
1	0
3	0
8	0
4	0
0	0
1	0
2	0
11	0
14	0
2	0
0	2
1	2
0	0
1	0
7	0
3	0
4	0
2	0
15	0
5	0
3	0
8	0
9	0
1	3
0	3
1	3
8	3
0	0
3	0
9	0
0	0
3	0
0	0
2	0
8	0
0	0
12	0
4	0
7	0
7	0
0	0
10	0
5	0
12	0
5	0
13	0
3	0
0	0
3	0
3	0
5	0
0	0
2	0
2	4
3	4
0	1
0	1
1	0
2	0
0	0
8	5
2	0
82	0
72	0
2	0
16	0
4	0
7	0
5	0
1	0
11	0
5	0
3	0
6	0
5	0
9	0
2	0
1	0
0	0
5	0
5	0
2	0
10	0
2	2
0	2
15	0
10	0
5	0
2	0
0	0
1	0
2	0
3	0
3	0
1	0
3	0
0	0
1	0
1	0
2	1
4	0
0	0
0	0
14	1
1	1
10	0
0	0
5	0
0	0
4	0
1	0
1	0
0	0
14	0
1	0
4	0
4	0
4	0
2	0
6	0
2	0
4	0
1	0
0	0
4	0
2	0
5	0
3	0
10	0
3	0
4	0
2	0
7	0
1	0
3	0
2	0
1	1
4	0
2	0
3	0
2	0
0	0
3	0
3	0
0	0
1	0
4	0
3	0
17	0
3	0
2	0
3	2
1	0
1	0
3	0
2	0
1	0
1	0
2	1
2	0
8	0
0	0
4	0
8	0
3	0
2	0
1	0
3	0
1	0
2	0
3	0
5	0
2	0
1	0
1	0
4	0
2	0
3	0
3	0
1	0
3	4
0	0
2	0
10	0
3	0
1	0
2	0
2	0
0	0
0	0
1	0
3	0
2	0
3	0
3	0
2	0
8	0
2	0
1	0
3	0
1	0
7	0
3	0
0	0
4	1
3	0
2	0
1	0
2	0
4	0
2	0
3	0
3	0
2	0
1	0
4	0
2	0
4	0
2	0
2	0
3	0
4	0
2	0
2	0
3	0
4	0
2	0
6	0
0	0
3	0
0	1
0	1
3	0
3	0
1	0
1	0
1	0
3	0
1	0
4	0
1	0
0	0
2	0
1	0
3	0
2	0
3	0
4	0
6	0
2	0
4	0
5	0
1	0
1	0
3	0
9	0
1	0
3	0
5	0
3	0
2	0
4	0
1	0
1	0
4	0
3	0
1	0
2	0
1	0
1	0
3	0
5	0
3	0
2	0
2	0
0	0
4	0
1	0
3	0
2	0
2	0
1	0
7	0
2	0
2	0
1	0
3	0
4	0
3	0
4	0
0	0
6	0
4	0
2	0
2	0
27	0
4	0
4	0
0	0
5	0
3	0
1	0
7	0
1	0
3	0
4	0
4	0
3	0
1	0
5	0
7	0
0	0
2	0
4	0
5	0
145	0
1	0
4	0
2	88
6	88
7	0
2	0
3	0
6	0
11	0
3	0
1	0
9	0
1	0
17	0
12	0
11	0
1	0
4	0
1	0
1	0
8	0
5	0
3	0
3	0
1	1
0	0
11	0
0	0
1	0
2	0
0	0
24	1
0	1
6	0
1	0
3	0
4	0
3	0
2	0
3	0
1	0
4	0
4	0
8	0
3	0
1	0
4	0
3	0
6	0
0	0
3	0
24	0
10	0
0	0
8	0
5	0
5	0
2	0
3	0
14	5
49	0
0	0
0	0
0	0
6	0
1	0
2	8
5	8
0	0
1	34
2	34
21	0
0	0
0	0
6	0
11	3
0	3
3	124
15	124
0	15
14	15
8	0
21	0
0	5
0	5
12	0
32	0
7	0
11	0
5	0
1	0
0	0
1	0
2	0
3	0
6	0
20	0
12	0
5	0
9	0
3	0
3	50
0	92
12	99
0	0
6	0
6	0
2	5
26	5
5	0
17	0
10	0
3	0
2	0
5	0
5	0
0	0
7	0
3	0
4	0
1	0
8	0
8	0
0	0
2	1
4	1
0	2
2	2
0	0
0	0
1	0
6	0
10	0
8	0
5	0
1	0
6	0
3	0
29	77
0	77
2	0
1	0
20	0
6	0
3	0
1	0
0	0
4	0
3	0
1	0
2	0
81	0
0	0
1	6
1	6
16	0
3	0
0	0
7	0
1	0
1	0
2	1
1	1
2	0
1	0
3	0
1	0
1	0
0	0
14	0
19	0
5	0
1	0
0	2
2	2
4	0
2	0
0	0
170	0
4	0
1	0
5	0
5	0
2	0
3	0
3	0
2	0
0	1
1	1
38	0
4	0
6	0
5	0
1	0
2	0
1	0
1	0
5	0
1	0
0	1
5	1
2	20
7	20
6	0
0	0
0	0
5	0
4	4
4	4
1	0
5	0
6	0
7	80
1	80
4	0
6	0
1	0
0	0
5	0
9	1
3	3
2	0
0	89457
0	89457
3	89457
0	89457
0	89457
0	89457
39420	8
2	0
6	0
3	0
11	0
5	0
0	5
69	5
25	0
5	0
0	0
3	0
1	0
4	1
5	0
1	5
1	5
4	0
5	0
2	2
1	2
2	0
4	0
6	2
2	0
1	0
1	6
4	6
5	0
6	0
0	0
4	0
9	0
1	0
1	0
4	1
0	1
5	0
41	0
7	0
8	0
14	0
3	0
5	0
5	0
6	0
189	0
8	0
3	0
4	0
0	0
6	0
6	0
1	0
3	0
0	0
1	0
5	0
19	0
4	0
3	0
2	0
2	0
4	0
10	0
3	0
3	0
1	0
5	18
0	18
0	0
22	0
0	0
0	0
1	0
16	0
7	0
5	0
3	0
8	0
3	0
3	0
3	0
3	0
4	0
7	0
3	0
23	0
0	0
2	0
7	7
0	7
14	0
6	0
15	0
0	0
5	0
14	0
13	0
9	0
11	0
9	0
2	0
3	0
3	1
1	0
1	0
3	0
1	0
0	0
4	0
1	0
3	0
0	0
5	0
1	0
3	0
6	0
2	0
1	0
0	0
3	0
3	0
8	0
5	0
0	0
9	11
0	11
9	0
7	0
0	0
0	0
0	0
3	0
3	0
2	0
2	0
12	0
6	0
6	0
3	0
1	0
1	0
2	0
3	0
52	0
2	0
1	0
2	1
14	0
2	0
4	0
2	0
1	0
18	0
2	0
1	0
5	0
0	0
9	0
9	0
3	0
5	0
3	0
6	0
3	0
4	0
5	0
3	0
8	0
12	0
2	0
4	0
13	0
5	0
10	0
22	1
4	0
0	0
1	0
4	0
2	0
3	0
2	0
3	0
83	0
4	0
2	0
1	0
5	0
5	0
1	0
1	0
0	1
2	0
5	0
1	0
3	0
0	0
6	0
2	0
3	0
3	0
3	0
3	0
2	1
4	0
9	0
1	0
7	3
4	0
0	0
2	0
0	23
4	17
4	8
1	2
2	0
2	2
0	2
1	0
5	0
3	0
4	0
15	0
9	0
1	0
3	0
24	0
4	0
3	0
7	0
3	0
1	0
0	1
1	1
16	0
3	0
7	0
2	0
8	0
3	0
2	0
3	0
6	0
2	0
6	0
1	0
4	0
5	0
1	0
1	0
5	0
6	0
3	0
5	0
1	0
0	0
2	0
3	0
3	0
3	0
2	0
2	0
2	0
2	0
2	0
1	0
0	0
0	0
1	0
0	0
1	0
2	0
0	0
3	0
4	0
0	0
2	0
2	0
2	0
5	0
1	0
2	0
2	0
2	0
0	6
0	0
3	0
2	0
3	0
6	0
3	0
3	0
2	0
2	0
0	0
2	0
2	0
0	0
4	0
4	0
1	0
2	0
0	0
2	0
1	0
2	1
0	1
0	0
0	0
0	0
1	0
1	0
1	0
5	0
2	0
3	5
2	0
3	0
7	0
3	0
2	0
3	0
1	0
2	0
4	0
1	0
0	0
1	0
0	0
2	0
3	0
1	0
3	0
0	0
3	5
3	0
1	0
3	0
0	0
2	0
2	0
3	0
3	0
1	0
3	4
3	0
0	0
3	0
3	0
3	0
5	0
3	0
3	0
3	0
0	4
1	4
0	34
23	34
0	0
4	0
9	0
3	0
25	0
2	0
1	0
6	0
6	0
1	0
3	0
7	0
5	0
22	0
3	0
0	0
2	228
21	228
136	0
35	1
0	0
2	0
8	0
3	0
4	0
12	0
1	0
11	0
4	0
0	0
1	0
0	0
4	0
0	0
4	0
0	0
7	0
2	0
1	0
4	0
2	0
3	0
2	0
6	1
8	1
0	8
5	8
9	0
3	0
17	8
4	8
4	0
7	0
2	7
110	7
4	0
6	2
2	0
19	0
9	0
3	0
10	0
5	0
3	0
0	0
1	0
3	0
6	0
5	0
10	0
4	0
9	0
10	0
5	0
0	0
257	0
1	0
0	0
4	0
4	0
8	0
7	0
2	0
5	0
5	0
4	0
6	0
1	0
18	0
2	4
0	3
7	0
8	0
4	0
0	0
5	0
3	0
7	0
5	0
5	0
2	0
2	0
4	0
1	0
1	0
3	0
2	1
1	1
14	0
3	0
4	0
0	0
50	0
14	0
9	0
0	0
3	0
5	0
7	0
1	0
0	0
14	0
3	0
5	0
2	0
16	1
8	0
3	0
2	0
4	4
4	4
3	0
3	0
4	0
0	0
7	0
9	0
1	0
0	0
3	0
4	0
5	0
9	0
7	0
2	0
2	0
4	0
4	0
2	5
2	5
15	0
4	0
2	0
34	14
4	0
1	0
5	0
4	0
1	0
0	0
0	0
2	0
3	0
1	0
2	0
0	0
0	0
2	0
6	0
1	0
2	0
3	0
1	0
1	0
2	0
1	0
0	1
0	1
1	0
2	0
0	0
5	0
4	0
2	0
2	0
2	0
2	0
3	0
2	0
2	0
2	0
1	0
1	0
2	0
1	0
1	0
2	0
7	0
1	0
3	0
2	0
1	2
6	0
3	0
2	0
0	0
4	0
4	0
4	0
0	0
4	0
3	0
3	0
1	0
1	0
1	0
1	0
2	0
2	0
5	0
4	0
7	0
7	0
2	0
5	0
4	0
4	0
1	0
4	0
2	0
0	1
2	0
1	0
1	0
1	0
1	0
3	0
3	0
1	0
3	0
2	0
2	0
2	0
3	0
2	0
9	0
2	0
4	0
1	0
2	0
4	0
3	0
1	0
1	0
2	0
3	0
2	0
1	0
5	0
3	0
2	0
4	0
0	0
3	0
3	0
3	0
2	0
1	0
4	0
1	0
4	0
3	0
0	0
2	0
2	0
4	0
1	0
4	0
2	0
0	0
2	0
3	2
5	0
2	0
4	0
0	0
1	0
3	0
2	0
2	0
2	0
3	0
4	0
1	0
1	0
1	0
0	0
3	0
3	0
1	0
2	0
3	0
2	0
3	0
1	0
3	0
0	0
4	0
0	0
1	0
6	0
2	0
2	0
3	0
2	0
3	0
1	0
2	0
0	0
2	0
4	0
1	0
2	0
0	0
1	0
0	0
4	0
3	0
6	0
3	0
2	0
1	0
1	0
1	0
1	0
2	0
5	0
2	0
8	0
7	0
3	0
2	0
1	189
0	635
10	0
0	263
0	654
0	637
0	663
6	237
0	646
0	642
0	266
0	651
0	618
0	634
2	0
2	0
1	0
5	18
10	18
36	103
1	19
0	84
5	234
12	1346
9	1809
0	454
0	1975
0	14
5	222
2	224
0	707
0	1033
0	2
1	658
0	796
2	314
0	2867
99	2864
5	1
23	0
1	0
8	0
0	0
1	0
23	28
0	28
14	72
12	23
27	72
0	1
11	4
3	4
20	0
0	0
23	0
0	0
3	0
1	0
1	0
130	0
126	0
0	41
1017	5
33	2
3	3
0	41
6	0
2	0
2	266
684	266
1	0
0	70
437	70
0	11
162	0
13	0
0	0
2	106
370	106
1	30
197	30
13	3
0	1
118	3
3	44
22	44
0	310
0	386
3	4
0	298
65	516
0	398
222	719
13	803
2	3
0	946
0	934
2	72
48	52
1	209
11	209
0	42
0	1
7	1
1	0
3	0
0	0
41	0
6	63
0	63
2	0
0	1
174	3
2	0
4	1
608	1
383	0
1	202
44	392
0	10
0	190
190	1
1	14
282	349
0	122
237	370
0	1
4	1
2	0
16	3
4	7
0	0
3	0
7	0
50	465
3	5
4	461
23	0
0	1489
52	1929
0	1911
0	1390
12	0
19	0
16	0
4	0
23	2
2	1
2	3
7	1
1	0
4	0
1	4
0	1
0	3
1	0
0	32
0	2
27	15
0	2
23	4
3	0
131	20
0	4
0	4
0	0
0	3
0	10
0	10
1	1
0	1
0	1
0	1
0	1
0	1
0	33
0	3
6	20
14	15
1	0
17	1
49	0
0	0
1	0
22	0
27	0
0	76
372	76
3	10
0	76
22	127
0	51
0	53
27	53
282	246
0	37
1	20
10	389
0	201
0	14
0	0
29	212
10	379
6	19
61	2
0	2
43	0
3	0
0	0
1	0
0	6
282	6
410	0
7	0
1	0
2580	49
0	49
3	2
0	2
7	0
2	0
0	117
0	1
0	96
0	93
0	4
0	72
3	0
13	2
5	3
0	3
9	0
1	6
3	6
1	0
5	0
27	0
41	69
0	69
517	0
37	0
9	1
0	158
4	159
119	0
47	4
2	4
0	435
0	723
0	416
0	720
0	776
0	733
0	752
0	735
0	326
0	755
0	757
0	754
0	323
0	742
0	774
0	394
0	345
0	413
5	0
109	0
0	639
2	194
0	586
14	551
0	659
0	675
0	545
1	194
3	11
1	0
4	1
2	0
1	4
0	4
3	2
110	2
161	6
102	0
0	13
0	14
0	12
0	13
92	70
6	531
37	531
9	446
1	448
0	418
5	237
265	58
4	0
6	574
111	632
0	462
0	695
0	656
0	423
1	165
2	201
11	118
0	251
28	187
7	80
10	187
7	0
1	0
8	0
6	0
7	0
6	77
0	77
20	143
34	498
0	143
69	498
0	375
7	81
79	192
26	192
16	183
3	1
2	434
107	434
543	376
7	1
0	375
0	0
1	393
146	812
0	697
66	377
10	812
75	812
3	95
7	384
3	0
0	129
1	161
0	287
1	121
0	134
0	134
0	157
16	160
0	284
2	0
9	0
2	0
2690	3466
2	3463
0	429
0	7
0	439
0	219
0	209
218	111
677	111
919	0
78	1316
376	1316
21	1
37	0
21	0
3	0
0	0
0	0
3	15
1	15
2	8
13	8
1	396
0	878
0	311
0	877
0	310
9	0
2	0
3	0
7	17
1	17
8	0
199	0
13	7
21	0
13	80
6	80
0	13
2	11
8	0
573	601
32	601
0	5
68	59
0	855
0	660
0	949
0	679
0	840
0	930
0	921
0	754
2	707
0	940
0	574
0	836
0	863
0	593
0	821
9	19
3	19
1	13
3	0
29	129
4	5
28	128
11	173
34	315
1	40
5	142
5	16
33	17
1	0
1	0
5	0
0	0
45	262
32	262
12	54
0	54
133	0
0	0
0	203
30	665
8	665
16	643
127	708
211	615
5	99
3	99
6	49
3	8
1	89
4	53
18	74
20	89
2	0
8	0
4	0
3	0
1	0
4	0
0	43
16	43
5	0
1619	0
4	3
0	1
1	1
16	1
4	1
8	5
0	4
35	4
8	78
157	78
2	4
58	95
40	226
10	131
20	858
96	857
405	0
1	0
8	0
4	0
4	0
0	0
2	3
3	0
1	31
307	31
2	0
0	6
1	3
2	392
1	14
13	51
127	390
0	197
2	5
4	5
2	5
0	412
0	741
0	70
0	344
0	67
0	760
0	699
0	51
0	325
0	721
0	763
0	366
0	305
0	347
0	782
2	0
0	0
26	145
0	145
8	128
0	125
22	1
0	91
8	72
291	289
5	71
8	0
523	0
8	30
179	30
15	516
2	516
0	50
47	0
114	0
82	50
0	105
13	93
16	0
1	14
58	14
12	1287
10	1287
1	342
9	342
886	0
472	0
0	347
0	347
1	37
0	380
0	380
3	68
77	68
17	253
10	253
2	20
8	0
9	0
1	0
75	0
33	0
6	459
28	459
8	139
2	133
2	31
0	56
0	399
0	34
0	187
0	159
0	9
0	246
0	0
1	1
344	1
6	0
3	0
0	0
0	0
45	0
13	519
0	519
7	417
11	6
5	63
0	18
12	36
0	99
0	80
0	37
0	0
50	104
8	104
0	237
0	611
0	262
0	241
0	615
21	344
0	258
0	1
0	28
0	31
1	1
0	27
2	1
0	89
6	51
4	0
0	85
5	2
112	0
0	25
0	25
7	0
73	0
2	0
0	0
3	0
0	0
2	12
105	12
2	1
1	1
7	0
10	1
1	4
2	4
5	14
7	13
2	7
35	473
15	473
102	0
8	986
1023	1449
18	1449
7	0
2	74
1	0
0	74
0	356
1	184
0	371
0	495
3	8
0	510
0	0
372	0
199	0
0	356
8	317
1	340
75	0
9	0
4	0
6	0
8	114
4	114
182	1
1	16
31	160
8	144
1	1446
91	629
182	2154
1	770
42	440
19	441
143	4
9	0
4	0
96	0
64	0
0	127
0	89
1	179
0	185
0	58
0	146
0	8
0	60
0	151
0	167
0	37
0	38
15	12
0	17
0	130
36	0
5	3
0	3
3	3
3	9
4	9
1	19
11	19
8	0
8	31
31	22
15	282
7	82
10	292
0	21
14	12
11	3
89	10
1	1
5	21
1	32
7	34
6	1
158	58
23	23
2	42
1	4
1	12
6	77
8	78
0	11
0	20
2	16
0	45
1	36
0	3
0	8
1	54
4	22
2	24
0	45
4	12
3	9
6	18
2	14
3	0
1	0
2	0
8	30
0	30
1	2
30	2
0	7
2	7
0	36
52	36
13	34
25	34
43	0
39	9
0	8
1	0
1	1
1	1
13	2
2	0
0	58
0	59
21	131
223	135
3	95
7	88
3	106
11	123
2	39
1	43
2	2
6	3
3	3
1	8
2	6
7	3
15	1563
23	143
2	143
248	1578
2	15
221	0
10	0
3	0
2	0
13	0
6	0
0	0
15	0
100	188
2	6
11	188
69	0
34	0
0	2
1	444
0	200
104	507
0	137
6	73
495	5
0	5
56	0
0	581
0	518
0	574
0	625
0	681
0	688
53	149
61	146
126	0
4	0
11	0
2	0
11	0
2	0
1	0
1	0
16	130
0	130
0	39
148	39
49	0
5	49
6	49
107	0
38	75
234	115
2	107
0	115
29	1
0	0
0	1
0	133
100	133
34	0
39	52
1	52
4	0
0	4
572	4
7	3
0	0
0	52
5	299
0	73
0	278
3	209
70	642
18	642
255	0
8	1041
2	390
0	1257
130	1101
2	321
45	321
15	0
0	0
8	0
52	1499
1	1537
68	1396
0	633
15	679
0	4
0	4
263	0
0	1071
0	450
0	34
18	797
3	817
16	41
8	857
0	310
7	815
10	624
1	368
15	148
25	190
1	190
3	59
24	348
0	0
176	357
0	10
0	26
0	89
0	0
0	0
0	92
36	10
0	125
8	41
131	1
22	0
2	0
5	0
202	0
285	0
63	0
6	466
33	516
1	519
26	394
61	0
9	220
13	220
0	1
103	10
13	5
3	0
1	0
1	0
96	2124
192	2124
23	0
23	299
5	299
40	0
15	0
2	0
0	242
0	270
0	182
0	265
0	191
0	272
0	243
0	225
0	271
0	189
0	273
0	291
0	317
0	271
0	273
0	194
0	282
0	270
0	275
0	241
0	307
0	240
11	0
2	0
2	4
0	7
7	0
25	107
3	107
1	236
54	433
214	433
16	106
0	1
33	106
0	133
0	437
8	378
0	200
0	169
2	394
3	510
3	175
0	370
526	0
374	0
28	360
29	360
0	0
2	0
8	1
12	0
40	0
0	26
0	26
4	201
20	201
206	0
3	30
80	30
0	0
6	180
47	180
150	54
31	54
3	0
6	0
2	80
0	446
24	212
1	24
0	442
6	112
0	346
5	370
8	101
0	451
0	26
2	0
7	0
0	5
1	7
0	5
0	6
0	0
2	0
174	0
46	0
2	0
21	0
8	0
4	0
6	0
0	30
0	127
0	163
0	154
0	22
0	136
2	58
315	58
6	139
10	139
1	0
8	0
0	0
206	0
0	116
7	638
7	644
3	645
2	0
2	0
0	2066
12	1970
79	1969
2	1266
0	40
479	0
3	636
0	549
0	484
1	487
8	179
2	500
0	495
2	574
0	583
0	572
4	0
1	0
14	0
5	0
4	31
16	31
0	28
4	147
7	24
1	158
0	28
30	0
332	0
17	0
17	248
16	248
0	7
199	0
8	0
2	0
3	0
0	461
2	7
0	59
0	189
0	520
5	13
0	130
3	101
2	347
9	353
1	251
2	0
0	4
41	325
3610	2919
1	2595
185	0
64	0
5	59
5	59
74	2
0	0
3	8
3	8
56	377
6	377
90	0
13	86
286	730
1	0
20	536
5	108
0	567
0	753
64	1132
0	1746
0	1932
2	0
0	125
0	125
0	110
0	125
15	0
1	12
7	7
34	0
14	0
3	0
3	0
4	0
3	222
27	222
0	366
0	322
5	42
2	244
1998	42
2	0
1	0
6	0
45	7704
310	7704
0	1
3	2
3	1
6	45
12	45
8	6
8	6
13	403
3	1486
0	458
0	522
0	1502
0	480
0	1544
5	0
2	0
0	0
1	0
2	24
7	24
154	282
1	282
85	0
0	12
47	15
3	347
51	347
31	513
3	513
6	300
3	0
28	3
7	8
26	5
7	0
1	7
0	7
10	19
7	7
3	7
8	12
1	10
1	12
1	10
4	13
3	8
0	12
5	2
4	1
4	1
0	623
4	269
6	576
5	0
15	2
1	71
4	68
27	26
18	30
4	3
3	3
5	40
4	40
72	0
0	87
0	89
0	92
0	94
1	88
4	4
8	2
0	1
9	10
19	0
9	0
0	13
0	14
11	148
0	20
28	156
3	12
8	21
2	29
0	7
2	0
2	0
6	0
3	0
4	0
6	0
1	0
0	3
19	3
1	1
0	35
1	51
3	54
3	54
1	54
5	0
0	0
1	0
1	0
0	427
0	906
0	407
0	886
0	67
41	316
0	316
4	243
0	15
5	0
87	163
5	163
4	9
13	3
8	6
3	1
4	12
20	17
502	0
3	5
2	19
0	13
0	15
0	9
0	9
0	12
0	8
0	11
4	4
1	0
9	5
14	2
9	0
32	0
8	0
3	0
3	0
2	0
0	4
0	4
4	1
46	267
1	5
6	0
0	543
9	0
0	203
0	272
1	612
26	1
0	19
9	15
17	0
42	46
0	46
363	0
7	373
0	373
298	0
8	42
30	42
0	7
8	46
3	6
130	46
11	19
0	202
0	548
3	39
0	422
0	83
0	354
0	351
0	425
0	477
32	90
3	134
0	493
0	280
96	0
5	5
3	5
6	2
0	2
13	0
133	0
103	100
1	100
0	0
17	121
23	121
1	120
7	538
77	548
20	128
10	0
4	0
176	0
129	30
0	30
220	0
0	405
0	392
0	376
0	252
0	363
0	223
0	207
0	236
97	147
5	142
2	5
0	419
0	504
0	566
0	542
0	528
6	4
0	513
0	519
0	543
0	527
0	537
0	551
0	522
0	1
4	1
570	60
0	60
40	0
1023	0
464	0
27	385
1	17
49	385
0	392
0	391
0	5
690	392
0	1
7	0
7	181
0	67
3	188
9	264
36	452
3	0
6	0
66	1
68	0
33	0
11	183
43	165
9	183
5	2
2	2
34	2
1	61
1	148
7	157
0	172
0	393
0	441
0	349
9	183
7	396
0	402
47	0
32	0
2	0
4	0
0	0
1	0
0	1518
0	2321
0	1512
0	1516
0	2323
0	1514
3	0
0	3
0	3
6	364
16	364
355	0
97	873
23	873
22	349
0	917
0	947
0	364
1	370
0	921
0	921
0	948
0	951
0	918
0	211
0	944
0	918
0	944
0	951
0	948
0	329
0	914
0	947
18	0
0	394
5	19
0	239
1	89
0	98
0	304
0	253
0	163
6	80
0	72
130	7
9	6
1	1
44	0
0	0
0	3
4	3
3	0
7	0
2	0
30	0
7	0
0	1
0	3
9	1
8	56
1	60
0	2
0	124
0	623
0	792
0	726
5	14
0	711
0	715
0	781
0	60
10	705
0	635
0	604
0	538
4	11
21	15
1	2
0	74
11	170
7	107
37	26
9	123
3	0
10	143
1	143
0	65
0	1540
0	1511
0	1432
0	1404
0	1539
0	1355
0	85
0	1394
0	1326
0	1512
0	1422
0	1434
3	75
0	1421
0	1354
0	1325
6	90
0	386
0	1393
0	584
0	1406
10	0
3	0
3	0
0	27
31	27
15	0
78	0
0	9
2	3
3	6
0	169
1336	1300
1	1131
231	0
1	62
518	114
9	114
4	0
14	0
6	0
3	0
6	44
3	44
2	64
19	280
2	369
51	1165
5	1101
0	1608
31	1588
0	1999
0	1916
0	1525
16	22
10	155
0	25
8	0
0	0
2	0
1	0
338	1
97	0
0	88
884	88
3	553
2	553
0	58
0	137
0	619
0	74
0	593
0	635
0	179
4	4
0	1101
0	1034
1	1107
4	907
45	537
0	943
0	1000
0	1202
4	871
0	1126
0	1139
5	0
12	0
0	0
2	85
0	196
0	313
0	164
0	301
0	199
0	207
0	302
0	292
1	1
38	82
1	174
0	195
0	270
0	294
0	1
483	1
2	1
3	0
3	326
12	326
0	0
0	150
0	128
0	120
0	142
1	4
90	0
3	184
8	184
1	0
2	0
0	15
6	15
1	21
0	5
0	107
1	109
0	19
39	0
49	0
37	0
24	392
13	392
1475	0
2	1
91	53
17	53
6	3
238	412
0	15
1	412
0	14
2	3
9	0
0	198
1	201
0	11
0	13
0	13
0	9
0	12
0	15
0	8
0	14
0	6
0	9
0	3
0	14
3	10
0	8
0	10
3	2
0	14
2	0
3	209
0	5
0	2
3	0
2	0
0	0
0	18
103	18
0	2
111	2
0	267
0	285
0	283
0	269
4	0
3	0
13	0
6	0
8	0
3	13
1	13
454	2
0	2
213	463
7	463
6	444
132	1082
58	638
7	0
0	0
4	0
0	6
4	10
19	0
0	0
613	0
12	19
0	19
18	0
157	0
0	300
1	487
0	1369
78	1160
0	59
6	2
0	14
69	1224
0	19
16	1224
6	370
4	294
472	370
43	19
0	1988
2	418
1	474
0	1951
0	1841
0	2098
13	49
1	49
112	0
1	54
11	54
62	0
17	0
0	0
1	0
0	0
0	0
0	8
10	0
15	65
5	23
11	124
30	59
0	0
22	0
108	8
23	283
34	283
8	0
5	0
0	1886
3	1272
3	1869
1	1282
227	1624
22	1246
2	0
1	0
206	0
41	0
156	0
35	19
0	19
0	155
0	187
0	136
0	168
0	0
1	0
105	58
0	57
1	1
13	596
2	79
50	596
4	187
4	596
1	0
23	1
3	0
6	0
1	25
5	25
1	315
157	315
7	181
0	78
1	3
0	265
0	71
0	258
0	2
2	1
2	0
2	10
3	8
0	2
51	9
3	12
0	5
478	282
0	281
3	1
0	455
20	533
5	135
211	0
8	80
1128	25
0	0
0	0
4	0
0	4
1	6
0	6
7	4
33	346
35	351
12	1
3	47
2	5
14	4
5	1124
0	804
0	1107
18	255
0	1096
0	1158
0	753
1	0
5	0
3	0
3	0
22	7
0	7
246	117
1	117
10	40
8	320
1	114
25	400
0	37
17	0
0	6
2	6
0	6
0	6
3	0
1930	0
0	561
0	561
0	561
0	561
0	561
0	370
225	370
923	0
154	0
0	21
132	20
140	235
70	651
40	886
0	191
0	77
0	2
1	104
0	182
0	86
0	436
0	21
0	425
0	162
0	433
0	432
0	429
0	433
0	439
0	151
0	420
0	433
0	437
0	199
0	31
0	433
0	166
0	422
0	445
0	447
0	426
1	0
1	17
70	17
0	221
1	141
1	89
7	0
1	0
0	0
2	0
5	0
3	12
0	12
2	15
6	15
88	50
2	50
30	0
14	0
151	0
2	1
2	1
4	1
4	0
3	1
48	0
0	3
0	3
0	0
7	0
3	10
0	10
3	0
0	10
2	10
17	0
1	0
9	0
0	19
11	19
0	397
0	400
0	395
0	392
0	16
1	1
0	1
2	4
413	0
0	0
19	0
161	0
2	0
0	0
28	0
2	0
11	0
10	0
0	0
4	9
0	9
87	33
9	33
18	19
2	33
5	35
3	37
0	19
0	0
2	1
3	1
2	0
4	3
2	3
31	5
8	5
2	0
6	0
19	0
6	0
0	154
17	154
1	0
38	0
73	0
4	0
7	0
2	0
3	32
1	32
44	0
4	0
1	0
16	0
2	28
6	28
3	0
34	11
25	11
4	0
1	0
2	0
4	0
3	0
2	0
3	0
4	2
7	0
0	4
0	4
0	24
4	24
0	2
14	2
11	50
6	50
6	0
7	0
1	7
0	31
3	31
15	0
1	0
0	0
0	7
2	99
1	70
45	99
45	0
24	0
6	0
149	94
6	94
161	0
9	8
4	0
14	0
0	0
0	0
45	0
20	0
25	0
3	0
178	0
13	0
17	0
10	0
4	0
151	0
11	0
389	0
17	35
9	35
5	2
180	0
1	12
0	0
29	2
61	0
57	2
5	0
2	0
5	0
0	0
0	0
0	0
0	0
84	7
0	7
6	3
15	2
6	0
0	0
42	0
28	0
150	0
8	0
24	0
5	0
13	0
2	0
8	0
17	0
1	0
5	0
15	0
3	0
277	0
2	0
160	0
11	91
0	6
0	85
19	0
2	0
5	0
1	0
1	0
28	0
4	0
6	0
0	0
1	0
5	0
2	0
1	0
1	0
0	0
10	1
0	1
6	0
10	34
114	34
0	211
9	357
8	357
0	1
0	1
1	0
63	78
2	78
2	0
3	17
12	17
54	0
5	6
2	6
1	2
5	2
3	4
7	4
52	165
20	89
0	28
0	103
0	3
14	214
12	214
3	41
8	27
171	12
0	12
10	1
1	1
11	0
5	0
3	6
1	6
18	136
8	136
2	0
9	0
9	0
0	0
20	0
0	0
14	0
0	34
5	99
16	99
5	0
4	0
8	0
1	0
1	0
2	0
3	6
6	0
3	0
4	0
2	0
0	0
3	0
3	0
7	0
18	2
0	2
0	0
6	0
1	0
4	0
0	0
3	0
3	0
10	0
1	0
4	0
4	0
5	0
2	0
152	1
1	94
16	93
5	0
5	0
0	0
1	0
5	0
4	0
5	0
3	0
5	0
5	0
5	0
4	0
3	0
9	0
0	0
0	0
2	0
3	0
2	0
1	0
1	0
6	0
2	0
5	0
3	0
2	0
1	0
7	0
8	0
1	0
6	0
4	0
1	0
1	0
3	0
3	0
3	0
2	0
2	0
3	0
3	0
3	0
4	0
1	0
10	0
2	0
4	0
5	0
8	0
1	0
0	0
4	0
2	0
2	0
1	0
3	0
5	0
3	0
2	0
7	0
1	0
5	1
2	0
3	0
4	0
2	0
5	0
1	2
0	2
3	0
1	0
0	0
0	0
1	0
7	0
0	0
5	0
3	0
0	0
3	0
3	0
0	0
1	0
3	0
2	0
3	0
4	0
3	0
3	0
2	0
0	0
5	0
1	0
5	0
5	0
3	0
5	0
1	0
3	0
1	0
1	0
2	0
8	0
8	0
3	0
4	0
2	0
2	0
2	0
4	0
1	0
1	0
3	0
1	0
12	0
1	0
2	0
4	0
6	0
1	0
4	0
1	0
1	0
0	0
2	0
1	0
2	0
2	0
4	0
2	0
5	0
4	0
1	0
8	0
3	0
3	0
3	0
0	0
5	0
2	0
2	0
0	1
5	0
2	0
1	2
1	0
4	0
5	0
3	0
8	0
1	0
3	0
1	0
4	0
2	0
3	0
1	0
5	0
5	0
1	0
2	0
2	0
1	0
2	0
4	0
1	0
1	0
3	0
1	0
2	0
3	0
4	0
3	0
6	0
2	0
2	0
4	0
2	0
8	0
4	0
3	0
1	0
1	0
2	0
1	0
1	0
1	0
1	0
6	0
1	0
1	0
2	0
1	0
1	0
1	0
3	0
5	0
1	0
5	0
3	1
2	0
2	0
5	0
6	1
2	0
2	0
2	0
1	0
3	0
173	4
3	4
3	0
3	0
4	0
0	0
2	0
3	0
3	0
5	0
1	0
2	0
1	0
4	0
5	5
2	5
0	0
3	0
3	0
2	0
4	0
3	0
1	0
4	0
3	0
4	0
3	0
0	14
1	3
3	15
0	0
0	1
2	1
5	0
0	0
4	0
1	0
9	0
0	0
2	0
5	0
4	0
1	0
8	0
8	0
0	2
2	2
3	0
2	0
3	0
4	0
4	0
2	0
0	0
1	0
1	4
0	4
6	0
2	0
17	0
2	0
0	0
3	0
1	0
0	4
5	5
4	0
9	0
1	0
2	0
4	0
5	0
16	0
11	0
0	1
0	1
5	0
0	5
1	5
0	0
1	0
3	0
1	0
6	0
2	140
29	140
9	0
20	7
9	0
1	14
1	14
19	0
7	0
1	0
0	0
4	0
2	3
7	6
0	9
3	0
4	0
15	0
1	0
7	0
4	0
13	0
11	0
25	4
3	3
0	7
3	7
1	0
4	0
3	0
4	0
5	0
2	0
1	0
6	0
8	0
0	5
3	5
2	0
2	0
4	0
6	0
5	0
3	0
2	0
2	0
6	0
5	0
1	1
2	0
0	1
5	1
3	0
3	0
1	0
5	3
0	3
1	0
5	0
53	0
10	3
12	0
8	0
2	0
5	0
2	0
7	0
28	0
0	0
3	0
5	0
4	0
6	0
6	0
1	0
5	0
7	0
2	0
6	13
0	13
0	0
14	0
3	0
4	0
2	0
3755	2
0	0
2	0
3	0
5	0
8	0
1	0
1	0
1	0
3	0
1	0
2	0
8	0
1	0
6	0
5	0
8	0
10	0
3	0
10	0
20	0
7	0
1	0
3	0
3	0
9	0
1	0
3	0
6	0
10	0
2	0
4	0
5	0
5	0
5	0
57	0
5	0
12	0
19	0
3	0
22	0
4	0
2	0
3	0
67	0
6	0
24	0
1	0
4	1
2	0
3	0
2	0
1	0
8	0
0	0
2	0
10	0
4	0
3	0
4	0
3	0
4	0
15	0
0	0
10	14
7	0
7	0
3	0
6	0
1	0
2	0
128	0
3	0
7	0
3	0
3	0
6	0
8	0
1	0
2	0
1	0
2	0
5	0
2	0
2	0
2	0
3	0
3	0
2	0
9	0
19	0
5	0
3	0
4	0
0	0
1	0
1	0
0	1
4	1
2	0
2	0
3	0
5	0
4	0
6	0
3	0
1	0
5	0
10	0
2	0
0	0
5	0
1	0
3	0
1	0
6	0
5	0
6	0
2	0
1	0
3	0
3	0
3	0
1	0
2	0
0	0
2	0
1	0
2	0
4	0
4	0
3	0
5	0
2	0
6	0
6	0
0	0
0	0
3	0
3	0
4	0
3	0
1	0
0	0
1	0
0	2
0	2
0	2
7	0
3	0
5	0
2	0
2	0
2	0
2	0
0	0
2	0
3	0
0	0
4	0
4	0
3	0
0	0
4	0
3	0
1	1
1	0
6	0
3	0
1	0
4	0
4	0
7	0
1	0
2	0
3	0
1	0
2	0
7	0
1	0
2	0
8	0
5	0
3	0
0	0
2	0
2	0
3	0
3	0
0	0
4	7
2	0
0	0
1	0
1	0
1	0
0	0
0	0
2	0
0	0
4	0
4	0
1	0
4	0
7	0
0	0
2	0
3	0
2	0
4	0
18	0
0	1
1	0
0	0
2	0
3	0
3	0
7	0
7	0
10	0
7	0
3	0
3	0
3	0
0	0
1	0
71	0
5	0
0	0
1	0
3	0
7	0
3	0
8	0
10	0
1	0
8	2
0	2
0	0
11	14
0	14
1	0
2	0
1	0
11	0
3	0
5	0
3	0
5	0
1	0
0	0
1	0
3	0
5	0
3	52
38	52
203	0
156	359
2	139
2	359
2	0
1	54
1	65
0	105
4	44
3	0
0	0
4	3
0	1
4	3
0	0
0	0
5	0
387	0
137	12
0	12
1	0
2	132
8	132
5	370
0	383
6	363
5	0
2	0
45	0
90	0
0	6
1	49
5	57
4	51
0	55
327	56
0	1
629	0
4	0
2	0
121	17
0	17
0	226
0	17
0	464
8	459
0	0
2	0
3	0
2	0
69	0
5	0
619	2
0	2
13	0
2	0
3	0
0	26
0	291
0	421
0	206
0	343
0	399
0	393
1	3
0	92
0	103
0	170
0	150
0	248
0	365
0	338
0	358
0	68
0	321
0	380
0	114
0	343
0	192
2	0
1	0
250	10
3	10
8	12
0	87
0	122
1	8
0	63
0	98
2	43
16	43
6	0
105	0
2	7
16	7
14	121
0	185
8	188
3	40
1	37
3	0
30	0
0	0
1	0
0	33
0	603
0	584
0	598
0	579
0	591
0	596
3	0
0	0
39	0
76	0
0	2
2	62
0	1
18	705
70	764
0	47
0	48
0	31
0	52
0	51
0	66
0	70
0	54
2	11
0	69
0	29
0	67
0	53
0	44
3	0
5	0
0	5
44	5
109	6
1	1
3	14
3	14
405	0
1004	0
83	605
0	614
1	614
4	394
531	394
0	130
0	119
0	111
0	138
0	142
1	185
3	149
4	0
21	287
1	287
1	0
0	131
0	129
7	1043
5	1045
0	4
4	1
0	4
1	5
8	1
12	7
0	11
19	0
112	10
0	10
4	0
1	0
56	168
1	168
1	0
1	0
82	13
1	13
11	491
7	491
1	17
72	0
99	0
64	150
12	150
0	10
144	11
0	15
132	1
0	1
8	162
161	162
2	22
8	0
2	1
3	6
5	0
2	6
0	1
296	1
0	33
0	167
0	165
0	81
0	168
0	166
0	80
0	0
15	585
83	585
1	22
42	22
0	244
81	250
2	6
34	0
3	102
7	102
1	0
2	1
0	487
23	503
0	484
0	484
1	506
0	465
1	0
14	0
0	0
43	0
30	0
28	0
0	1
64	1
6	100
0	108
3	4
8	14
458	0
0	162
0	83
0	99
0	178
150	0
1	0
3	0
30	416
94	670
78	254
104	1555
710	1555
2	0
3	0
39	8
132	0
584	645
2	307
1	645
31	61
0	5
42	66
116	0
26	0
150	12
191	12
0	12
0	228
0	15
4	244
6	285
5	55
192	0
339	0
9	0
4	0
1	116
21	116
1	34
480	0
3	464
24	464
2	394
28	394
3	214
2	2
3	181
5	181
1	179
3	2
2	61
134	61
0	8
85	18
0	10
26	0
4	0
76	0
3	0
1	86
4	86
557	0
5	1
22	0
0	7
24	7
0	1
139	1
98	0
0	16
0	18
1	3
0	5
10	0
1	0
16	1
0	0
155	613
275	912
9	912
29	0
48	0
18	18
306	0
0	72
0	58
0	72
0	58
12	88
42	42
12	46
3	0
2	0
1	3
0	1
0	3
2	1
544	0
7	79
23	78
17	1
7	0
16	0
0	0
0	120
0	118
0	117
0	109
0	107
0	109
0	107
0	115
607	4
0	4
0	6
9	6
1	0
6	0
10	0
92	0
0	3
314	3
71	0
127	370
3	370
11	0
4	0
3	0
172	147
17	0
3	147
356	0
87	0
0	9
0	10
1420	11
4	2
6	2
2	0
1	0
15	0
0	113
5	129
1	13
6	451
82	451
2	274
0	43
2	0
2	0
9	2
3	2
2	40
101	40
130	0
0	1083
0	918
0	791
1	1210
23	0
3	16
0	16
5	7
1	7
0	10
345	11
110	5
1	5
104	5
4	0
4	0
14	92
28	93
10	90
4	1
4	0
15	0
6	0
0	3
0	3
205	1
0	1
55	587
12	389
1	437
1	150
96	0
785	7
13	0
41	0
1	0
5	39
31	39
103	66
4	66
5	41
1	25
11	264
46	264
2	0
138	0
0	15
2	15
8	15
44	297
41	221
35	78
1	0
3	0
0	0
2	0
2	0
2	0
3	0
7	0
3	0
3	0
1	0
0	0
4	0
2	0
3	0
2	0
7	0
0	0
4	0
2	0
3	0
3	0
4	0
5	0
5	0
2	0
1	0
4	0
5	0
2	0
2	0
2	0
2	0
2	0
0	0
2	0
0	0
1	0
2	0
9	0
2	0
2	0
1	1
2	0
2	0
3	0
2	0
2	0
2	0
1	0
1	0
3	0
3	0
6	0
3	0
4	0
2	0
1	0
0	0
1	0
4	0
4	0
1	0
3	1
2	0
2	0
1	0
0	0
3	1
2	0
0	0
1	0
2	0
2	0
6	0
0	0
4	0
3	0
3	0
2	0
0	0
2	0
2	0
2	0
1	0
2	0
1	0
3	0
4	0
3	0
3	0
0	0
3	0
2	0
1	0
4	0
1	0
0	0
6	0
8	0
5	0
3	0
1	0
6	0
1	0
3	0
4	10
3	10
0	0
3	0
5	0
1	0
5	0
4	0
1	0
2	0
3	0
5	1
2	0
16	43
1	43
2	0
4	0
5	0
0	0
9	0
1	0
0	0
4	0
3	0
2	0
5	3
0	3
6	0
1	0
4	0
38	0
6	0
4	0
0	0
6	0
2	0
2	61
3	61
3	0
5	0
41	0
7	135
0	135
38	95
6	95
3	0
5	0
11	0
3	0
20	0
0	0
8	0
101	0
2	0
2	4
1	4
9	0
2	0
3	0
4	0
4	0
1	0
4	0
2	0
20	0
77	0
7	1
0	1
2	0
4	0
4	0
7	0
73	46
0	46
8	0
3	1
1	0
2	7
1	7
9	0
8	0
3	0
1	0
1	0
4	0
5	0
1	0
21	0
5	0
2	0
3	0
3	0
4	0
6	0
10	0
3	0
0	0
2	0
3	0
9	0
4	0
1	0
7	0
4	0
0	0
5	0
1	0
1	0
10	0
2	0
3	0
4	0
3	0
1	0
3	0
2	0
1	0
1	0
2	0
2	0
0	0
42	0
5	3
0	3
0	0
7	0
1	0
2	0
2	0
2	0
0	0
15	0
1	0
0	0
5	0
2	0
6	3
1	3
0	2
3	0
2	0
3	0
1	0
3	0
3	0
10	0
3	0
2	0
1	0
3	0
3	0
1	0
5	0
3	0
10	0
11	0
9	0
4	0
6	0
2	0
4	0
3	0
0	0
3	0
6	0
7	0
1	0
2	0
1	0
6	0
3	0
2	0
1	0
0	0
4	0
4	0
0	0
2	0
4	0
2	0
3	0
0	0
3	0
4	0
1	0
1	0
5	0
2	0
4	0
7	0
10	0
6	0
3	0
5	0
2	0
4	0
1	1
3	1
1	0
13	0
2	0
1	0
6	0
3	0
2	0
2	0
1	0
4	0
10	0
5	0
1	2
2	0
5	0
2	0
4	0
3	0
0	0
1	0
3	0
1	0
2	0
11	0
5	0
6	0
2	0
2	0
1	0
5	0
3	0
0	4
2	14
3	14
4	0
1	6
2	6
44	0
10	0
1	0
326	0
10	0
15	0
16	0
2	0
20	0
0	0
6	73
4	73
2	1
0	0
1	0
18	180
17	180
2	0
10	4
0	4
0	32
119	37
10	5
0	0
4	0
7	0
8	0
0	0
334	0
43	0
12	91
18	91
3	0
3	0
1	0
6	6
0	6
19	0
1	0
30	0
0	3
1	3
0	0
4583	0
7	56
1	56
2	0
5	22
0	22
45	0
4	0
673	0
0	0
1	0
0	115
0	112
220	115
7	0
2	0
0	2
0	2
382	0
0	13
472	13
640	0
0	290
198	290
2	4
0	4
0	5
2	5
15	0
0	0
5	0
4	89
1	91
4	82
24	3364
974	3364
120	102
13	101
0	60
1	0
34	14
0	14
5	30
2	30
4	166
14	166
1	26
2	114
113	224
2	224
7	0
3	0
21	0
7	86
0	86
6	439
21	468
10	468
0	85
9	71
10	71
655	0
1	3
3	1
3	7
1	5
7	7
182	0
89	0
1	0
5	0
0	65
31	65
73	0
16	1
0	1
2	0
3	0
4	1
23	7
7	1
1	316
55	346
0	88
2	32
8	5
1	5
21	0
5	10
4	5
0	10
1	2
6	2
15	120
5	120
84	0
1	0
0	0
0	0
6	0
4	0
7	0
0	83
4	140
6	140
1	1
312	0
0	151
26	248
18	248
46	0
275	0
3	3
2	3
6	0
5	0
278	2
3	2
3	0
30	0
1	0
33	0
0	0
65	0
0	0
32	0
8	12
3	12
2	0
6	0
2	0
7	0
0	4
0	4
0	0
0	0
0	3
22	3
2	0
4	0
6	0
212	85
0	85
1	0
0	6
2	58
7	138
1	137
0	7
3	0
6	38
0	38
14	0
2	0
94	0
1	111
2	113
0	109
3	109
4	111
3	17
0	17
14	84
5	84
4	67
2	67
97	0
4660	0
0	3
10	30
13	30
3	0
288	0
64	0
0	2
3	5
0	6
158	6
0	17
61	23
1	15
0	5
7	15
0	0
2	4
22	10
22	16
0	16
142	466
15	466
70	54
0	54
75	57
1	57
7	0
10	0
4	6
7	6
150	0
1	0
65	0
173	0
3	0
189	0
3	6
0	6
6	0
1	0
2	0
0	218
1	118
11	153
2	3
3	3
19	3
1	3
52	0
0	1
184	2
0	0
396	0
16	0
3	15
12	16
0	34
39	34
0	22
3	8
6	8
6	0
6	1
4	0
10	0
1	0
4	0
2	0
0	0
5	0
0	0
0	0
1	0
5	0
3	0
1	0
4	6
3	0
4	0
0	0
4	0
2	0
0	0
2	0
0	0
3	0
0	0
0	0
1	0
0	0
11	0
3	0
0	0
2	0
2	0
1	0
4	0
6	0
1	1
1	0
3	0
0	1
3	2
3	0
4	0
1	0
2	0
3	0
2	11
17	11
6	0
3	0
12	0
2	0
8	0
4	0
17	4
2	4
4	0
3	0
6	0
2	0
116	0
3	0
4	0
3	0
2	0
1	0
1	0
8	0
0	15
0	15
8	0
1	0
2	0
2	0
2	0
2	0
2	0
3	0
12	0
2	0
36	0
0	0
1	0
9	0
4	0
9	0
1	0
12	0
1	0
3	0
3	0
9	0
3	0
3	0
5	0
4	0
4	4
0	4
8	0
213	84
0	84
0	0
12	0
3	0
3	0
1	0
5	0
1	0
4	0
12	0
0	0
0	0
0	0
3	0
2	0
1	0
10	0
2	0
1	0
0	2
3	1
2	0
8	0
4	0
5	0
14	0
2	7
44	76
1	69
5	0
6	0
1	0
1	0
42	2
969	11174
28	11174
115	0
9	0
0	0
1	4
4	4
7	6
6	8
1	0
57	58
0	58
12	0
2	0
0	0
4	0
1	0
2	7
2	7
287	0
0	48
3	104
44	152
50	0
110	0
23	0
48	0
0	0
75	0
17	75
5	28
0	75
5	0
2	26
18	26
70	0
10	106
2	106
78	22
0	22
10	0
11	0
1	0
234	0
2	21
13	21
0	0
0	12
24	12
10	0
2	0
9	2
4	1
0	1
198	0
4	0
3	0
678	0
1	1
10	6
396	0
68	0
23	10
0	9
29	10
4	0
4	0
2	0
0	1
0	1
0	17
20	45
7	45
9	163
35	146
109	309
21	0
0	5
63	5
3	0
1	0
6	0
7	0
2	0
266	0
29	163
22	163
1	1
0	34
8	0
24	34
1	0
8	0
5	67
30	67
20	0
61	0
14	0
12	120
5	120
162	0
1	0
6	1
0	1
9	0
5	37
154	37
319	1
2	14
491	14
5	0
3	28
0	28
1	28
1	0
6	2
5	2
3	165
120	166
0	0
0	2
3	2
1	177
2	206
5	29
5	55
3	1
67	0
1	0
82	32
1	32
93	1
1	1
1	1
11	1
0	5
11	5
661	0
153	0
82	0
13	0
22	0
279	0
5	0
2	74
26	74
190	0
2	0
417	0
1	0
205	0
7	0
10	0
10	0
1	9
8	9
9	29
15	108
5	79
0	12
0	15
12	0
0	0
177	20
0	20
0	4
3	4
9	2
343	0
9	0
11	103
1	103
0	7
4	0
0	0
6	11
2	10
2	11
2	2
2	2
8	0
9	0
1	0
7	0
32	7
1	7
2	0
3	0
4	0
6	0
0	0
4	0
140	0
0	7
8	7
0	7
2	19
34	0
5	19
26	0
11	0
6	0
104	0
2	38
1	38
26	305
2	305
271	0
4	0
10	0
3	0
13	0
0	0
2	0
5	0
2	0
2	0
6	0
2	0
4	0
3	0
2	0
5	0
0	0
6	0
2	0
0	0
0	0
0	0
10	7
0	0
2	0
4	0
3	0
2	0
3	0
1	0
5	0
6	0
1	0
5	0
0	0
3	0
15	0
4	7
3	0
1	0
2	0
0	0
2	0
4	0
6	0
2	0
6	0
4	0
0	0
5	0
3	0
2	0
0	0
4	0
8	0
2	0
6	0
4	0
4	0
1	0
13	0
1	0
1	0
6	0
4	0
4	0
5	0
2	0
1	0
11	0
2	0
0	3
0	3
5	0
1	0
6	0
8	0
4	0
1	0
2	0
1	0
1	0
7	0
3	0
2	0
4	0
2	0
4	0
3	0
0	0
11	0
4	0
3	0
3	0
3	0
1	0
0	0
2	0
2	0
5	0
8	0
3	0
11	0
0	0
8	0
1	0
4	0
4	0
4	0
2	6
0	6
15	0
4	0
2	0
0	0
21	0
3	0
3	0
1	0
3	0
4	0
4236	54
22	168
0	168
2	0
3	0
2	0
4	27
0	27
0	0
1	1
4	0
4	0
2	0
2	0
4	0
10	0
5	0
3	8
4	8
4	0
5	0
4	0
5	0
1	0
3	0
1	0
0	0
0	0
6	1
0	1
4	0
0	0
7	0
1	0
0	938
0	335
0	942
0	828
0	923
2	7
0	335
7	0
8	0
0	0
5	0
0	36
3	36
119	0
30	0
24	2
15	2
1	10
21	10
6	2
2	2
23	1082
0	165
402	300
93	176
0	9
19	49
130	163
436	3538
322	49
10	24
53	1083
0	22
1293	3596
103	11
5	2
4	0
61	154
0	4
0	0
23	0
21	0
5	0
23	0
16	0
17	0
4	0
45	46
1	42
1	98
0	1227
0	98
9	1230
0	1281
0	193
82	0
283	0
23	7
2	7
24	0
54	0
22	0
0	11
83	11
5	113
1	73
167	113
0	62
1299	0
17	1533
0	1339
0	434
22	100
6	4558
0	3626
11	3961
66	0
17	0
0	16
32	16
37	0
16	21
0	21
0	1
6	126
5	126
9	0
230	0
0	145
0	134
0	112
0	101
2	8
0	20
11	24
7	24
25	0
0	45
0	37
0	34
4	1
0	42
22	0
0	267
4	12
0	130
0	141
0	302
0	267
0	302
0	141
0	452
26	537
2	538
95	221
43	52
11	219
3	1
7	0
12	0
31	0
5	0
2	10
29	0
38	0
12	316
1	316
4	610
0	1219
0	1043
0	1140
40	132
0	1164
0	859
1	132
0	1196
0	486
0	1242
2	863
352	610
0	1117
0	1095
0	1121
289	182
0	1150
2	47
0	983
8	20
3	1178
0	1173
0	1072
3	1
5	0
3	0
16	0
27	0
0	2
0	157
0	229
0	202
0	198
0	153
0	233
1	59
0	139
0	155
0	98
0	142
34	0
0	55
4	55
96	58
18	56
12	0
3	0
2	0
3	0
0	93
0	100
3	84
4	54
49	0
5	248
3	248
182	2
680	0
0	119
95	35
0	2348
0	2349
0	2393
0	2134
0	2112
0	2394
5	432
24	432
66	2
0	2
2	0
19	0
1	0
3	0
8	22
10	22
3	2
1	1
13	13
0	13
4	31
2	29
27	0
0	2
5	3
1	4
1	6
5	1
0	131
6	25
7	37
14	179
2	1
0	62
0	3
730	205
80	99
286	0
0	106
1	0
1	0
0	0
11	0
4	0
13	0
122	0
0	67
20	67
63	19
2	2
0	89
0	18
0	47
0	58
0	65
0	165
0	94
0	54
0	101
0	172
0	148
0	155
0	72
0	19
2	0
1	0
0	0
2623	59
2	56
65	764
9	29
1198	110
20	99
302	101
5	84
331	888
349	307
11	722
349	717
253	415
0	0
3	0
16	64
6	64
94	0
0	0
0	0
39	0
436	29
0	29
1	0
0	0
1	134
129	135
1	1
0	38
5	56
13	65
0	77
0	65
0	56
0	0
2	16
2	16
6	27
3	7
0	17
4	0
46	5
0	5
0	0
3	136
13	139
9	139
0	42
0	207
2096	207
8	778
0	495
0	794
2	99
0	1
6	0
10	1
1	0
3	0
21	6
5	4
2	0
53	7
74	0
94	3
1	3
0	0
47	666
0	666
0	0
6	19
6	18
1	2
0	2
32	0
40	0
12	3
0	3
2	0
0	4
11	4
9	0
0	93
10	109
4	1
2	108
60	33
6	33
13	1
52	0
7	92
38	151
0	897
13	85
0	949
0	196
0	476
4	864
0	789
0	584
0	865
45	1
0	920
0	1187
0	1121
0	1154
0	917
0	887
3	179
0	1155
0	423
0	822
0	714
0	681
0	160
20	48
0	198
9	0
0	64
0	96
0	65
0	166
0	59
2	69
13	74
3	0
65	0
7	0
1	0
10	0
11	0
1	0
2	0
1	0
1	0
1	7
2	7
10	0
6	0
2	0
175	0
932	7
6	7
21	743
0	743
8	0
1	155
7	148
23	154
0	146
0	49
3	149
133	1
0	25
2	1
124	607
2	6
0	607
27	487
5	24
372	50
2	6
6	6
3	106
2101	106
40	0
5	0
5	0
27	0
2	0
0	0
0	949
0	897
0	911
0	910
0	1
0	935
0	542
0	957
0	917
1	0
2	113
0	11
5	9
0	948
1	37
0	871
0	919
0	12
0	907
8	444
0	916
0	880
7	438
0	926
7	166
7	0
7	0
3	0
5	0
1	0
2	18
45	20
8	0
12	0
106	0
11	22
0	22
92	50
0	0
2	50
254	2
0	2
0	71
2	54
0	288
0	79
0	31
0	336
0	79
0	336
0	380
0	352
0	384
0	345
0	341
1	348
43	6
0	401
2	468
0	481
1	467
0	484
0	488
0	405
0	398
27	518
47	0
0	78
2	78
8	6
3	0
2	0
5	0
7	0
6	0
4	0
6	0
1	4
6	4
0	1
6	1
16	0
1	0
21	0
78	0
20	99
4	99
2	0
0	9
2	12
2	3
0	7
0	17
5	23
1	8
10	3
71	2
195	0
0	25
1	256
0	789
32	415
0	217
0	586
0	1158
10	0
3	0
1	0
4	0
0	1058
0	2
0	1068
0	992
10	315
0	1002
16	47
5	47
5	259
77	83
13	152
37	229
0	0
1	22
3	23
3	4
0	16
0	16
0	1
46	37
0	37
9	0
2	0
13	7
64	1
1	7
8	0
0	0
6	0
2	0
1	0
0	0
2	0
2	0
2	7
2	8
0	8
40	0
0	534
0	814
0	532
0	829
0	810
0	827
0	813
0	811
0	812
0	386
0	827
0	810
0	812
0	828
0	362
0	812
0	827
114	308
0	810
0	812
0	176
1041	1327
11	1150
0	815
0	950
0	949
2	4
0	818
17	0
30	869
0	869
190	0
20	0
10	0
34	87
0	87
115	0
175	72
1	72
0	26
58	0
5	124
30	2
78	0
85	2
23	124
19	500
2	82
81	418
0	0
79	0
0	355
0	134
0	179
0	310
405	0
18	0
36	1
0	0
0	1
11	6
6	7
0	0
0	1
0	2
9	0
7	0
12	0
4	0
0	0
1	18
0	18
508	1
29	0
182	36
1	36
0	170
0	170
0	175
0	165
62	0
50	1
204	0
180	1363
3	1363
0	1284
1	1284
3	1047
89	1
311	0
2	0
3	0
25	437
54	746
40	746
1	270
100	0
0	1
2	0
0	154
0	128
0	131
0	278
0	275
0	151
5	2
1	3
3	32
25	32
21	0
0	14
11	118
6	118
2	0
23	0
13	0
1	5
34	5
25	284
3	284
0	0
33	3
2	3
1	20
3	20
1	12
0	33
351	33
37	0
17	478
0	611
2	189
3	358
1	157
0	142
0	90
0	75
0	142
0	75
10	445
7	445
3	0
2	0
153	0
61	118
6	118
1	388
75	388
4	24
0	225
1	229
0	103
3	222
5	219
0	0
975	0
396	1560
0	297
176	1560
3	0
4	0
59	0
1	2
0	2
6	1
5	1
0	17
10	16
1	2
0	8
4	11
2	2
0	0
9	4
14	645
0	2
1	5
1	676
10	671
16	653
0	4
11	678
3	5
0	21
0	0
3	0
15	0
5	0
0	321
26	125
3	328
0	524
1	34
1	26
0	483
4	20
0	508
0	483
0	524
0	176
0	508
1	515
216	0
1	0
9	0
41	113
1	113
0	1
0	97
0	83
0	102
0	88
0	127
0	129
0	113
0	201
1	7
0	284
0	294
0	172
0	255
1	2
0	265
0	93
0	84
5	72
1	56
0	128
1	14
0	436
0	310
0	1455
4	219
0	1320
0	1445
2	446
9	527
1	209
0	1231
0	1310
0	1
23	244
3	0
4	0
6	0
0	0
2	0
1	3
1	3
12	3
54	3
1	50
59	25
0	50
0	50
5	52
0	51
1	50
0	10
3	344
6	1401
1	665
1	283
0	1620
0	15
1	50
0	52
1	50
1	1
2	1
0	807
27	841
5	1216
1	724
0	689
9	1078
0	761
1	1144
0	735
1	74
10	835
25	10
26	4
3	2
17	7
1	2
2	7
0	3
2	5
3	2
10	0
4	0
1	5
1	1
3	5
1	8
4	0
2	0
10	0
1	0
9	0
7	0
0	0
5	0
1	10
3	10
546	48
0	48
26	0
2	3
3	3
0	7
7	7
18	69
0	435
0	335
0	448
0	348
1	0
53	497
392	853
60	356
32	0
0	59
1	59
33	0
25	265
3	22
38	153
0	117
6	55
4	55
0	0
5	1
2	0
2	0
0	1
0	1
11	1
35	0
1	87
2	87
177	0
4	100
0	100
46	733
85	243
244	243
13	723
67	0
6	0
8	0
9	0
0	0
1	0
8	34
0	34
12	0
0	1
2	1
0	49
0	0
0	2
1	51
3	9
3	3
2	4
2	9
4	9
0	9
0	2
4	5
0	6
2	5
6	12
3	6
19	11
0	8
1	10
0	13
0	4
0	9
0	4
0	10
0	7
1	3
0	6
0	16
2	7
0	7
1	14
8	15
4	9
6	13
2	3
0	6
4	4
4	3
0	0
0	0
110	215
5	177
0	215
12	316
2	447
14	447
14	459
12	459
0	0
11	0
0	0
233	0
7	589
3	203
67	589
0	281
0	276
0	280
0	275
57	336
69	336
1	0
2	0
34	0
1	0
6	0
1	0
0	0
5	91
13	91
83	30
0	14
32	14
2	16
223	141
76	141
1	98
155	0
15	4
889	0
887	29
15	29
0	315
0	314
0	318
2	317
6	318
360	480
11	480
11	99
248	220
0	13
2	4
0	370
0	369
0	370
0	369
2	37
169	37
0	2
0	29
10	31
3	70
0	71
0	67
0	74
0	121
75	5
61	5
34	0
6	0
18	0
19	0
4	0
5	0
2	0
24	10
11	10
2	1
0	1
0	1
6	422
10	422
2	1
1	1
31	76
7	76
10	68
0	75
0	69
12	0
40	594
281	1556
10	962
22	108
11	171
16	171
19	218
11	217
4	85
2	312
6	327
0	188
0	643
0	495
0	644
3	90
0	494
0	670
0	336
2	659
340	0
6	0
1	0
0	0
9	0
20	133
225	3
5	133
2	2
3	49
1	62
5	38
0	1
0	53
7	50
2	59
2	49
5	12
0	34
2	4
1	51
0	49
2	51
6	46
0	1
0	6
0	2
0	3
0	5
0	5
0	2
1	0
0	0
2	0
1	38
6	38
0	1
14	1
11	251
228	302
3	302
0	21
0	21
17	40
7	21
34	29
7	687
4	668
4	1216
0	762
0	29
1	1146
517	193
12	193
0	0
9	0
53	0
7	124
2	124
2	18
4	18
0	5
2	5
2	0
11	0
145	0
0	5
0	31
515	37
86	0
460	0
9	0
17	33
343	33
246	0
456	0
0	287
0	321
0	291
0	317
24	0
36	0
1	0
10	0
6	0
12	0
6	0
2	0
8	0
3	0
7	0
10	0
3	0
1	0
0	0
1	2
2	0
1	4
12	20
9	20
0	1
0	39
527	40
4	7
8	6
1	0
1	5
0	4
20	188
55	363
8	363
6	7
183	0
15	0
0	1
25	0
2	0
9	0
2	0
4	34
15	192
10	62
49	153
33	49
1	1
2	0
16	826
72	748
0	12
0	7
1	883
11	3
7	0
267	30
2	30
1	5
12	0
0	0
0	0
0	0
28	0
2	3
2	0
252	120
4	120
0	572
0	695
3	65
0	701
17	128
7	122
0	2
3	122
0	578
10	450
1165	0
2	0
29	0
7	0
0	346
0	25
0	184
0	239
0	779
0	307
0	7
0	291
0	480
0	818
0	252
0	265
120	231
0	231
0	181
6	0
191	0
5	377
0	4
7	387
0	388
12	375
0	388
0	373
0	375
1	7
674	2362
479	1992
541	47
15	47
16	0
1	0
60	724
48	859
29	724
5	30
2	859
2	907
0	938
0	1002
0	1121
0	1056
10	253
3	253
0	351
0	336
0	329
0	344
1	176
196	23
2	23
0	41
33	41
0	2
1	1386
0	1395
1	1387
0	5
0	1308
0	1388
4	0
61	0
21	0
0	0
0	0
1	0
5	0
3	23
3	23
46	2
0	2
334	1262
2	339
1	1262
4	16
0	59
940	75
5	3
0	0
0	390
7	507
0	607
6	48
0	633
248	1541
0	669
0	4
0	4
7	0
6	0
21	0
3	1
1	3
0	0
0	2
1	0
0	0
0	3
0	0
4	4
0	4
10	9
4	9
341	5
4	5
0	151
0	63
37	198
0	13
5	32
172	117
1	24
2	23
27	95
2	104
0	31
20	14
4	11
0	68
6	7
9	6
1	2
2	1
0	11
0	9
1	12
0	8
0	10
0	7
1	6
1	8
5	6
0	6
6	0
2	0
15	0
14	0
2	0
19	0
36	0
28	0
20	155
6	155
0	0
147	0
325	3
18	7
0	257
35	247
1	220
5	257
7	1
1	1
1	42
3	0
266	42
179	0
22	54
7	54
261	0
22	0
10	0
4	0
2	0
2	3
1	3
4	2
0	0
3	1
0	2
0	0
31	75
7	33
0	1
1	21
6	33
178	59
1	0
0	0
182	0
143	0
23	181
7	159
30	9
0	110
0	0
0	1
60	454
1	33
6	454
191	1
32	0
6	943
27	82
10	100
0	1442
20	1492
3	993
0	6
0	57
1	0
1	14
3	14
1	0
0	0
0	540
5	0
0	499
0	27
0	265
0	7
0	504
0	527
64	509
0	128
2	230
1	0
1	0
22	231
4	231
0	446
0	610
0	561
0	495
3	94
134	5
1	5
10	73
11	73
11	0
18	969
62	969
1	0
4	0
45	1
58	1
0	1
6	2
0	2
0	0
31	0
17	0
49	16
44	86
1	86
234	577
0	577
368	0
10	25
12	30
0	27
43	91
68	91
0	86
23	106
0	106
0	867
0	1891
0	1633
0	516
41	194
0	2021
0	1969
0	897
0	1839
0	949
0	1664
0	1922
0	1582
0	1870
0	1938
0	1613
0	1534
0	1990
0	0
161	251
67	251
6	282
142	282
3	242
38	0
142	0
1	0
8	0
5	0
0	11
1	11
3	0
0	0
157	0
7	12
8	680
221	1349
62	1350
0	1
2	0
4	7
0	6
2	0
0	1
0	6
0	1
1	0
184	266
9	266
143	1
0	0
0	1503
0	393
0	2264
0	2
0	1937
0	2162
1	590
0	904
2	2517
0	2139
0	2187
29	1581
7	2928
2	95
10	94
0	2389
0	2016
2	2533
226	6
16	0
2	0
15	0
2	15
53	17
0	465
42	465
149	63
41	63
2	113
448	0
3	54
0	110
8	139
11	248
4	21
2	0
5	87
0	138
2	79
0	111
0	6
42	161
15	49
0	19
2	10
0	52
0	112
0	23
0	12
3	49
3	4
6	79
3	79
40	4
1	0
6	50
4	1
5	7
15	21
3	16
26	16
9	0
4	0
11	0
0	0
1	0
90	55
37	1398
87	1398
17	24
10	12
522	578
69	613
0	38
12	0
17	0
88	9
6	0
45	3
0	384
0	413
0	449
0	408
0	424
0	77
0	465
0	15
0	418
0	459
0	423
0	434
0	374
0	475
0	2
0	20
6	124
0	178
1	172
0	35
0	207
0	140
0	225
21	7
0	184
1	30
0	30
0	171
0	65
0	99
0	179
0	192
0	91
123	0
4	0
12	0
9	0
5	0
2	16
10	67
2	292
2	17
11	109
32	125
88	1882
1	1607
0	440
0	1
0	72
0	72
125	1
2	440
0	16
22	5
3	0
132	103
695	5
0	24
91	3
45	0
1	0
31	2
2	87
194	28
0	0
6	0
2	0
19	0
7	0
36	1
12	1
0	0
1	3
1	0
14	672
1315	672
1	1
5	1
7	2
4	2
17	2
0	64
0	135
0	294
0	824
31	302
4	249
1	314
0	247
0	37
0	871
3	145
0	292
0	46
0	202
0	270
0	135
0	2
1	283
0	198
0	85
3	0
2	0
0	0
16	0
2	0
0	2
1	2
67	0
67	200
2	90
18	110
166	127
0	116
0	11
504	0
0	5
12	291
3	291
26	822
43	822
0	692
0	234
0	156
1	153
3	663
4	388
0	614
155	0
15	0
31	0
15	0
9	0
5	0
89	96
2	104
14	8
5	1
28	0
3	1
17	1108
25	843
23	1133
4	1101
2	785
0	294
1	0
28	0
0	219
0	909
0	244
3	612
0	884
208	0
1	0
13	0
1	5
0	5
108	3
5	275
27	275
43	0
83	120
17	120
12	0
168	0
96	7
5	11
0	11
40	56
147	0
11	53
15	1
0	3
48	150
2	150
1	0
23	0
0	303
423	2
0	229
0	212
0	150
0	320
6	0
3	0
14	0
4	0
0	0
9	0
2	90
40	96
12	96
7	479
7	479
111	0
5	24
0	61
204	1934
10	1849
10	0
0	1
271	1
1	226
119	226
96	0
0	18
62	18
1293	0
1061	151
3	151
1	0
27	0
2	0
6	0
68	2
10	0
22	0
1	4
20	29
103	27
3	1
19	105
2	53
125	103
45	53
4	47
29	245
0	167
0	911
0	106
0	683
5	14
0	861
0	972
0	633
0	922
0	622
15	30
10	30
8	0
5	0
21	0
1	0
22	0
1	0
0	0
2	0
3	0
14	0
5	0
2	0
2	0
13	0
3	0
10	2
32	41
6	23
8	23
36	5
5	0
41	1
48	12
217	79
472	79
46	45
3	0
3	0
77	0
24	6
3	1877
80	1971
1	627
3	533
78	0
16	312
0	741
0	803
6	0
40	12
5	11
1	2
4	1
4	0
2	0
2	0
3	0
14	0
0	0
0	0
122	1
2	23
5	23
0	0
5	72
67	72
0	29
563	1
0	217
3	142
28	216
26	0
0	904
0	968
0	627
0	1012
0	728
0	1117
0	1085
0	1061
0	990
0	719
0	677
0	826
0	728
0	844
0	882
0	946
0	999
0	1019
0	791
0	1062
0	1021
0	792
0	1010
0	1084
1	2
0	1063
0	997
0	1119
0	908
0	202
0	988
0	1083
0	265
0	1097
0	1019
0	1082
0	1060
0	997
0	776
0	1095
0	669
3	2
29	1
6	0
8	0
121	240
1	240
8	14
5	14
0	12
5	161
1	126
290	161
3	0
3	3
0	3
38	0
2	15
281	15
232	0
0	147
0	139
0	153
0	1
11	1
0	133
18	0
8	0
1	2
1	2
0	33
8	51
0	18
4	2
62	0
4	42
2	42
28	0
44	4
5	5
0	3
1	4
24	0
0	2
6	20
1	19
0	3
0	356
0	483
4	90
86	106
0	233
0	360
26	923
688	923
8872	14
4	0
1	6
0	6
50	0
4	0
0	12
8	12
10	10
0	0
137	111
1	111
305	29
0	29
0	510
19	510
1	10
30	318
3	295
3	61
5	375
2	0
0	0
1	0
0	0
0	0
5	65
11	518
36	518
0	357
0	356
0	224
0	225
0	16
12	266
1	266
6	0
35	261
2	0
0	0
19	0
181	0
2	2
0	2
9	19
0	11
6	19
24	33
0	33
28	0
2	0
381	0
1	0
0	1754
0	2618
18	1560
3	33
0	1880
0	2492
4	1038
12	2511
10	1
78	0
63	0
0	198
11	117
9	110
22	198
0	131
11	0
2	0
14	0
1	0
10	0
1	0
0	5
2	5
1	73
0	82
10	43
0	51
166	0
152	73
1476	9
7	0
8	0
4	0
78	0
14	194
7	194
11	5
3	3
11	2
4	115
3	63
4	123
4	9
2	4
13	123
3	0
0	2
4	0
4	0
4	4
1	0
2	4
0	0
3	2
13	0
3	0
19	6
29	0
43	0
29	7
14	15
2	22
1	75
5	53
0	86
27	86
5	68
0	56
0	105
4	2
3	17
1	9
12	12
1	0
2	1
0	22
21	8
4	7
13	6
4	16
17	0
2	0
3	7
42	0
1	0
52	10
0	10
30	211
283	211
6	1
3	1
2	86
20	437
0	547
31	50
0	547
127	543
28	492
0	578
1	244
1	0
1	0
0	0
66	0
4	0
1	0
2	0
2	1
0	0
0	6
2	41
6	41
6	25
0	25
0	0
3	505
12	0
0	199
0	571
0	798
0	1170
4	16
0	564
359	0
0	5
109	353
30	160
4	336
0	37
49	0
525	909
32	909
8	0
13	0
132	0
1	0
4	0
14	0
3	0
11	0
3	0
8	0
0	1
32	2
4	1
4	2
2	2
2	0
0	2
1	1
6	0
4	1
1	1
1	4
1	4
73	0
137	0
5	140
27	69
0	675
0	747
0	708
0	69
0	743
0	671
3	19
0	636
4	62
20	283
84	283
0	0
2	0
125	0
25	419
4	378
3	11
6	445
2	42
13	0
5	0
2	0
0	38
3	38
0	101
2	101
340	6
1	6
344	102
0	6
15	96
0	0
6	96
53	96
7	95
268	2
251	0
0	2
19	0
8	3
0	3
6	0
4	0
4	0
5	0
8	0
1	0
0	0
0	0
1	0
1	0
2	0
3	0
3	0
1	0
6	0
1	0
2	0
1	0
4	0
6	0
2	0
0	0
5	0
2	0
1	0
1	0
2	0
1	3
6	0
11	1
2	0
1	0
6	0
1	0
3	0
3	0
1	0
0	0
8	0
5	0
3	0
4	0
2	0
2	0
1	0
5	0
3	0
5	0
4	0
1	0
6	1
5	0
11	0
3	0
3	0
1	0
4	0
0	0
2	0
1	0
4	0
7	0
3	0
5	0
1	0
3	0
4	0
2	0
4	0
6	0
5	0
2	0
4	0
1	0
0	0
2	0
2	0
9	0
4	0
4	0
0	0
2	0
1	0
11	0
2	0
5	0
2	0
3	0
6	0
0	0
3	0
0	0
5	0
1	0
2	3
9	0
3	0
3	0
7	0
2	0
2	0
3	0
0	0
3	0
3	0
1	0
5	0
3	0
3	0
4	0
1	0
1	0
1	0
1	0
3	0
4	0
3	0
3	0
1	0
8	1
3	0
0	0
2	0
4	0
3	0
0	0
6	0
0	0
3	0
2	0
2	0
4	0
1	0
2	0
3	0
6	0
4	0
3	0
3	0
4	0
4	0
3	0
1	0
3	0
0	1
5	0
1	0
3	0
1	0
2	0
4	0
1	0
1	0
3	0
2	0
3	0
7	0
2	0
2	0
1	0
2	0
1	0
2	0
1	0
7	5
0	0
3	0
2	0
1	0
0	0
1	0
6	0
1	0
2	0
3	0
2	0
4	0
3	0
1	0
0	0
3	0
2	0
2	1
3	0
2	0
2	0
5	0
2	0
1	0
0	0
4	0
1	0
1	0
4	0
4	0
1	0
0	0
